-------------gmm-------------
-------------precision-------------
[0.0, 0.034482758620689655, 1.0, 0.030303030303030304, 0.5, 1.0, 1.0, 1.0, 0.16666666666666666, 0.18604651162790697, 0.6666666666666666, 0.6666666666666666, 0.47058823529411764, 0.1111111111111111, 0.1038961038961039, 0.14285714285714285, 0.5, 0.24242424242424243, 0.3076923076923077, 0.32, 0.4, 0.32, 0.38095238095238093, 0.3076923076923077, 0.42105263157894735, 0.36363636363636365, 0.34782608695652173, 0.42105263157894735, 0.5714285714285714, 0.5714285714285714];
[0.0, 0.0, 0.0, 0.0, 0.0, 0.0, 0.0, 0.0, 0.0, 0.0, 0.0, 0.0, 0.0, 0.0, 0.0, 0.2, 0.3, 0.9629629629629629, 0.8181818181818182, 0.9642857142857143, 0.6585365853658537, 0.84375, 0.9642857142857143, 0.7714285714285715, 0.9310344827586207, 0.8461538461538461, 0.9259259259259259, 0.9259259259259259, 0.9615384615384616, 0.9642857142857143];
[0.0, 0.0, 0.27972027972027974, 0.6542056074766355, 0.33480176211453744, 0.316, 0.34234234234234234, 0.3470319634703196, 0.4634146341463415, 0.6347826086956522, 0.4318181818181818, 0.4550898203592814, 0.6031746031746031, 0.6134453781512605, 0.6347826086956522, 0.6239316239316239, 0.43352601156069365, 0.6016260162601627, 0.5251798561151079, 0.6727272727272727, 0.6981132075471698, 0.6033057851239669, 0.6186440677966102, 0.6065573770491803, 0.5873015873015873, 0.6460176991150443, 0.608, 0.6083333333333333, 0.6048387096774194, 0.5683453237410072];
[0.0, 0.0, 0.0, 0.0, 0.0, 0.0, 0.0, 0.0, 0.0, 0.0, 1.0, 0.7142857142857143, 0.7894736842105263, 0.48148148148148145, 0.7222222222222222, 0.7142857142857143, 0.7222222222222222, 0.9444444444444444, 0.7333333333333333, 0.6842105263157895, 0.8, 0.5769230769230769, 0.5555555555555556, 0.9444444444444444, 0.8421052631578947, 0.59375, 0.5348837209302325, 0.7878787878787878, 0.5681818181818182, 0.6136363636363636];
[0.24305555555555555, 0.5714285714285714, 1.0, 0.4527027027027027, 0.6779661016949152, 0.7878787878787878, 0.6981132075471698, 0.6363636363636364, 0.7837837837837838, 0.8421052631578947, 0.8085106382978723, 0.7567567567567568, 0.8125, 0.7222222222222222, 0.6666666666666666, 0.7446808510638298, 0.7333333333333333, 0.7580645161290323, 0.7608695652173914, 0.7246376811594203, 0.7647058823529411, 0.8113207547169812, 0.8245614035087719, 0.8837209302325582, 0.75, 0.7333333333333333, 0.8918918918918919, 0.8214285714285714, 0.782608695652174, 0.9230769230769231];
[0.0, 0.0, 0.0, 0.0, 0.0, 1.0, 0.3333333333333333, 0.3333333333333333, 0.1044776119402985, 0.09722222222222222, 0.1590909090909091, 0.12727272727272726, 0.12727272727272726, 0.4, 0.45454545454545453, 0.4375, 0.5, 0.5, 0.5833333333333334, 0.75, 0.2916666666666667, 0.6363636363636364, 0.7, 0.28, 0.7, 0.5833333333333334, 0.7142857142857143, 0.5833333333333334, 0.4666666666666667, 1.0];
[0.0, 0.0, 0.0, 0.0, 0.0, 0.0, 0.0, 0.0, 0.0, 0.0, 0.0, 0.0, 0.46153846153846156, 0.5, 0.42857142857142855, 0.4166666666666667, 0.6, 0.6666666666666666, 0.5714285714285714, 0.3333333333333333, 0.3181818181818182, 0.4444444444444444, 0.38461538461538464, 0.4444444444444444, 0.5714285714285714, 0.4, 0.4166666666666667, 0.45454545454545453, 0.5555555555555556, 0.5];
[0.0, 0.0, 0.0, 0.0, 0.0, 0.0, 0.0, 0.0, 0.0, 0.0, 0.0, 0.0, 0.0, 0.0, 0.0, 0.0, 0.0, 0.0, 0.0, 0.0, 0.0, 0.0, 0.0, 0.0, 0.0, 0.0, 0.0, 0.0, 0.0, 0.0];
[0.0, 0.0, 0.0, 0.0, 0.0, 0.0, 0.0, 0.0, 0.0, 0.0, 0.0, 0.0, 0.0, 0.0, 0.0, 0.0, 0.0, 0.0, 0.0, 0.0, 0.0, 0.0, 0.0, 0.0, 0.5, 0.5, 0.5, 0.5, 0.5, 0.5];
[0.0, 0.0, 0.0, 0.0, 0.0, 0.0, 0.0, 0.0, 0.0, 0.0, 0.0, 0.0, 0.0, 0.0, 0.0, 0.0, 0.0, 0.0, 0.0, 0.0, 0.0, 0.0, 0.0, 0.0, 0.0, 0.0, 0.0, 0.0, 0.0, 0.0];
[0.0, 0.0, 0.0, 0.0, 0.0, 0.0, 0.0, 0.0, 0.0, 0.0, 0.0, 0.0, 0.0, 0.0, 0.0, 0.0, 0.0, 0.0, 0.0, 0.0, 0.0, 0.0, 0.0, 0.0, 0.0, 0.0, 0.0, 0.0, 0.0, 0.0];
[0.0, 0.0, 0.0, 0.0, 0.0, 0.0, 0.0, 0.0, 0.0, 0.0, 0.0, 0.0, 0.0, 0.0, 0.0, 0.0, 0.0, 0.0, 0.0, 0.0, 0.0, 0.0, 0.0, 0.0, 0.0, 0.0, 0.0, 0.0, 0.0, 0.0];
[0.0, 0.0, 0.0, 0.0, 0.0, 0.0, 0.0, 0.0, 0.0, 0.0, 0.0, 0.0, 0.0, 0.0, 0.0, 0.0, 0.0, 0.0, 0.0, 0.0, 0.0, 0.0, 0.0, 0.0, 0.0, 0.0, 0.0, 0.0, 0.0, 0.0];
[0.0, 0.0, 0.0, 0.0, 0.0, 0.0, 0.0, 0.0, 0.0, 0.0, 0.0, 0.0, 0.0, 0.0, 0.0, 0.0, 0.0, 0.0, 0.0, 0.0, 0.0, 0.0, 0.0, 0.0, 0.0, 0.0, 0.0, 0.0, 0.0, 0.0];
[0.0, 0.0, 0.0, 0.0, 0.0, 0.0, 0.0, 1.0, 0.5, 0.65, 0.8888888888888888, 0.8333333333333334, 0.8, 0.9090909090909091, 1.0, 1.0, 1.0, 1.0, 0.9, 1.0, 1.0, 0.8181818181818182, 1.0, 1.0, 1.0, 1.0, 0.8333333333333334, 1.0, 0.875, 0.8571428571428571];
-------------recall-------------
[0.0, 1.0, 0.125, 0.125, 0.125, 0.125, 0.125, 0.125, 0.125, 1.0, 0.75, 0.75, 1.0, 1.0, 1.0, 1.0, 1.0, 1.0, 1.0, 1.0, 1.0, 1.0, 1.0, 1.0, 1.0, 1.0, 1.0, 1.0, 1.0, 1.0];
[0.0, 0.0, 0.0, 0.0, 0.0, 0.0, 0.0, 0.0, 0.0, 0.0, 0.0, 0.0, 0.0, 0.0, 0.0, 0.07407407407407407, 0.1111111111111111, 0.9629629629629629, 1.0, 1.0, 1.0, 1.0, 1.0, 1.0, 1.0, 0.8148148148148148, 0.9259259259259259, 0.9259259259259259, 0.9259259259259259, 1.0];
[0.0, 0.0, 1.0, 0.875, 0.95, 0.9875, 0.95, 0.95, 0.95, 0.9125, 0.95, 0.95, 0.95, 0.9125, 0.9125, 0.9125, 0.9375, 0.925, 0.9125, 0.925, 0.925, 0.9125, 0.9125, 0.925, 0.925, 0.9125, 0.95, 0.9125, 0.9375, 0.9875];
[0.0, 0.0, 0.0, 0.0, 0.0, 0.0, 0.0, 0.0, 0.0, 0.0, 0.10344827586206896, 0.3448275862068966, 0.5172413793103449, 0.4482758620689655, 0.4482758620689655, 0.5172413793103449, 0.4482758620689655, 0.5862068965517241, 0.3793103448275862, 0.4482758620689655, 0.41379310344827586, 0.5172413793103449, 0.6896551724137931, 0.5862068965517241, 0.5517241379310345, 0.6551724137931034, 0.7931034482758621, 0.896551724137931, 0.8620689655172413, 0.9310344827586207];
[1.0, 0.45714285714285713, 0.014285714285714285, 0.9571428571428572, 0.5714285714285714, 0.37142857142857144, 0.5285714285714286, 0.5, 0.4142857142857143, 0.45714285714285713, 0.5428571428571428, 0.4, 0.5571428571428572, 0.37142857142857144, 0.45714285714285713, 0.5, 0.4714285714285714, 0.6714285714285714, 0.5, 0.7142857142857143, 0.5571428571428572, 0.6142857142857143, 0.6714285714285714, 0.5428571428571428, 0.7285714285714285, 0.6285714285714286, 0.4714285714285714, 0.6571428571428571, 0.5142857142857142, 0.5142857142857142];
[0.0, 0.0, 0.0, 0.0, 0.0, 0.5714285714285714, 0.5714285714285714, 0.5714285714285714, 1.0, 1.0, 1.0, 1.0, 1.0, 0.8571428571428571, 0.7142857142857143, 1.0, 0.7142857142857143, 0.5714285714285714, 1.0, 0.8571428571428571, 1.0, 1.0, 1.0, 1.0, 1.0, 1.0, 0.7142857142857143, 1.0, 1.0, 0.8571428571428571];
[0.0, 0.0, 0.0, 0.0, 0.0, 0.0, 0.0, 0.0, 0.0, 0.0, 0.0, 0.0, 0.42857142857142855, 0.2857142857142857, 0.42857142857142855, 0.35714285714285715, 0.21428571428571427, 0.2857142857142857, 0.2857142857142857, 0.5, 0.5, 0.2857142857142857, 0.35714285714285715, 0.2857142857142857, 0.2857142857142857, 0.42857142857142855, 0.35714285714285715, 0.35714285714285715, 0.35714285714285715, 0.07142857142857142];
[0.0, 0.0, 0.0, 0.0, 0.0, 0.0, 0.0, 0.0, 0.0, 0.0, 0.0, 0.0, 0.0, 0.0, 0.0, 0.0, 0.0, 0.0, 0.0, 0.0, 0.0, 0.0, 0.0, 0.0, 0.0, 0.0, 0.0, 0.0, 0.0, 0.0];
[0.0, 0.0, 0.0, 0.0, 0.0, 0.0, 0.0, 0.0, 0.0, 0.0, 0.0, 0.0, 0.0, 0.0, 0.0, 0.0, 0.0, 0.0, 0.0, 0.0, 0.0, 0.0, 0.0, 0.0, 0.1111111111111111, 0.1111111111111111, 0.1111111111111111, 0.1111111111111111, 0.1111111111111111, 0.1111111111111111];
[0.0, 0.0, 0.0, 0.0, 0.0, 0.0, 0.0, 0.0, 0.0, 0.0, 0.0, 0.0, 0.0, 0.0, 0.0, 0.0, 0.0, 0.0, 0.0, 0.0, 0.0, 0.0, 0.0, 0.0, 0.0, 0.0, 0.0, 0.0, 0.0, 0.0];
[0.0, 0.0, 0.0, 0.0, 0.0, 0.0, 0.0, 0.0, 0.0, 0.0, 0.0, 0.0, 0.0, 0.0, 0.0, 0.0, 0.0, 0.0, 0.0, 0.0, 0.0, 0.0, 0.0, 0.0, 0.0, 0.0, 0.0, 0.0, 0.0, 0.0];
[0.0, 0.0, 0.0, 0.0, 0.0, 0.0, 0.0, 0.0, 0.0, 0.0, 0.0, 0.0, 0.0, 0.0, 0.0, 0.0, 0.0, 0.0, 0.0, 0.0, 0.0, 0.0, 0.0, 0.0, 0.0, 0.0, 0.0, 0.0, 0.0, 0.0];
[0.0, 0.0, 0.0, 0.0, 0.0, 0.0, 0.0, 0.0, 0.0, 0.0, 0.0, 0.0, 0.0, 0.0, 0.0, 0.0, 0.0, 0.0, 0.0, 0.0, 0.0, 0.0, 0.0, 0.0, 0.0, 0.0, 0.0, 0.0, 0.0, 0.0];
[0.0, 0.0, 0.0, 0.0, 0.0, 0.0, 0.0, 0.0, 0.0, 0.0, 0.0, 0.0, 0.0, 0.0, 0.0, 0.0, 0.0, 0.0, 0.0, 0.0, 0.0, 0.0, 0.0, 0.0, 0.0, 0.0, 0.0, 0.0, 0.0, 0.0];
[0.0, 0.0, 0.0, 0.0, 0.0, 0.0, 0.0, 0.07692307692307693, 0.5384615384615384, 1.0, 0.6153846153846154, 0.38461538461538464, 0.6153846153846154, 0.7692307692307693, 0.38461538461538464, 0.6923076923076923, 0.8461538461538461, 0.8461538461538461, 0.6923076923076923, 0.6153846153846154, 0.6923076923076923, 0.6923076923076923, 0.38461538461538464, 0.7692307692307693, 0.6153846153846154, 0.46153846153846156, 0.7692307692307693, 0.6153846153846154, 0.5384615384615384, 0.9230769230769231];
ex in each itr:array([  6.,   1.,   4.,   6.,   4.,   7.,   7.,  21.,   7.,   1.,   5.,
         5.,   8.,   1.,   6.,   2.,   4.,   2.,   2.,   6.,   7.,   5.,
         6.,   6.,  10.,   5.,   5.,   6.,  21.,   4.])
array([  1.,   2.,   4.,   5.,   6.,   7.,   8.,   9.,  10.,  11.,  12.,
        13.,  17.,  18.,  21.])
-------------gmm-------------
-------------precision-------------
[0.0, 0.0, 0.0, 0.042105263157894736, 0.04419889502762431, 0.04081632653061224, 0.04395604395604396, 0.0392156862745098, 0.044444444444444446, 0.044444444444444446, 0.17073170731707318, 0.041666666666666664, 0.06504065040650407, 0.14583333333333334, 0.16666666666666666, 0.27586206896551724, 0.1111111111111111, 0.4, 0.3888888888888889, 0.125, 0.3333333333333333, 0.4666666666666667, 0.6363636363636364, 0.32, 0.42105263157894735, 0.3076923076923077, 0.2962962962962963, 0.47058823529411764, 0.4444444444444444, 0.4444444444444444];
[0.0, 0.0, 0.15, 0.6666666666666666, 0.16666666666666666, 0.2727272727272727, 0.16216216216216217, 0.35714285714285715, 0.20833333333333334, 0.8, 0.625, 1.0, 1.0, 1.0, 0.5714285714285714, 0.7142857142857143, 1.0, 0.9, 0.9, 0.75, 0.6818181818181818, 0.96, 0.9615384615384616, 0.9047619047619048, 0.9642857142857143, 0.96, 0.92, 0.9642857142857143, 0.9642857142857143, 0.9642857142857143];
[0.0, 0.3062015503875969, 0.329004329004329, 0.813953488372093, 0.7948717948717948, 1.0, 0.9, 0.6666666666666666, 0.9473684210526315, 0.9393939393939394, 0.972972972972973, 0.6666666666666666, 0.8888888888888888, 0.5703125, 0.578125, 0.5538461538461539, 0.6759259259259259, 0.6048387096774194, 0.6979166666666666, 0.7156862745098039, 0.6186440677966102, 0.6796116504854369, 0.6403508771929824, 0.7934782608695652, 0.6293103448275862, 0.646551724137931, 0.6097560975609756, 0.8823529411764706, 0.6147540983606558, 0.635593220338983];
[0.0, 0.0, 0.0, 0.0, 0.1111111111111111, 0.2962962962962963, 1.0, 0.25, 0.5, 0.32, 0.37037037037037035, 0.43478260869565216, 0.29577464788732394, 0.4230769230769231, 0.41509433962264153, 0.2727272727272727, 0.3617021276595745, 0.40816326530612246, 0.4473684210526316, 0.38461538461538464, 0.875, 0.3442622950819672, 0.4716981132075472, 0.4, 0.4918032786885246, 0.45614035087719296, 0.5576923076923077, 0.6086956521739131, 0.6136363636363636, 0.46875];
[0.0, 0.0, 0.0, 0.0, 0.0, 0.0, 0.0, 1.0, 1.0, 1.0, 0.35443037974683544, 0.8571428571428571, 0.7272727272727273, 0.84, 0.8214285714285714, 0.6451612903225806, 0.6451612903225806, 0.725, 0.6075949367088608, 0.6875, 0.631578947368421, 0.671875, 0.7096774193548387, 0.5522388059701493, 0.926829268292683, 0.8048780487804879, 1.0, 0.5, 0.78, 0.9166666666666666];
[0.024390243902439025, 0.13793103448275862, 0.25, 0.19047619047619047, 1.0, 0.15384615384615385, 0.2222222222222222, 0.3333333333333333, 0.16666666666666666, 0.2, 0.6666666666666666, 0.6666666666666666, 1.0, 0.4, 0.3333333333333333, 1.0, 1.0, 1.0, 1.0, 0.7142857142857143, 0.6666666666666666, 1.0, 0.8, 0.6666666666666666, 0.8333333333333334, 1.0, 0.5714285714285714, 1.0, 0.3076923076923077, 0.6666666666666666];
[0.0, 0.0, 0.0, 0.0, 0.0, 0.0, 0.0, 0.0, 0.0, 0.0, 0.0, 0.0, 0.0, 0.0, 0.0, 0.0, 0.0, 0.0, 0.0, 0.0, 0.0, 0.0, 0.0, 0.0, 0.0, 0.0, 0.0, 0.0, 0.0, 0.0];
[0.0, 0.0, 0.0, 0.0, 0.0, 0.0, 0.0, 0.0, 0.0, 0.0, 0.0, 0.0, 0.0, 0.0, 0.0, 0.0, 0.0, 0.0, 0.0, 0.0, 0.0, 0.0, 0.0, 0.0, 0.0, 0.0, 0.0, 0.0, 0.0, 0.0];
[0.0, 0.0, 0.0, 0.0, 0.0, 0.0, 0.0, 0.0, 0.0, 0.0, 0.0, 0.0, 0.0, 0.0, 0.0, 0.0, 0.0, 0.0, 0.0, 0.0, 0.0, 0.0, 0.0, 0.0, 0.0, 0.0, 0.0, 0.0, 0.0, 0.0];
[0.0, 0.0, 0.0, 0.0, 0.0, 0.0, 0.0, 0.0, 0.0, 0.0, 0.0, 0.0, 0.0, 0.0, 1.0, 0.0, 0.0, 0.0, 0.0, 0.0, 0.0, 0.0, 0.0, 0.0, 0.0, 0.0, 0.0, 0.0, 0.0, 0.0];
[0.0, 0.0, 0.0, 0.0, 0.0, 0.0, 0.0, 0.0, 0.0, 0.0, 0.0, 0.0, 0.0, 0.0, 0.0, 0.0, 1.0, 1.0, 0.4, 0.8333333333333334, 1.0, 0.625, 1.0, 0.7142857142857143, 1.0, 1.0, 1.0, 1.0, 1.0, 1.0];
[0.0, 0.0, 0.0, 0.0, 0.0, 0.0, 0.0, 0.0, 0.0, 0.0, 0.0, 0.0, 0.0, 0.0, 0.0, 0.0, 0.0, 0.0, 0.0, 0.0, 0.0, 0.0, 0.0, 0.0, 0.0, 0.0, 0.0, 0.0, 0.0, 0.0];
[0.0, 0.0, 0.0, 0.0, 0.0, 0.0, 0.0, 0.0, 0.0, 0.0, 0.0, 0.0, 0.0, 0.0, 0.0, 0.0, 0.0, 0.0, 0.0, 0.0, 0.0, 0.0, 0.0, 0.0, 0.0, 0.0, 0.0, 0.0, 0.0, 0.0];
[0.0, 0.0, 0.0, 0.0, 0.0, 0.0, 0.0, 0.0, 0.0, 0.0, 0.0, 0.0, 0.0, 0.0, 0.0, 0.0, 0.0, 0.0, 0.0, 0.0, 0.0, 0.0, 0.0, 0.0, 0.0, 0.0, 0.0, 0.0, 0.0, 0.0];
[0.0, 0.0, 0.0, 0.0, 0.0, 0.2, 0.23076923076923078, 0.15789473684210525, 0.16666666666666666, 0.21052631578947367, 0.23076923076923078, 0.46153846153846156, 0.75, 0.5217391304347826, 0.75, 1.0, 0.6470588235294118, 0.6470588235294118, 0.6666666666666666, 0.9166666666666666, 0.4782608695652174, 1.0, 1.0, 1.0, 1.0, 1.0, 1.0, 0.875, 1.0, 0.8333333333333334];
-------------recall-------------
[0.0, 0.0, 0.0, 1.0, 1.0, 1.0, 1.0, 1.0, 1.0, 1.0, 0.875, 1.0, 1.0, 0.875, 1.0, 1.0, 1.0, 1.0, 0.875, 1.0, 0.875, 0.875, 0.875, 1.0, 1.0, 1.0, 1.0, 1.0, 1.0, 1.0];
[0.0, 0.0, 0.2222222222222222, 0.8148148148148148, 0.2222222222222222, 0.2222222222222222, 0.2222222222222222, 0.18518518518518517, 0.18518518518518517, 0.14814814814814814, 0.18518518518518517, 0.18518518518518517, 0.2222222222222222, 0.2222222222222222, 0.14814814814814814, 0.18518518518518517, 0.18518518518518517, 1.0, 1.0, 0.3333333333333333, 0.5555555555555556, 0.8888888888888888, 0.9259259259259259, 0.7037037037037037, 1.0, 0.8888888888888888, 0.8518518518518519, 1.0, 1.0, 1.0];
[0.0, 1.0, 0.9620253164556962, 0.4430379746835443, 0.3924050632911392, 0.05063291139240506, 0.45569620253164556, 0.0759493670886076, 0.45569620253164556, 0.3924050632911392, 0.45569620253164556, 0.02531645569620253, 0.4050632911392405, 0.9240506329113924, 0.9367088607594937, 0.9113924050632911, 0.9240506329113924, 0.9493670886075949, 0.8481012658227848, 0.9240506329113924, 0.9240506329113924, 0.8860759493670886, 0.9240506329113924, 0.9240506329113924, 0.9240506329113924, 0.9493670886075949, 0.9493670886075949, 0.9493670886075949, 0.9493670886075949, 0.9493670886075949];
[0.0, 0.0, 0.0, 0.0, 0.1, 0.26666666666666666, 0.2, 0.23333333333333334, 0.1, 0.26666666666666666, 0.3333333333333333, 0.3333333333333333, 0.7, 0.7333333333333333, 0.7333333333333333, 0.7, 0.5666666666666667, 0.6666666666666666, 0.5666666666666667, 0.6666666666666666, 0.4666666666666667, 0.7, 0.8333333333333334, 0.8, 1.0, 0.8666666666666667, 0.9666666666666667, 0.9333333333333333, 0.9, 1.0];
[0.0, 0.0, 0.0, 0.0, 0.0, 0.0, 0.0, 0.1, 0.3, 0.21428571428571427, 0.8, 0.42857142857142855, 0.34285714285714286, 0.3, 0.32857142857142857, 0.2857142857142857, 0.2857142857142857, 0.4142857142857143, 0.6857142857142857, 0.3142857142857143, 0.6857142857142857, 0.6142857142857143, 0.6285714285714286, 0.5285714285714286, 0.5428571428571428, 0.4714285714285714, 0.5142857142857142, 0.6714285714285714, 0.5571428571428572, 0.4714285714285714];
[1.0, 0.5714285714285714, 0.5714285714285714, 0.5714285714285714, 0.5714285714285714, 0.2857142857142857, 0.2857142857142857, 0.2857142857142857, 0.2857142857142857, 0.2857142857142857, 0.2857142857142857, 0.2857142857142857, 0.2857142857142857, 0.2857142857142857, 0.2857142857142857, 0.2857142857142857, 0.2857142857142857, 0.2857142857142857, 0.42857142857142855, 0.7142857142857143, 0.5714285714285714, 0.5714285714285714, 0.5714285714285714, 0.5714285714285714, 0.7142857142857143, 0.5714285714285714, 0.5714285714285714, 0.5714285714285714, 0.5714285714285714, 0.5714285714285714];
[0.0, 0.0, 0.0, 0.0, 0.0, 0.0, 0.0, 0.0, 0.0, 0.0, 0.0, 0.0, 0.0, 0.0, 0.0, 0.0, 0.0, 0.0, 0.0, 0.0, 0.0, 0.0, 0.0, 0.0, 0.0, 0.0, 0.0, 0.0, 0.0, 0.0];
[0.0, 0.0, 0.0, 0.0, 0.0, 0.0, 0.0, 0.0, 0.0, 0.0, 0.0, 0.0, 0.0, 0.0, 0.0, 0.0, 0.0, 0.0, 0.0, 0.0, 0.0, 0.0, 0.0, 0.0, 0.0, 0.0, 0.0, 0.0, 0.0, 0.0];
[0.0, 0.0, 0.0, 0.0, 0.0, 0.0, 0.0, 0.0, 0.0, 0.0, 0.0, 0.0, 0.0, 0.0, 0.0, 0.0, 0.0, 0.0, 0.0, 0.0, 0.0, 0.0, 0.0, 0.0, 0.0, 0.0, 0.0, 0.0, 0.0, 0.0];
[0.0, 0.0, 0.0, 0.0, 0.0, 0.0, 0.0, 0.0, 0.0, 0.0, 0.0, 0.0, 0.0, 0.0, 0.14285714285714285, 0.0, 0.0, 0.0, 0.0, 0.0, 0.0, 0.0, 0.0, 0.0, 0.0, 0.0, 0.0, 0.0, 0.0, 0.0];
[0.0, 0.0, 0.0, 0.0, 0.0, 0.0, 0.0, 0.0, 0.0, 0.0, 0.0, 0.0, 0.0, 0.0, 0.0, 0.0, 0.5, 0.5, 0.4, 0.5, 0.5, 0.5, 0.5, 0.5, 0.5, 0.5, 0.5, 0.5, 0.5, 0.4];
[0.0, 0.0, 0.0, 0.0, 0.0, 0.0, 0.0, 0.0, 0.0, 0.0, 0.0, 0.0, 0.0, 0.0, 0.0, 0.0, 0.0, 0.0, 0.0, 0.0, 0.0, 0.0, 0.0, 0.0, 0.0, 0.0, 0.0, 0.0, 0.0, 0.0];
[0.0, 0.0, 0.0, 0.0, 0.0, 0.0, 0.0, 0.0, 0.0, 0.0, 0.0, 0.0, 0.0, 0.0, 0.0, 0.0, 0.0, 0.0, 0.0, 0.0, 0.0, 0.0, 0.0, 0.0, 0.0, 0.0, 0.0, 0.0, 0.0, 0.0];
[0.0, 0.0, 0.0, 0.0, 0.0, 0.0, 0.0, 0.0, 0.0, 0.0, 0.0, 0.0, 0.0, 0.0, 0.0, 0.0, 0.0, 0.0, 0.0, 0.0, 0.0, 0.0, 0.0, 0.0, 0.0, 0.0, 0.0, 0.0, 0.0, 0.0];
[0.0, 0.0, 0.0, 0.0, 0.0, 0.4166666666666667, 0.25, 0.25, 0.08333333333333333, 0.3333333333333333, 0.25, 1.0, 1.0, 1.0, 1.0, 0.8333333333333334, 0.9166666666666666, 0.9166666666666666, 0.5, 0.9166666666666666, 0.9166666666666666, 0.5833333333333334, 0.9166666666666666, 0.75, 0.9166666666666666, 1.0, 1.0, 0.5833333333333334, 0.5833333333333334, 0.8333333333333334];
ex in each itr:array([  7.,   4.,   2.,   1.,   5.,  21.,   1.,   6.,   6.,   5.,   6.,
        21.,   5.,   4.,  11.,   6.,  12.,   2.,   7.,   7.,   6.,   5.,
         5.,   1.,   5.,   4.,   6.,   2.,   5.,   2.])
array([  1.,   2.,   4.,   5.,   6.,   7.,   8.,   9.,  10.,  11.,  12.,
        13.,  17.,  19.,  21.])
acc using gmm: [0.68402777777777779, 0.66550522648083621]
acc using gmm ex: 0.674766502129-0.00926127564847
-------------random-------------
-------------precision-------------
[0.027777777777777776, 0.05825242718446602, 0.6666666666666666, 0.2, 0.6666666666666666, 0.18181818181818182, 0.6666666666666666, 0.5, 0.6666666666666666, 0.5, 0.6666666666666666, 0.5, 0.6666666666666666, 0.6666666666666666, 0.6666666666666666, 0.6666666666666666, 0.6666666666666666, 0.5, 0.5, 0.6666666666666666, 0.6666666666666666, 0.6666666666666666, 0.6666666666666666, 0.6, 0.625, 0.4444444444444444, 0.6666666666666666, 0.6666666666666666, 0.6, 0.6];
[0.0, 0.0, 0.0, 0.0, 0.45614035087719296, 0.24390243902439024, 0.4, 0.06666666666666667, 0.11764705882352941, 0.09090909090909091, 1.0, 0.6923076923076923, 0.9642857142857143, 0.5510204081632653, 0.6923076923076923, 0.75, 0.9642857142857143, 0.9642857142857143, 0.9642857142857143, 0.8709677419354839, 0.9642857142857143, 0.84375, 0.9642857142857143, 0.9642857142857143, 0.9642857142857143, 0.9642857142857143, 0.9642857142857143, 0.9642857142857143, 0.9642857142857143, 0.9642857142857143];
[0.0, 0.0, 0.0, 0.7407407407407407, 0.9090909090909091, 0.5, 0.4, 0.33191489361702126, 0.3391304347826087, 0.36792452830188677, 0.36199095022624433, 0.47619047619047616, 0.4020100502512563, 0.4588235294117647, 0.6578947368421053, 0.6260162601626016, 0.4, 0.5095541401273885, 0.46511627906976744, 0.583941605839416, 0.6451612903225806, 0.5555555555555556, 0.5063291139240507, 0.5633802816901409, 0.54421768707483, 0.6779661016949152, 0.547945205479452, 0.583941605839416, 0.583941605839416, 0.6451612903225806];
[0.0, 0.0, 0.0, 0.0, 0.0, 0.0, 0.1111111111111111, 0.25, 0.2857142857142857, 0.4482758620689655, 0.42857142857142855, 0.39285714285714285, 0.3333333333333333, 0.30434782608695654, 0.30434782608695654, 0.3333333333333333, 0.30434782608695654, 0.4411764705882353, 0.4117647058823529, 0.5151515151515151, 0.5333333333333333, 0.5319148936170213, 0.5625, 0.6086956521739131, 0.5384615384615384, 0.6129032258064516, 0.5, 0.5227272727272727, 0.5405405405405406, 0.5675675675675675];
[0.0, 0.34054054054054056, 0.896551724137931, 1.0, 1.0, 1.0, 1.0, 1.0, 0.875, 1.0, 1.0, 0.9090909090909091, 1.0, 0.8064516129032258, 0.5714285714285714, 0.575, 0.9666666666666667, 0.7272727272727273, 0.9, 0.7450980392156863, 0.6219512195121951, 0.8648648648648649, 0.640625, 0.632183908045977, 0.8297872340425532, 0.654320987654321, 0.8378378378378378, 0.8837209302325582, 0.7755102040816326, 0.68];
[0.0, 0.0, 0.0, 0.0, 0.0, 0.0, 0.0, 0.0, 0.0, 0.0, 0.0, 0.0, 0.0, 0.0, 0.0, 0.0, 0.0, 0.0, 0.0, 0.0, 0.0, 0.0, 0.0, 0.0, 0.0, 0.0, 0.0, 0.0, 0.0, 0.0];
[0.0, 0.0, 0.0, 0.0, 0.0, 0.0, 0.0, 0.0, 0.0, 0.0, 0.0, 0.0, 0.0, 0.0, 0.0, 0.0, 0.0, 0.0, 0.0, 1.0, 0.5, 1.0, 1.0, 0.0, 0.0, 0.0, 0.0, 1.0, 0.0, 0.0];
[0.0, 0.0, 0.0, 0.0, 0.0, 0.0, 0.0, 0.0, 0.0, 0.0, 0.0, 0.0, 0.0, 0.0, 0.6, 0.5, 0.5, 0.0, 0.0, 0.42857142857142855, 0.6, 0.4, 0.0, 0.0, 0.42857142857142855, 0.5, 0.42857142857142855, 0.6, 0.3333333333333333, 0.5714285714285714];
[0.0, 0.0, 0.0, 0.0, 0.0, 0.0, 0.0, 0.0, 0.0, 0.0, 0.0, 0.0, 0.0, 0.0, 0.0, 0.0, 0.0, 0.0, 0.0, 0.0, 0.0, 0.0, 0.0, 0.0, 0.0, 0.0, 0.0, 0.0, 0.0, 0.0];
[0.0, 0.0, 0.0, 0.0, 0.0, 0.0, 0.0, 0.0, 0.0, 0.0, 0.0, 0.0, 0.0, 0.0, 0.0, 0.0, 0.0, 0.0, 0.0, 0.0, 0.0, 0.0, 0.0, 0.0, 0.0, 0.42857142857142855, 0.0, 1.0, 0.2857142857142857, 1.0];
[0.0, 0.0, 0.0390625, 0.029850746268656716, 0.059880239520958084, 0.07407407407407407, 0.13333333333333333, 0.0, 0.0, 0.0, 0.23076923076923078, 0.14814814814814814, 0.125, 0.25, 0.2, 0.25, 0.5, 0.18181818181818182, 0.19047619047619047, 0.2222222222222222, 0.21428571428571427, 0.4444444444444444, 1.0, 0.5, 0.2727272727272727, 0.3333333333333333, 0.14285714285714285, 0.25, 0.21052631578947367, 0.2];
[0.0, 0.0, 0.0, 0.0, 0.0, 0.0, 0.0, 0.0, 0.0, 0.0, 0.0, 0.0, 0.0, 0.0, 0.0, 0.0, 0.0, 0.0, 0.0, 0.0, 0.0, 0.0, 0.0, 0.0, 0.0, 0.0, 0.0, 0.0, 0.0, 0.0];
[0.0, 0.0, 0.0, 0.0, 0.0, 0.0, 0.0, 0.0, 0.0, 0.0, 0.0, 0.0, 0.0, 0.0, 0.0, 0.0, 0.0, 0.0, 0.0, 0.0, 0.0, 0.0, 0.0, 0.0, 0.0, 0.0, 0.0, 0.0, 0.0, 0.0];
[0.0, 0.0, 0.0, 0.0, 0.0, 0.0, 0.0, 0.0, 0.0, 0.0, 0.0, 0.0, 0.0, 0.0, 0.0, 0.0, 0.0, 0.0, 0.0, 0.0, 0.0, 0.0, 0.0, 0.0, 0.0, 0.0, 0.0, 0.0, 0.0, 0.0];
[0.0, 0.0, 0.0, 0.0, 0.0, 0.0, 0.0, 0.0, 0.0, 0.0, 0.0, 0.0, 0.0, 0.0, 0.0, 0.0, 0.0, 0.0, 0.0, 0.0, 0.0, 0.0, 0.0, 0.0, 0.0, 0.0, 0.0, 0.0, 0.0, 0.0];
-------------recall-------------
[1.0, 0.75, 0.25, 0.5, 0.25, 0.25, 0.25, 0.125, 0.25, 0.125, 0.25, 0.25, 0.25, 0.25, 0.25, 0.25, 0.25, 0.125, 0.125, 0.25, 0.25, 0.25, 0.25, 0.375, 0.625, 0.5, 0.5, 0.75, 0.375, 0.375];
[0.0, 0.0, 0.0, 0.0, 0.9629629629629629, 0.7407407407407407, 0.7407407407407407, 0.07407407407407407, 0.07407407407407407, 0.07407407407407407, 0.14814814814814814, 1.0, 1.0, 1.0, 1.0, 1.0, 1.0, 1.0, 1.0, 1.0, 1.0, 1.0, 1.0, 1.0, 1.0, 1.0, 1.0, 1.0, 1.0, 1.0];
[0.0, 0.0, 0.0, 0.5, 0.5, 0.9, 1.0, 0.975, 0.975, 0.975, 1.0, 1.0, 1.0, 0.975, 0.9375, 0.9625, 1.0, 1.0, 1.0, 1.0, 1.0, 1.0, 1.0, 1.0, 1.0, 1.0, 1.0, 1.0, 1.0, 1.0];
[0.0, 0.0, 0.0, 0.0, 0.0, 0.0, 0.034482758620689655, 0.06896551724137931, 0.13793103448275862, 0.4482758620689655, 0.41379310344827586, 0.3793103448275862, 0.27586206896551724, 0.2413793103448276, 0.2413793103448276, 0.27586206896551724, 0.2413793103448276, 0.5172413793103449, 0.4827586206896552, 0.5862068965517241, 0.5517241379310345, 0.8620689655172413, 0.6206896551724138, 0.4827586206896552, 0.7241379310344828, 0.6551724137931034, 0.8620689655172413, 0.7931034482758621, 0.6896551724137931, 0.7241379310344828];
[0.0, 0.9, 0.37142857142857144, 0.18571428571428572, 0.24285714285714285, 0.34285714285714286, 0.15714285714285714, 0.1, 0.3, 0.24285714285714285, 0.2714285714285714, 0.2857142857142857, 0.37142857142857144, 0.35714285714285715, 0.6857142857142857, 0.6571428571428571, 0.4142857142857143, 0.5714285714285714, 0.38571428571428573, 0.5428571428571428, 0.7285714285714285, 0.45714285714285713, 0.5857142857142857, 0.7857142857142857, 0.5571428571428572, 0.7571428571428571, 0.44285714285714284, 0.5428571428571428, 0.5428571428571428, 0.7285714285714285];
[0.0, 0.0, 0.0, 0.0, 0.0, 0.0, 0.0, 0.0, 0.0, 0.0, 0.0, 0.0, 0.0, 0.0, 0.0, 0.0, 0.0, 0.0, 0.0, 0.0, 0.0, 0.0, 0.0, 0.0, 0.0, 0.0, 0.0, 0.0, 0.0, 0.0];
[0.0, 0.0, 0.0, 0.0, 0.0, 0.0, 0.0, 0.0, 0.0, 0.0, 0.0, 0.0, 0.0, 0.0, 0.0, 0.0, 0.0, 0.0, 0.0, 0.07142857142857142, 0.07142857142857142, 0.07142857142857142, 0.07142857142857142, 0.0, 0.0, 0.0, 0.0, 0.07142857142857142, 0.0, 0.0];
[0.0, 0.0, 0.0, 0.0, 0.0, 0.0, 0.0, 0.0, 0.0, 0.0, 0.0, 0.0, 0.0, 0.0, 0.8571428571428571, 0.42857142857142855, 0.14285714285714285, 0.0, 0.0, 0.8571428571428571, 0.42857142857142855, 0.8571428571428571, 0.0, 0.0, 0.42857142857142855, 0.14285714285714285, 0.8571428571428571, 0.42857142857142855, 0.2857142857142857, 0.5714285714285714];
[0.0, 0.0, 0.0, 0.0, 0.0, 0.0, 0.0, 0.0, 0.0, 0.0, 0.0, 0.0, 0.0, 0.0, 0.0, 0.0, 0.0, 0.0, 0.0, 0.0, 0.0, 0.0, 0.0, 0.0, 0.0, 0.0, 0.0, 0.0, 0.0, 0.0];
[0.0, 0.0, 0.0, 0.0, 0.0, 0.0, 0.0, 0.0, 0.0, 0.0, 0.0, 0.0, 0.0, 0.0, 0.0, 0.0, 0.0, 0.0, 0.0, 0.0, 0.0, 0.0, 0.0, 0.0, 0.0, 0.375, 0.0, 0.125, 0.25, 0.25];
[0.0, 0.0, 1.0, 0.6, 1.0, 0.2, 0.2, 0.0, 0.0, 0.0, 0.3, 0.4, 0.1, 0.3, 0.3, 0.4, 0.1, 0.2, 0.4, 0.4, 0.3, 0.4, 0.1, 0.1, 0.3, 0.4, 0.1, 0.5, 0.4, 0.2];
[0.0, 0.0, 0.0, 0.0, 0.0, 0.0, 0.0, 0.0, 0.0, 0.0, 0.0, 0.0, 0.0, 0.0, 0.0, 0.0, 0.0, 0.0, 0.0, 0.0, 0.0, 0.0, 0.0, 0.0, 0.0, 0.0, 0.0, 0.0, 0.0, 0.0];
[0.0, 0.0, 0.0, 0.0, 0.0, 0.0, 0.0, 0.0, 0.0, 0.0, 0.0, 0.0, 0.0, 0.0, 0.0, 0.0, 0.0, 0.0, 0.0, 0.0, 0.0, 0.0, 0.0, 0.0, 0.0, 0.0, 0.0, 0.0, 0.0, 0.0];
[0.0, 0.0, 0.0, 0.0, 0.0, 0.0, 0.0, 0.0, 0.0, 0.0, 0.0, 0.0, 0.0, 0.0, 0.0, 0.0, 0.0, 0.0, 0.0, 0.0, 0.0, 0.0, 0.0, 0.0, 0.0, 0.0, 0.0, 0.0, 0.0, 0.0];
[0.0, 0.0, 0.0, 0.0, 0.0, 0.0, 0.0, 0.0, 0.0, 0.0, 0.0, 0.0, 0.0, 0.0, 0.0, 0.0, 0.0, 0.0, 0.0, 0.0, 0.0, 0.0, 0.0, 0.0, 0.0, 0.0, 0.0, 0.0, 0.0, 0.0];
ex in each itr:array([  1.,   6.,  12.,   4.,   2.,   4.,   5.,   4.,   4.,   5.,  12.,
         2.,   6.,   2.,   9.,   6.,   4.,   5.,   8.,   6.,   6.,   5.,
         1.,   1.,   4.,  11.,   4.,   4.,   2.,   6.])
array([  1.,   2.,   4.,   5.,   6.,   7.,   8.,   9.,  10.,  11.,  12.,
        13.,  17.,  18.,  21.])
-------------random-------------
-------------precision-------------
[0.0, 0.0, 0.0, 0.0, 0.0, 0.0, 0.0, 0.0, 0.0, 0.0, 0.0, 0.0, 0.0, 0.0, 0.0, 0.0, 0.0, 0.0, 0.0, 0.0, 0.0, 0.0, 0.0, 0.0, 0.0, 0.0, 0.0, 0.0, 0.0, 0.0];
[0.09407665505226481, 0.10227272727272728, 0.36363636363636365, 0.3157894736842105, 0.84, 0.2619047619047619, 0.2830188679245283, 0.875, 0.9375, 0.9090909090909091, 0.9333333333333333, 0.9, 0.9444444444444444, 0.9473684210526315, 0.9642857142857143, 0.9375, 1.0, 1.0, 1.0, 1.0, 1.0, 1.0, 1.0, 1.0, 1.0, 1.0, 0.0, 1.0, 1.0, 1.0];
[0.0, 0.0, 0.23157894736842105, 0.24561403508771928, 0.5068493150684932, 0.5606060606060606, 0.9722222222222222, 0.5897435897435898, 0.5032679738562091, 0.43258426966292135, 0.5273972602739726, 0.6410256410256411, 0.6178861788617886, 0.5984848484848485, 0.4906832298136646, 0.6410256410256411, 0.625, 0.6220472440944882, 0.5231788079470199, 0.6171875, 0.5851851851851851, 0.47878787878787876, 0.541095890410959, 0.6220472440944882, 0.6470588235294118, 0.6416666666666667, 0.6666666666666666, 0.6311475409836066, 0.652542372881356, 0.5877862595419847];
[0.0, 0.0, 0.0, 0.0, 0.0, 0.0, 0.0, 0.0, 0.0, 0.0, 0.0, 0.0, 0.0, 0.0, 0.0, 0.0, 0.0, 0.0, 0.0, 0.0, 0.0, 0.0, 0.0, 0.0, 0.0, 1.0, 1.0, 1.0, 1.0, 1.0];
[0.0, 1.0, 0.9032258064516129, 1.0, 0.47368421052631576, 0.48514851485148514, 0.3670212765957447, 0.47586206896551725, 0.5818181818181818, 0.5465116279069767, 0.5096153846153846, 0.49264705882352944, 0.5196850393700787, 0.5818181818181818, 0.6666666666666666, 0.4962962962962963, 0.4722222222222222, 0.5196850393700787, 0.5, 0.5074626865671642, 0.6055045871559633, 0.5543478260869565, 0.5350877192982456, 0.4888888888888889, 0.5307692307692308, 0.5074626865671642, 0.48936170212765956, 0.5074626865671642, 0.5190839694656488, 0.5789473684210527];
[0.0, 0.0, 0.0, 0.0, 0.0, 0.0, 0.0, 0.0, 0.0, 0.0, 0.0, 0.0, 0.0, 0.0, 0.0, 0.0, 0.0, 0.0, 0.0, 0.0, 0.0, 0.0, 0.0, 0.0, 0.0, 0.0, 0.0, 0.0, 0.0, 0.0];
[0.0, 0.0, 0.0, 0.0, 0.0, 0.0, 0.0, 0.0, 0.0, 0.0, 0.6428571428571429, 0.4166666666666667, 0.6428571428571429, 0.46153846153846156, 0.5, 0.5833333333333334, 0.5833333333333334, 0.5882352941176471, 0.6428571428571429, 0.5, 0.6428571428571429, 0.6428571428571429, 0.5833333333333334, 0.5, 0.6153846153846154, 0.6153846153846154, 0.6153846153846154, 0.6153846153846154, 0.6428571428571429, 1.0];
[0.0, 0.0, 0.0, 0.0, 0.0, 0.0, 0.0, 0.0, 0.0, 0.0, 0.0, 0.0, 0.0, 0.0, 0.0, 0.0, 0.0, 0.0, 0.0, 0.0, 0.0, 0.0, 0.0, 0.0, 0.0, 0.0, 0.0, 0.0, 0.0, 0.0];
[0.0, 0.0, 0.0, 0.38095238095238093, 0.38095238095238093, 0.35, 0.0, 0.5, 0.5, 1.0, 1.0, 0.6666666666666666, 1.0, 0.6666666666666666, 0.0, 0.6666666666666666, 1.0, 0.0, 1.0, 1.0, 1.0, 1.0, 1.0, 0.6666666666666666, 1.0, 1.0, 0.6666666666666666, 0.6666666666666666, 1.0, 0.6666666666666666];
[0.0, 0.0, 0.0, 0.0, 0.0, 0.0, 0.0, 0.0, 0.0, 0.0, 0.0, 0.0, 0.0, 0.0, 0.0, 0.0, 0.0, 0.0, 0.0, 0.0, 0.0, 0.0, 0.0, 0.0, 0.0, 0.0, 0.0, 0.0, 0.0, 0.0];
[0.0, 0.0, 0.0, 0.0, 0.0, 0.0, 0.0, 0.0, 0.0, 0.0, 0.0, 0.0, 0.0, 0.0, 0.0, 0.0, 0.0, 0.0, 0.0, 0.0, 0.0, 0.0, 0.0, 0.0, 0.5, 0.0, 0.0, 0.0, 0.0, 0.0];
[0.0, 0.0, 0.0, 0.0, 0.0, 0.0, 0.0, 0.0, 0.0, 0.0, 0.0, 0.0, 0.0, 0.0, 0.0, 0.0, 0.0, 0.0, 0.0, 0.0, 0.0, 0.0, 0.0, 0.0, 0.0, 0.0, 0.0, 0.0, 0.0, 0.0];
[0.0, 0.0, 0.0, 0.0, 0.0, 0.0, 0.0, 0.0, 0.0, 0.0, 0.0, 0.0, 0.0, 0.0, 0.0, 0.0, 0.0, 0.0, 0.0, 0.0, 0.0, 0.0, 0.0, 0.0, 0.0, 0.0, 0.0, 0.0, 0.0, 0.0];
[0.0, 0.0, 0.0, 0.0, 0.0, 0.0, 0.0, 0.0, 0.0, 0.0, 0.0, 0.0, 0.0, 0.0, 0.0, 0.0, 0.0, 0.0, 0.0, 0.0, 0.0, 0.0, 0.0, 0.0, 0.0, 0.0, 0.0, 0.0, 0.0, 0.0];
[0.0, 0.0, 0.0, 0.0, 0.0, 0.5625, 1.0, 0.6666666666666666, 1.0, 0.8, 0.6666666666666666, 1.0, 1.0, 1.0, 1.0, 1.0, 1.0, 1.0, 1.0, 1.0, 0.8181818181818182, 1.0, 1.0, 1.0, 1.0, 1.0, 1.0, 1.0, 1.0, 1.0];
-------------recall-------------
[0.0, 0.0, 0.0, 0.0, 0.0, 0.0, 0.0, 0.0, 0.0, 0.0, 0.0, 0.0, 0.0, 0.0, 0.0, 0.0, 0.0, 0.0, 0.0, 0.0, 0.0, 0.0, 0.0, 0.0, 0.0, 0.0, 0.0, 0.0, 0.0, 0.0];
[1.0, 1.0, 0.8888888888888888, 0.8888888888888888, 0.7777777777777778, 0.8148148148148148, 0.5555555555555556, 0.5185185185185185, 0.5555555555555556, 0.37037037037037035, 0.5185185185185185, 0.3333333333333333, 0.6296296296296297, 0.6666666666666666, 1.0, 0.5555555555555556, 0.25925925925925924, 0.25925925925925924, 0.18518518518518517, 0.25925925925925924, 0.5555555555555556, 0.3333333333333333, 0.1111111111111111, 0.037037037037037035, 0.5555555555555556, 0.18518518518518517, 0.0, 0.18518518518518517, 0.2222222222222222, 0.8518518518518519];
[0.0, 0.0, 0.5569620253164557, 0.5316455696202531, 0.9367088607594937, 0.46835443037974683, 0.4430379746835443, 0.8734177215189873, 0.9746835443037974, 0.9746835443037974, 0.9746835443037974, 0.9493670886075949, 0.9620253164556962, 1.0, 1.0, 0.9493670886075949, 0.9493670886075949, 1.0, 1.0, 1.0, 1.0, 1.0, 1.0, 1.0, 0.9746835443037974, 0.9746835443037974, 0.9620253164556962, 0.9746835443037974, 0.9746835443037974, 0.9746835443037974];
[0.0, 0.0, 0.0, 0.0, 0.0, 0.0, 0.0, 0.0, 0.0, 0.0, 0.0, 0.0, 0.0, 0.0, 0.0, 0.0, 0.0, 0.0, 0.0, 0.0, 0.0, 0.0, 0.0, 0.0, 0.0, 0.06666666666666667, 0.16666666666666666, 0.06666666666666667, 0.16666666666666666, 0.03333333333333333];
[0.0, 0.32857142857142857, 0.4, 0.2714285714285714, 0.6428571428571429, 0.7, 0.9857142857142858, 0.9857142857142858, 0.9142857142857143, 0.6714285714285714, 0.7571428571428571, 0.9571428571428572, 0.9428571428571428, 0.9142857142857143, 0.7142857142857143, 0.9571428571428572, 0.9714285714285714, 0.9428571428571428, 0.7857142857142857, 0.9714285714285714, 0.9428571428571428, 0.7285714285714285, 0.8714285714285714, 0.9428571428571428, 0.9857142857142858, 0.9714285714285714, 0.9857142857142858, 0.9714285714285714, 0.9714285714285714, 0.9428571428571428];
[0.0, 0.0, 0.0, 0.0, 0.0, 0.0, 0.0, 0.0, 0.0, 0.0, 0.0, 0.0, 0.0, 0.0, 0.0, 0.0, 0.0, 0.0, 0.0, 0.0, 0.0, 0.0, 0.0, 0.0, 0.0, 0.0, 0.0, 0.0, 0.0, 0.0];
[0.0, 0.0, 0.0, 0.0, 0.0, 0.0, 0.0, 0.0, 0.0, 0.0, 0.6923076923076923, 0.38461538461538464, 0.6923076923076923, 0.46153846153846156, 0.5384615384615384, 0.5384615384615384, 0.5384615384615384, 0.7692307692307693, 0.6923076923076923, 0.38461538461538464, 0.6923076923076923, 0.6923076923076923, 0.5384615384615384, 0.38461538461538464, 0.6153846153846154, 0.6153846153846154, 0.6153846153846154, 0.6153846153846154, 0.6923076923076923, 0.3076923076923077];
[0.0, 0.0, 0.0, 0.0, 0.0, 0.0, 0.0, 0.0, 0.0, 0.0, 0.0, 0.0, 0.0, 0.0, 0.0, 0.0, 0.0, 0.0, 0.0, 0.0, 0.0, 0.0, 0.0, 0.0, 0.0, 0.0, 0.0, 0.0, 0.0, 0.0];
[0.0, 0.0, 0.0, 0.8888888888888888, 0.8888888888888888, 0.7777777777777778, 0.0, 0.3333333333333333, 0.1111111111111111, 0.2222222222222222, 0.2222222222222222, 0.2222222222222222, 0.2222222222222222, 0.2222222222222222, 0.0, 0.2222222222222222, 0.2222222222222222, 0.0, 0.2222222222222222, 0.1111111111111111, 0.2222222222222222, 0.2222222222222222, 0.1111111111111111, 0.2222222222222222, 0.2222222222222222, 0.2222222222222222, 0.2222222222222222, 0.2222222222222222, 0.2222222222222222, 0.2222222222222222];
[0.0, 0.0, 0.0, 0.0, 0.0, 0.0, 0.0, 0.0, 0.0, 0.0, 0.0, 0.0, 0.0, 0.0, 0.0, 0.0, 0.0, 0.0, 0.0, 0.0, 0.0, 0.0, 0.0, 0.0, 0.0, 0.0, 0.0, 0.0, 0.0, 0.0];
[0.0, 0.0, 0.0, 0.0, 0.0, 0.0, 0.0, 0.0, 0.0, 0.0, 0.0, 0.0, 0.0, 0.0, 0.0, 0.0, 0.0, 0.0, 0.0, 0.0, 0.0, 0.0, 0.0, 0.0, 0.1, 0.0, 0.0, 0.0, 0.0, 0.0];
[0.0, 0.0, 0.0, 0.0, 0.0, 0.0, 0.0, 0.0, 0.0, 0.0, 0.0, 0.0, 0.0, 0.0, 0.0, 0.0, 0.0, 0.0, 0.0, 0.0, 0.0, 0.0, 0.0, 0.0, 0.0, 0.0, 0.0, 0.0, 0.0, 0.0];
[0.0, 0.0, 0.0, 0.0, 0.0, 0.0, 0.0, 0.0, 0.0, 0.0, 0.0, 0.0, 0.0, 0.0, 0.0, 0.0, 0.0, 0.0, 0.0, 0.0, 0.0, 0.0, 0.0, 0.0, 0.0, 0.0, 0.0, 0.0, 0.0, 0.0];
[0.0, 0.0, 0.0, 0.0, 0.0, 0.0, 0.0, 0.0, 0.0, 0.0, 0.0, 0.0, 0.0, 0.0, 0.0, 0.0, 0.0, 0.0, 0.0, 0.0, 0.0, 0.0, 0.0, 0.0, 0.0, 0.0, 0.0, 0.0, 0.0, 0.0];
[0.0, 0.0, 0.0, 0.0, 0.0, 0.75, 0.8333333333333334, 0.16666666666666666, 0.5, 0.6666666666666666, 0.3333333333333333, 0.75, 0.25, 0.8333333333333334, 0.75, 0.3333333333333333, 0.16666666666666666, 0.75, 0.4166666666666667, 0.5833333333333334, 0.75, 0.3333333333333333, 0.8333333333333334, 0.8333333333333334, 0.5, 0.8333333333333334, 0.8333333333333334, 0.6666666666666666, 0.8333333333333334, 0.8333333333333334];
ex in each itr:array([  2.,   6.,   4.,  10.,   6.,  21.,   6.,   4.,   4.,   4.,   8.,
         6.,   2.,   4.,   4.,   6.,   6.,   4.,   6.,   4.,  12.,   4.,
        21.,   6.,   6.,   5.,   6.,  11.,   4.,   2.])
array([  1.,   2.,   4.,   5.,   6.,   7.,   8.,   9.,  10.,  11.,  12.,
        13.,  17.,  19.,  21.])
acc using random: [0.65972222222222221, 0.6376306620209059]
acc using random ex: 0.648676442122-0.0110457801007
-------------km-------------
-------------precision-------------
[0.0, 0.0, 0.0, 0.0, 0.0, 0.0, 0.0, 0.0, 0.0, 0.0, 0.0, 0.0, 0.0, 0.0, 0.0, 0.0, 0.0, 0.0, 0.0, 0.0, 0.0, 0.0, 0.0, 0.0, 0.0, 0.0, 0.0, 0.0, 0.0, 0.0];
[0.0, 0.0, 0.0, 0.0, 0.0, 0.0, 0.0, 0.0, 0.0, 0.0, 0.0, 0.0, 0.0, 0.0, 0.0, 0.0, 0.0, 0.0, 0.0, 0.0, 0.0, 0.0, 1.0, 0.9166666666666666, 1.0, 0.9583333333333334, 0.96, 0.9583333333333334, 0.96, 0.96];
[0.0, 0.0, 0.9024390243902439, 1.0, 0.7017543859649122, 0.8297872340425532, 1.0, 1.0, 1.0, 0.7142857142857143, 0.7407407407407407, 0.7142857142857143, 0.7142857142857143, 0.7884615384615384, 0.7446808510638298, 0.7142857142857143, 0.75, 0.7954545454545454, 0.7446808510638298, 0.7755102040816326, 0.7142857142857143, 0.7142857142857143, 0.7142857142857143, 0.7142857142857143, 0.7142857142857143, 0.7142857142857143, 0.7272727272727273, 0.7142857142857143, 0.8064516129032258, 0.8152173913043478];
[0.0, 0.0, 0.0, 0.0, 0.0, 0.625, 0.6, 0.5, 0.6153846153846154, 0.0, 0.5555555555555556, 0.47619047619047616, 0.625, 0.4642857142857143, 0.43333333333333335, 0.43478260869565216, 0.48936170212765956, 0.6956521739130435, 0.5714285714285714, 0.631578947368421, 0.6111111111111112, 0.696969696969697, 0.6410256410256411, 0.625, 0.625, 0.5777777777777777, 0.6585365853658537, 0.6756756756756757, 0.5294117647058824, 0.5];
[0.0, 0.0, 0.0, 0.9545454545454546, 0.5977011494252874, 0.7586206896551724, 0.7551020408163265, 0.24615384615384617, 0.379746835443038, 0.42567567567567566, 0.4732142857142857, 0.45384615384615384, 0.4883720930232558, 0.3668639053254438, 0.44274809160305345, 0.4027777777777778, 0.42735042735042733, 0.4852941176470588, 0.3442622950819672, 0.375, 0.47540983606557374, 0.48854961832061067, 0.4142857142857143, 0.5607476635514018, 0.5087719298245614, 0.651685393258427, 0.5391304347826087, 0.6413043478260869, 0.5728155339805825, 0.5773195876288659];
[0.0, 0.0, 0.0, 0.0, 0.0, 0.0, 0.0, 0.0, 0.0, 0.0, 0.0, 0.0, 0.0, 0.0, 0.0, 0.0, 0.0, 0.0, 0.0, 0.0, 0.0, 0.0, 0.0, 0.0, 0.0, 0.0, 0.0, 0.3333333333333333, 0.3333333333333333, 0.3333333333333333];
[0.0, 0.05204460966542751, 0.07106598984771574, 0.06222222222222222, 0.10852713178294573, 0.08284023668639054, 0.07954545454545454, 1.0, 0.05357142857142857, 0.11475409836065574, 0.1111111111111111, 0.06382978723404255, 0.061224489795918366, 0.16666666666666666, 0.125, 0.02857142857142857, 0.0975609756097561, 0.14, 0.16666666666666666, 0.5, 0.10638297872340426, 0.08888888888888889, 0.1111111111111111, 0.06521739130434782, 0.06976744186046512, 0.075, 0.043478260869565216, 0.10416666666666667, 1.0, 0.6];
[0.0, 0.0, 0.0, 0.0, 0.0, 0.0, 0.0, 0.0, 0.0, 0.0, 0.3181818181818182, 0.42857142857142855, 0.3, 0.5, 0.5454545454545454, 0.5454545454545454, 0.5454545454545454, 0.5, 0.5714285714285714, 0.6, 0.5454545454545454, 0.46153846153846156, 0.5454545454545454, 0.7142857142857143, 0.375, 0.5454545454545454, 0.5454545454545454, 0.45454545454545453, 0.4166666666666667, 0.5454545454545454];
[0.0, 0.0, 0.0, 0.0, 0.0, 0.0, 0.0, 0.0, 0.46153846153846156, 0.3076923076923077, 0.6666666666666666, 0.4375, 0.6666666666666666, 0.38461538461538464, 0.5454545454545454, 0.4444444444444444, 0.5, 0.5454545454545454, 0.5, 0.5, 0.5, 0.6666666666666666, 0.4166666666666667, 0.4117647058823529, 0.5, 0.4, 0.45454545454545453, 0.5, 0.5, 0.5];
[0.0, 0.0, 0.0, 0.0, 0.0, 0.0, 0.0, 0.0, 0.0, 0.0, 0.0, 0.0, 0.0, 0.0, 0.0, 0.0, 0.0, 0.0, 0.0, 0.0, 0.0, 0.0, 0.0, 0.0, 0.0, 0.0, 0.0, 0.0, 0.0, 0.0];
[0.0, 0.0, 0.0, 0.0, 0.0, 0.0, 0.0, 0.0, 0.0, 0.0, 0.0, 0.0, 0.0, 0.0, 0.0, 0.0, 0.0, 0.0, 0.0, 0.0, 0.0, 0.0, 0.0, 0.0, 0.0, 0.0, 0.0, 0.0, 0.0, 0.0];
[0.0, 0.0, 0.0, 0.0, 0.0, 0.0, 0.0, 0.0, 0.0, 0.0, 0.0, 0.0, 0.0, 0.0, 0.0, 0.0, 0.0, 0.0, 0.0, 0.0, 0.0, 0.0, 0.0, 0.0, 0.0, 0.0, 0.0, 0.0, 0.0, 0.0];
[0.0, 0.0, 0.0, 0.0, 0.0, 0.0, 0.0, 0.0, 0.0, 0.0, 0.0, 0.0, 0.0, 0.0, 0.4, 0.4, 0.4, 0.6666666666666666, 0.6666666666666666, 0.6666666666666666, 0.6666666666666666, 1.0, 0.3333333333333333, 0.6666666666666666, 1.0, 0.3333333333333333, 0.4, 1.0, 0.3333333333333333, 1.0];
[0.0, 0.0, 0.0, 0.0, 0.0, 0.0, 0.0, 0.0, 0.0, 0.0, 0.0, 0.0, 0.0, 0.0, 0.0, 0.0, 0.0, 0.0, 0.0, 0.0, 0.0, 0.0, 0.0, 0.0, 0.0, 0.0, 0.0, 0.0, 0.0, 0.0];
[0.04513888888888889, 0.42105263157894735, 0.2, 0.6666666666666666, 0.7333333333333333, 0.34285714285714286, 0.625, 0.6666666666666666, 0.6923076923076923, 0.8888888888888888, 0.39285714285714285, 0.75, 1.0, 1.0, 0.8, 1.0, 0.8, 1.0, 1.0, 1.0, 1.0, 1.0, 1.0, 0.0, 1.0, 1.0, 1.0, 1.0, 1.0, 1.0];
-------------recall-------------
[0.0, 0.0, 0.0, 0.0, 0.0, 0.0, 0.0, 0.0, 0.0, 0.0, 0.0, 0.0, 0.0, 0.0, 0.0, 0.0, 0.0, 0.0, 0.0, 0.0, 0.0, 0.0, 0.0, 0.0, 0.0, 0.0, 0.0, 0.0, 0.0, 0.0];
[0.0, 0.0, 0.0, 0.0, 0.0, 0.0, 0.0, 0.0, 0.0, 0.0, 0.0, 0.0, 0.0, 0.0, 0.0, 0.0, 0.0, 0.0, 0.0, 0.0, 0.0, 0.0, 0.4074074074074074, 0.4074074074074074, 0.3333333333333333, 0.8518518518518519, 0.8888888888888888, 0.8518518518518519, 0.8888888888888888, 0.8888888888888888];
[0.0, 0.0, 0.4625, 0.3625, 0.5, 0.4875, 0.4625, 0.15, 0.4375, 0.5, 0.5, 0.5, 0.5, 0.5125, 0.4375, 0.5, 0.4875, 0.4375, 0.4375, 0.475, 0.5, 0.5, 0.5, 0.5, 0.5, 0.5, 0.5, 0.5, 0.9375, 0.9375];
[0.0, 0.0, 0.0, 0.0, 0.0, 0.1724137931034483, 0.20689655172413793, 0.10344827586206896, 0.27586206896551724, 0.0, 0.1724137931034483, 0.3448275862068966, 0.3448275862068966, 0.4482758620689655, 0.4482758620689655, 0.3448275862068966, 0.7931034482758621, 0.5517241379310345, 0.5517241379310345, 0.8275862068965517, 0.7586206896551724, 0.7931034482758621, 0.8620689655172413, 0.8620689655172413, 0.8620689655172413, 0.896551724137931, 0.9310344827586207, 0.8620689655172413, 0.6206896551724138, 0.6206896551724138];
[0.0, 0.0, 0.0, 0.3, 0.7428571428571429, 0.3142857142857143, 0.5285714285714286, 0.9142857142857143, 0.8571428571428571, 0.9, 0.7571428571428571, 0.8428571428571429, 0.9, 0.8857142857142857, 0.8285714285714286, 0.8285714285714286, 0.7142857142857143, 0.9428571428571428, 0.9, 0.9428571428571428, 0.8285714285714286, 0.9142857142857143, 0.8285714285714286, 0.8571428571428571, 0.8285714285714286, 0.8285714285714286, 0.8857142857142857, 0.8428571428571429, 0.8428571428571429, 0.8];
[0.0, 0.0, 0.0, 0.0, 0.0, 0.0, 0.0, 0.0, 0.0, 0.0, 0.0, 0.0, 0.0, 0.0, 0.0, 0.0, 0.0, 0.0, 0.0, 0.0, 0.0, 0.0, 0.0, 0.0, 0.0, 0.0, 0.0, 0.14285714285714285, 0.14285714285714285, 0.14285714285714285];
[0.0, 1.0, 1.0, 1.0, 1.0, 1.0, 1.0, 0.07142857142857142, 0.21428571428571427, 0.5, 0.42857142857142855, 0.21428571428571427, 0.21428571428571427, 0.07142857142857142, 0.42857142857142855, 0.07142857142857142, 0.2857142857142857, 0.5, 0.14285714285714285, 0.07142857142857142, 0.35714285714285715, 0.2857142857142857, 0.07142857142857142, 0.21428571428571427, 0.21428571428571427, 0.21428571428571427, 0.07142857142857142, 0.35714285714285715, 0.07142857142857142, 0.42857142857142855];
[0.0, 0.0, 0.0, 0.0, 0.0, 0.0, 0.0, 0.0, 0.0, 0.0, 1.0, 0.8571428571428571, 0.8571428571428571, 0.8571428571428571, 0.8571428571428571, 0.8571428571428571, 0.8571428571428571, 0.8571428571428571, 0.5714285714285714, 0.8571428571428571, 0.8571428571428571, 0.8571428571428571, 0.8571428571428571, 0.7142857142857143, 0.8571428571428571, 0.8571428571428571, 0.8571428571428571, 0.7142857142857143, 0.7142857142857143, 0.8571428571428571];
[0.0, 0.0, 0.0, 0.0, 0.0, 0.0, 0.0, 0.0, 0.6666666666666666, 0.4444444444444444, 0.6666666666666666, 0.7777777777777778, 0.6666666666666666, 0.5555555555555556, 0.6666666666666666, 0.4444444444444444, 0.5555555555555556, 0.6666666666666666, 0.3333333333333333, 0.4444444444444444, 0.5555555555555556, 0.4444444444444444, 0.5555555555555556, 0.7777777777777778, 0.2222222222222222, 0.6666666666666666, 0.5555555555555556, 0.5555555555555556, 0.4444444444444444, 0.5555555555555556];
[0.0, 0.0, 0.0, 0.0, 0.0, 0.0, 0.0, 0.0, 0.0, 0.0, 0.0, 0.0, 0.0, 0.0, 0.0, 0.0, 0.0, 0.0, 0.0, 0.0, 0.0, 0.0, 0.0, 0.0, 0.0, 0.0, 0.0, 0.0, 0.0, 0.0];
[0.0, 0.0, 0.0, 0.0, 0.0, 0.0, 0.0, 0.0, 0.0, 0.0, 0.0, 0.0, 0.0, 0.0, 0.0, 0.0, 0.0, 0.0, 0.0, 0.0, 0.0, 0.0, 0.0, 0.0, 0.0, 0.0, 0.0, 0.0, 0.0, 0.0];
[0.0, 0.0, 0.0, 0.0, 0.0, 0.0, 0.0, 0.0, 0.0, 0.0, 0.0, 0.0, 0.0, 0.0, 0.0, 0.0, 0.0, 0.0, 0.0, 0.0, 0.0, 0.0, 0.0, 0.0, 0.0, 0.0, 0.0, 0.0, 0.0, 0.0];
[0.0, 0.0, 0.0, 0.0, 0.0, 0.0, 0.0, 0.0, 0.0, 0.0, 0.0, 0.0, 0.0, 0.0, 1.0, 1.0, 1.0, 1.0, 1.0, 1.0, 1.0, 1.0, 1.0, 1.0, 1.0, 1.0, 1.0, 1.0, 1.0, 1.0];
[0.0, 0.0, 0.0, 0.0, 0.0, 0.0, 0.0, 0.0, 0.0, 0.0, 0.0, 0.0, 0.0, 0.0, 0.0, 0.0, 0.0, 0.0, 0.0, 0.0, 0.0, 0.0, 0.0, 0.0, 0.0, 0.0, 0.0, 0.0, 0.0, 0.0];
[1.0, 0.6153846153846154, 0.7692307692307693, 0.6153846153846154, 0.8461538461538461, 0.9230769230769231, 0.7692307692307693, 0.46153846153846156, 0.6923076923076923, 0.6153846153846154, 0.8461538461538461, 0.23076923076923078, 0.6923076923076923, 0.6153846153846154, 0.3076923076923077, 0.38461538461538464, 0.3076923076923077, 0.6923076923076923, 0.15384615384615385, 0.15384615384615385, 0.23076923076923078, 0.15384615384615385, 0.3076923076923077, 0.0, 0.3076923076923077, 0.15384615384615385, 0.15384615384615385, 0.38461538461538464, 0.23076923076923078, 0.15384615384615385];
ex in each itr:array([ 21.,   8.,   4.,   6.,   6.,   5.,   6.,   6.,  10.,   4.,   9.,
         5.,   6.,   5.,  17.,   6.,   5.,   6.,   6.,   5.,   4.,   6.,
         2.,   5.,   6.,   4.,   2.,   7.,   4.,   6.])
array([  1.,   2.,   4.,   5.,   6.,   7.,   8.,   9.,  10.,  11.,  12.,
        13.,  17.,  18.,  21.])
-------------km-------------
-------------precision-------------
[0.0, 0.0, 0.0, 0.0, 0.0, 0.0, 0.0, 0.0, 0.0, 0.0, 0.0, 0.0, 0.0, 0.0, 1.0, 1.0, 1.0, 0.8, 1.0, 1.0, 1.0, 1.0, 1.0, 1.0, 1.0, 1.0, 0.8, 1.0, 1.0, 0.6666666666666666];
[0.0, 0.0, 0.0, 0.0, 0.0, 0.0, 0.0, 0.0, 0.0, 0.3333333333333333, 0.0, 0.8709677419354839, 0.7105263157894737, 0.8709677419354839, 0.5, 0.6428571428571429, 0.9642857142857143, 0.9285714285714286, 0.6410256410256411, 0.8888888888888888, 0.6944444444444444, 0.8709677419354839, 0.7941176470588235, 0.6216216216216216, 0.7352941176470589, 0.875, 0.88, 0.9615384615384616, 0.92, 0.9545454545454546];
[0.0, 0.32217573221757323, 0.30739299610894943, 1.0, 0.7894736842105263, 0.8181818181818182, 0.8333333333333334, 0.8611111111111112, 0.41361256544502617, 0.7238095238095238, 0.5347222222222222, 0.7623762376237624, 0.8571428571428571, 0.8641975308641975, 0.7087378640776699, 0.8131868131868132, 0.881578947368421, 0.7058823529411765, 0.8488372093023255, 0.9102564102564102, 0.9342105263157895, 0.948051948051948, 0.872093023255814, 0.9538461538461539, 0.948051948051948, 0.8860759493670886, 0.9594594594594594, 0.971830985915493, 0.8674698795180723, 0.8860759493670886];
[0.0, 0.0, 0.625, 0.1111111111111111, 0.3023255813953488, 0.35714285714285715, 0.35135135135135137, 0.3333333333333333, 0.2777777777777778, 0.38095238095238093, 0.2923076923076923, 0.38333333333333336, 0.46875, 0.4594594594594595, 0.3333333333333333, 0.4807692307692308, 0.5405405405405406, 0.7272727272727273, 0.7307692307692307, 0.8823529411764706, 0.8823529411764706, 0.92, 0.6666666666666666, 0.8709677419354839, 0.8529411764705882, 0.92, 0.9166666666666666, 1.0, 0.8260869565217391, 1.0];
[0.24390243902439024, 0.6875, 1.0, 1.0, 1.0, 0.9444444444444444, 1.0, 1.0, 0.9090909090909091, 0.9655172413793104, 1.0, 1.0, 0.825, 0.825, 0.8333333333333334, 0.8125, 0.7317073170731707, 0.6590909090909091, 0.7391304347826086, 0.6407766990291263, 0.6704545454545454, 0.7631578947368421, 0.8909090909090909, 0.7532467532467533, 0.775, 0.6407766990291263, 0.6470588235294118, 0.6571428571428571, 0.6288659793814433, 0.6261682242990654];
[0.0, 0.0, 0.0, 0.0, 0.0, 0.0, 0.0, 0.0, 0.0, 0.0, 0.0, 0.0, 0.0, 0.0, 0.0, 0.0, 0.0, 0.0, 0.0, 0.0, 0.0, 0.0, 0.0, 0.0, 0.0, 0.0, 0.0, 0.0, 0.0, 0.0];
[0.0, 0.0, 0.0, 0.0, 0.0661764705882353, 0.08633093525179857, 0.09285714285714286, 0.1015625, 0.3, 0.14285714285714285, 0.19607843137254902, 0.11428571428571428, 0.14457831325301204, 0.18333333333333332, 0.38461538461538464, 0.3793103448275862, 0.22857142857142856, 0.5384615384615384, 0.32142857142857145, 0.35135135135135137, 0.3, 0.19230769230769232, 0.21818181818181817, 0.23529411764705882, 0.2972972972972973, 0.32432432432432434, 0.4, 0.40625, 0.2727272727272727, 0.3];
[0.0, 0.0, 0.0, 0.0, 0.0, 0.0, 0.0, 0.0, 0.0, 0.0, 0.0, 0.0, 0.0, 0.2608695652173913, 0.2608695652173913, 0.2857142857142857, 0.2692307692307692, 0.3, 0.2916666666666667, 0.5, 0.3888888888888889, 0.5384615384615384, 1.0, 0.42857142857142855, 0.5, 1.0, 0.46153846153846156, 0.45454545454545453, 0.2777777777777778, 0.42857142857142855];
[0.0, 0.0, 0.0, 0.0, 0.0, 0.0, 0.0, 0.0, 0.0, 0.0, 0.0, 0.0, 0.0, 0.0, 0.0, 0.0, 0.0, 0.0, 0.0, 0.0, 0.0, 0.0, 0.0, 0.0, 0.0, 0.0, 0.0, 0.0, 0.38461538461538464, 0.4];
[0.0, 0.0, 0.0, 0.0, 0.0, 0.0, 0.0, 0.0, 0.0, 0.0, 0.0, 0.0, 0.0, 0.0, 0.0, 0.0, 0.0, 0.0, 0.0, 0.0, 0.0, 0.0, 0.0, 0.0, 0.0, 0.0, 0.0, 0.0, 0.0, 0.0];
[0.0, 0.0, 0.0, 0.0, 0.0, 0.0, 0.0, 0.0, 0.0, 0.0, 0.0, 0.0, 0.0, 0.0, 0.0, 0.0, 0.0, 0.0, 0.0, 0.0, 0.0, 0.0, 0.0, 0.0, 0.0, 0.0, 1.0, 1.0, 1.0, 1.0];
[0.0, 0.0, 0.0, 0.0, 0.0, 0.0, 0.0, 0.0, 0.0, 0.0, 0.0, 0.0, 0.0, 0.0, 0.0, 0.0, 0.0, 0.0, 0.0, 0.0, 0.0, 0.0, 0.0, 0.0, 0.0, 0.0, 0.0, 0.0, 0.0, 0.0];
[0.0, 0.0, 0.0, 0.0, 0.0, 0.0, 0.0, 0.0, 0.0, 0.0, 0.0, 0.0, 0.0, 0.0, 0.0, 0.0, 0.0, 0.0, 0.0, 0.0, 0.0, 0.0, 0.0, 0.0, 0.0, 0.0, 0.0, 0.0, 0.0, 0.0];
[0.0, 0.0, 0.0, 0.0, 0.0, 0.0, 0.0, 0.0, 0.0, 0.0, 0.0, 0.0, 0.0, 0.0, 0.0, 0.0, 0.0, 0.0, 0.0, 0.0, 0.0, 0.0, 0.0, 0.0, 0.0, 0.0, 0.0, 0.0, 0.0, 0.0];
[0.0, 0.0, 0.0, 0.0, 0.0, 0.0, 0.0, 0.0, 0.0, 0.0, 0.5, 1.0, 0.1, 0.06666666666666667, 0.2, 1.0, 0.0, 1.0, 1.0, 1.0, 1.0, 1.0, 1.0, 1.0, 1.0, 1.0, 1.0, 1.0, 1.0, 1.0];
-------------recall-------------
[0.0, 0.0, 0.0, 0.0, 0.0, 0.0, 0.0, 0.0, 0.0, 0.0, 0.0, 0.0, 0.0, 0.0, 0.375, 0.375, 0.375, 0.5, 0.375, 0.375, 0.375, 0.375, 0.375, 0.375, 0.375, 0.375, 0.5, 0.375, 0.375, 0.5];
[0.0, 0.0, 0.0, 0.0, 0.0, 0.0, 0.0, 0.0, 0.0, 0.07407407407407407, 0.0, 1.0, 1.0, 1.0, 1.0, 1.0, 1.0, 0.9629629629629629, 0.9259259259259259, 0.8888888888888888, 0.9259259259259259, 1.0, 1.0, 0.8518518518518519, 0.9259259259259259, 0.7777777777777778, 0.8148148148148148, 0.9259259259259259, 0.8518518518518519, 0.7777777777777778];
[0.0, 0.9746835443037974, 1.0, 0.11392405063291139, 0.569620253164557, 0.9113924050632911, 0.8860759493670886, 0.7848101265822784, 1.0, 0.9620253164556962, 0.9746835443037974, 0.9746835443037974, 0.9113924050632911, 0.8860759493670886, 0.9240506329113924, 0.9367088607594937, 0.8481012658227848, 0.9113924050632911, 0.9240506329113924, 0.8987341772151899, 0.8987341772151899, 0.9240506329113924, 0.9493670886075949, 0.7848101265822784, 0.9240506329113924, 0.8860759493670886, 0.8987341772151899, 0.8734177215189873, 0.9113924050632911, 0.8860759493670886];
[0.0, 0.0, 0.16666666666666666, 1.0, 0.8666666666666667, 0.5, 0.43333333333333335, 0.7666666666666667, 0.5, 0.8, 0.6333333333333333, 0.7666666666666667, 0.5, 0.5666666666666667, 0.5666666666666667, 0.8333333333333334, 0.6666666666666666, 0.5333333333333333, 0.6333333333333333, 0.5, 0.5, 0.7666666666666667, 0.9333333333333333, 0.9, 0.9666666666666667, 0.7666666666666667, 0.7333333333333333, 0.8, 0.6333333333333333, 0.6333333333333333];
[1.0, 0.4714285714285714, 0.3142857142857143, 0.11428571428571428, 0.11428571428571428, 0.24285714285714285, 0.37142857142857144, 0.2571428571428571, 0.2857142857142857, 0.4, 0.18571428571428572, 0.34285714285714286, 0.4714285714285714, 0.4714285714285714, 0.35714285714285715, 0.5571428571428572, 0.8571428571428571, 0.8285714285714286, 0.7285714285714285, 0.9428571428571428, 0.8428571428571429, 0.8285714285714286, 0.7, 0.8285714285714286, 0.8857142857142857, 0.9428571428571428, 0.9428571428571428, 0.9857142857142858, 0.8714285714285714, 0.9571428571428572];
[0.0, 0.0, 0.0, 0.0, 0.0, 0.0, 0.0, 0.0, 0.0, 0.0, 0.0, 0.0, 0.0, 0.0, 0.0, 0.0, 0.0, 0.0, 0.0, 0.0, 0.0, 0.0, 0.0, 0.0, 0.0, 0.0, 0.0, 0.0, 0.0, 0.0];
[0.0, 0.0, 0.0, 0.0, 0.6923076923076923, 0.9230769230769231, 1.0, 1.0, 0.46153846153846156, 0.9230769230769231, 0.7692307692307693, 0.6153846153846154, 0.9230769230769231, 0.8461538461538461, 0.38461538461538464, 0.8461538461538461, 0.6153846153846154, 0.5384615384615384, 0.6923076923076923, 1.0, 0.9230769230769231, 0.7692307692307693, 0.9230769230769231, 0.9230769230769231, 0.8461538461538461, 0.9230769230769231, 0.9230769230769231, 1.0, 0.23076923076923078, 0.23076923076923078];
[0.0, 0.0, 0.0, 0.0, 0.0, 0.0, 0.0, 0.0, 0.0, 0.0, 0.0, 0.0, 0.0, 0.75, 0.75, 0.75, 0.875, 0.75, 0.875, 0.75, 0.875, 0.875, 0.25, 0.75, 0.75, 0.75, 0.75, 0.625, 0.625, 0.75];
[0.0, 0.0, 0.0, 0.0, 0.0, 0.0, 0.0, 0.0, 0.0, 0.0, 0.0, 0.0, 0.0, 0.0, 0.0, 0.0, 0.0, 0.0, 0.0, 0.0, 0.0, 0.0, 0.0, 0.0, 0.0, 0.0, 0.0, 0.0, 0.5555555555555556, 0.6666666666666666];
[0.0, 0.0, 0.0, 0.0, 0.0, 0.0, 0.0, 0.0, 0.0, 0.0, 0.0, 0.0, 0.0, 0.0, 0.0, 0.0, 0.0, 0.0, 0.0, 0.0, 0.0, 0.0, 0.0, 0.0, 0.0, 0.0, 0.0, 0.0, 0.0, 0.0];
[0.0, 0.0, 0.0, 0.0, 0.0, 0.0, 0.0, 0.0, 0.0, 0.0, 0.0, 0.0, 0.0, 0.0, 0.0, 0.0, 0.0, 0.0, 0.0, 0.0, 0.0, 0.0, 0.0, 0.0, 0.0, 0.0, 0.4, 0.5, 0.5, 0.5];
[0.0, 0.0, 0.0, 0.0, 0.0, 0.0, 0.0, 0.0, 0.0, 0.0, 0.0, 0.0, 0.0, 0.0, 0.0, 0.0, 0.0, 0.0, 0.0, 0.0, 0.0, 0.0, 0.0, 0.0, 0.0, 0.0, 0.0, 0.0, 0.0, 0.0];
[0.0, 0.0, 0.0, 0.0, 0.0, 0.0, 0.0, 0.0, 0.0, 0.0, 0.0, 0.0, 0.0, 0.0, 0.0, 0.0, 0.0, 0.0, 0.0, 0.0, 0.0, 0.0, 0.0, 0.0, 0.0, 0.0, 0.0, 0.0, 0.0, 0.0];
[0.0, 0.0, 0.0, 0.0, 0.0, 0.0, 0.0, 0.0, 0.0, 0.0, 0.0, 0.0, 0.0, 0.0, 0.0, 0.0, 0.0, 0.0, 0.0, 0.0, 0.0, 0.0, 0.0, 0.0, 0.0, 0.0, 0.0, 0.0, 0.0, 0.0];
[0.0, 0.0, 0.0, 0.0, 0.0, 0.0, 0.0, 0.0, 0.0, 0.0, 0.4166666666666667, 0.08333333333333333, 0.08333333333333333, 0.08333333333333333, 0.16666666666666666, 0.08333333333333333, 0.0, 0.75, 1.0, 0.8333333333333334, 0.75, 0.8333333333333334, 0.8333333333333334, 0.75, 0.8333333333333334, 0.8333333333333334, 0.8333333333333334, 0.8333333333333334, 0.75, 0.8333333333333334];
ex in each itr:array([  6.,   4.,   5.,   5.,   8.,   4.,   6.,   5.,   4.,   2.,  21.,
         2.,   6.,   9.,   1.,   5.,   6.,  21.,   8.,   6.,   6.,   5.,
         6.,   6.,   5.,   6.,  12.,   6.,  10.,   6.])
array([  1.,   2.,   4.,   5.,   6.,   7.,   8.,   9.,  10.,  11.,  12.,
        13.,  17.,  19.,  21.])
acc using km: [0.67708333333333337, 0.73519163763066198]
acc using km ex: 0.706137485482-0.0290541521487
