-------------gmm-------------
-------------precision-------------
[0.0, 0.0, 0.0, 0.0, 0.0, 0.0, 0.0, 0.0, 0.0, 0.0, 0.0, 0.0, 0.0, 0.0, 0.0, 0.0, 0.5, 0.5, 0.5, 0.5, 0.5, 1.0, 0.5, 0.4444444444444444, 0.42105263157894735, 0.5714285714285714, 0.8, 0.8, 0.8, 0.5714285714285714];
[0.0, 0.33766233766233766, 0.8461538461538461, 0.8571428571428571, 0.3793103448275862, 1.0, 0.6, 0.7777777777777778, 0.5555555555555556, 0.8928571428571429, 0.9565217391304348, 0.42857142857142855, 0.7105263157894737, 0.7666666666666667, 0.9642857142857143, 0.9642857142857143, 0.9230769230769231, 0.9642857142857143, 0.9310344827586207, 0.9, 0.7714285714285715, 0.9629629629629629, 0.7941176470588235, 0.8709677419354839, 0.8333333333333334, 0.9583333333333334, 0.9642857142857143, 0.9, 0.9642857142857143, 0.9310344827586207];
[0.0, 0.0, 0.3185483870967742, 0.45161290322580644, 0.9298245614035088, 0.38578680203045684, 0.3671497584541063, 0.4418604651162791, 0.40414507772020725, 0.48125, 0.503448275862069, 0.44642857142857145, 0.4567901234567901, 0.7272727272727273, 0.45454545454545453, 0.7407407407407407, 0.7450980392156863, 0.5873015873015873, 0.7009345794392523, 0.7684210526315789, 0.6147540983606558, 0.6076923076923076, 0.6410256410256411, 0.6521739130434783, 0.646551724137931, 0.5813953488372093, 0.5597014925373134, 0.5238095238095238, 0.5859375, 0.5813953488372093];
[0.0, 0.0, 0.0, 0.0, 0.0, 0.0, 0.0, 0.0, 0.0, 1.0, 1.0, 0.875, 1.0, 0.47058823529411764, 0.7272727272727273, 0.7058823529411765, 0.7142857142857143, 1.0, 0.6666666666666666, 0.5483870967741935, 0.5384615384615384, 0.5454545454545454, 0.5263157894736842, 0.45454545454545453, 0.625, 0.7727272727272727, 0.56, 0.52, 0.6785714285714286, 0.5909090909090909];
[0.24305555555555555, 0.2985781990521327, 0.6296296296296297, 0.49523809523809526, 0.3525641025641026, 0.6575342465753424, 0.7, 0.6507936507936508, 0.8604651162790697, 0.7959183673469388, 0.6212121212121212, 0.7407407407407407, 0.7407407407407407, 0.6428571428571429, 0.7192982456140351, 0.3583815028901734, 0.3836477987421384, 0.6020408163265306, 0.5327102803738317, 0.6794871794871795, 0.7101449275362319, 0.6891891891891891, 0.6470588235294118, 0.6811594202898551, 0.8431372549019608, 0.704225352112676, 0.676056338028169, 0.7818181818181819, 0.6944444444444444, 0.7586206896551724];
[0.0, 0.0, 0.0, 0.0, 0.0, 0.0, 0.21428571428571427, 0.26666666666666666, 0.3076923076923077, 0.2857142857142857, 1.0, 0.4, 0.5714285714285714, 0.5, 0.5714285714285714, 0.75, 1.0, 0.2, 1.0, 1.0, 1.0, 1.0, 1.0, 1.0, 0.5454545454545454, 0.45454545454545453, 1.0, 1.0, 0.6666666666666666, 0.5];
[0.0, 0.0, 0.0, 0.0, 0.0, 0.0, 0.0, 0.0, 0.0, 0.0, 0.0, 0.0, 0.0, 0.0, 0.0, 0.0, 0.0, 0.0, 0.0, 0.2647058823529412, 0.46153846153846156, 0.35714285714285715, 0.3076923076923077, 0.3333333333333333, 0.4166666666666667, 0.5, 0.5555555555555556, 0.5, 0.4444444444444444, 0.4166666666666667];
[0.0, 0.0, 0.0, 0.0, 0.0, 0.0, 0.0, 0.0, 0.0, 0.0, 0.0, 0.0, 0.0, 0.0, 0.0, 0.0, 0.0, 0.0, 0.0, 0.0, 0.0, 0.0, 0.0, 0.0, 0.0, 0.0, 0.0, 0.0, 0.0, 0.0];
[0.0, 0.0, 0.0, 0.0, 0.0, 0.0, 0.0, 0.6666666666666666, 0.0, 0.6666666666666666, 0.6666666666666666, 0.2222222222222222, 0.0, 0.10666666666666667, 0.0, 0.0, 0.2, 0.0, 0.0, 0.0, 0.0, 0.0, 0.0, 0.0, 0.5, 0.0, 0.0, 0.0, 0.0, 0.0];
[0.0, 0.0, 0.0, 0.0, 0.0, 0.0, 0.0, 0.0, 0.0, 0.0, 0.0, 0.0, 0.0, 0.0, 0.0, 0.0, 0.0, 0.0, 0.0, 0.0, 0.0, 0.0, 0.0, 0.0, 0.0, 0.0, 0.0, 0.0, 0.0, 0.0];
[0.0, 0.0, 0.0, 0.0, 0.0, 0.0, 0.0, 0.0, 0.0, 0.0, 0.0, 0.0, 0.0, 0.0, 0.0, 0.0, 0.0, 0.0, 0.0, 0.0, 0.0, 0.0, 0.0, 0.0, 0.0, 0.0, 0.0, 0.0, 0.0, 0.0];
[0.0, 0.0, 0.0, 0.0, 0.0, 0.0, 0.0, 0.0, 0.0, 0.0, 0.0, 0.0, 0.0, 0.0, 0.0, 0.0, 0.0, 0.0, 0.0, 0.0, 0.0, 0.0, 0.0, 0.0, 0.0, 0.0, 0.0, 0.0, 0.0, 0.0];
[0.0, 0.0, 0.0, 0.0, 0.0, 0.0, 0.0, 0.0, 0.0, 0.0, 0.0, 0.0, 0.0, 0.0, 0.0, 0.0, 0.0, 0.0, 0.0, 0.0, 0.0, 0.0, 0.0, 0.0, 0.0, 0.0, 0.0, 0.0, 0.0, 0.0];
[0.0, 0.0, 0.0, 0.0, 0.0, 0.0, 0.0, 0.0, 0.0, 0.0, 0.0, 0.0, 0.0, 0.0, 0.0, 0.0, 0.0, 0.0, 0.0, 0.0, 0.0, 0.0, 0.0, 0.0, 0.0, 0.0, 0.0, 0.0, 0.0, 0.0];
[0.0, 0.0, 0.0, 0.0, 0.29411764705882354, 0.3333333333333333, 0.3333333333333333, 0.4117647058823529, 0.36666666666666664, 0.43333333333333335, 0.20454545454545456, 0.391304347826087, 0.5454545454545454, 0.3939393939393939, 0.65, 1.0, 0.9230769230769231, 0.8666666666666667, 0.9166666666666666, 0.9166666666666666, 0.7647058823529411, 0.6875, 0.625, 0.7857142857142857, 0.8, 0.8571428571428571, 0.9166666666666666, 0.8333333333333334, 1.0, 0.75];
-------------recall-------------
[0.0, 0.0, 0.0, 0.0, 0.0, 0.0, 0.0, 0.0, 0.0, 0.0, 0.0, 0.0, 0.0, 0.0, 0.0, 0.0, 0.125, 0.125, 0.125, 0.125, 0.125, 0.125, 0.125, 1.0, 1.0, 0.5, 0.5, 0.5, 0.5, 0.5];
[0.0, 0.9629629629629629, 0.4074074074074074, 0.8888888888888888, 0.8148148148148148, 0.1111111111111111, 0.1111111111111111, 0.5185185185185185, 0.18518518518518517, 0.9259259259259259, 0.8148148148148148, 0.1111111111111111, 1.0, 0.8518518518518519, 1.0, 1.0, 0.8888888888888888, 1.0, 1.0, 1.0, 1.0, 0.9629629629629629, 1.0, 1.0, 0.9259259259259259, 0.8518518518518519, 1.0, 1.0, 1.0, 1.0];
[0.0, 0.0, 0.9875, 0.875, 0.6625, 0.95, 0.95, 0.95, 0.975, 0.9625, 0.9125, 0.9375, 0.925, 0.5, 0.875, 0.5, 0.475, 0.925, 0.9375, 0.9125, 0.9375, 0.9875, 0.9375, 0.9375, 0.9375, 0.9375, 0.9375, 0.9625, 0.9375, 0.9375];
[0.0, 0.0, 0.0, 0.0, 0.0, 0.0, 0.0, 0.0, 0.0, 0.13793103448275862, 0.13793103448275862, 0.2413793103448276, 0.13793103448275862, 0.27586206896551724, 0.5517241379310345, 0.41379310344827586, 0.6896551724137931, 0.4827586206896552, 0.6206896551724138, 0.5862068965517241, 0.4827586206896552, 0.41379310344827586, 0.3448275862068966, 0.3448275862068966, 0.6896551724137931, 0.5862068965517241, 0.4827586206896552, 0.4482758620689655, 0.6551724137931034, 0.4482758620689655];
[1.0, 0.9, 0.24285714285714285, 0.7428571428571429, 0.7857142857142857, 0.6857142857142857, 0.5, 0.5857142857142857, 0.5285714285714286, 0.5571428571428572, 0.5857142857142857, 0.5714285714285714, 0.5714285714285714, 0.6428571428571429, 0.5857142857142857, 0.8857142857142857, 0.8714285714285714, 0.8428571428571429, 0.8142857142857143, 0.7571428571428571, 0.7, 0.7285714285714285, 0.7857142857142857, 0.6714285714285714, 0.6142857142857143, 0.7142857142857143, 0.6857142857142857, 0.6142857142857143, 0.7142857142857143, 0.6285714285714286];
[0.0, 0.0, 0.0, 0.0, 0.0, 0.0, 0.42857142857142855, 0.5714285714285714, 0.5714285714285714, 0.5714285714285714, 0.42857142857142855, 0.5714285714285714, 0.5714285714285714, 0.5714285714285714, 0.5714285714285714, 0.42857142857142855, 0.5714285714285714, 0.14285714285714285, 0.5714285714285714, 0.2857142857142857, 0.5714285714285714, 0.42857142857142855, 0.2857142857142857, 0.42857142857142855, 0.8571428571428571, 0.7142857142857143, 0.5714285714285714, 0.8571428571428571, 0.5714285714285714, 1.0];
[0.0, 0.0, 0.0, 0.0, 0.0, 0.0, 0.0, 0.0, 0.0, 0.0, 0.0, 0.0, 0.0, 0.0, 0.0, 0.0, 0.0, 0.0, 0.0, 0.6428571428571429, 0.42857142857142855, 0.35714285714285715, 0.2857142857142857, 0.35714285714285715, 0.35714285714285715, 0.35714285714285715, 0.35714285714285715, 0.2857142857142857, 0.2857142857142857, 0.35714285714285715];
[0.0, 0.0, 0.0, 0.0, 0.0, 0.0, 0.0, 0.0, 0.0, 0.0, 0.0, 0.0, 0.0, 0.0, 0.0, 0.0, 0.0, 0.0, 0.0, 0.0, 0.0, 0.0, 0.0, 0.0, 0.0, 0.0, 0.0, 0.0, 0.0, 0.0];
[0.0, 0.0, 0.0, 0.0, 0.0, 0.0, 0.0, 0.2222222222222222, 0.0, 0.2222222222222222, 0.2222222222222222, 0.4444444444444444, 0.0, 0.8888888888888888, 0.0, 0.0, 0.1111111111111111, 0.0, 0.0, 0.0, 0.0, 0.0, 0.0, 0.0, 0.1111111111111111, 0.0, 0.0, 0.0, 0.0, 0.0];
[0.0, 0.0, 0.0, 0.0, 0.0, 0.0, 0.0, 0.0, 0.0, 0.0, 0.0, 0.0, 0.0, 0.0, 0.0, 0.0, 0.0, 0.0, 0.0, 0.0, 0.0, 0.0, 0.0, 0.0, 0.0, 0.0, 0.0, 0.0, 0.0, 0.0];
[0.0, 0.0, 0.0, 0.0, 0.0, 0.0, 0.0, 0.0, 0.0, 0.0, 0.0, 0.0, 0.0, 0.0, 0.0, 0.0, 0.0, 0.0, 0.0, 0.0, 0.0, 0.0, 0.0, 0.0, 0.0, 0.0, 0.0, 0.0, 0.0, 0.0];
[0.0, 0.0, 0.0, 0.0, 0.0, 0.0, 0.0, 0.0, 0.0, 0.0, 0.0, 0.0, 0.0, 0.0, 0.0, 0.0, 0.0, 0.0, 0.0, 0.0, 0.0, 0.0, 0.0, 0.0, 0.0, 0.0, 0.0, 0.0, 0.0, 0.0];
[0.0, 0.0, 0.0, 0.0, 0.0, 0.0, 0.0, 0.0, 0.0, 0.0, 0.0, 0.0, 0.0, 0.0, 0.0, 0.0, 0.0, 0.0, 0.0, 0.0, 0.0, 0.0, 0.0, 0.0, 0.0, 0.0, 0.0, 0.0, 0.0, 0.0];
[0.0, 0.0, 0.0, 0.0, 0.0, 0.0, 0.0, 0.0, 0.0, 0.0, 0.0, 0.0, 0.0, 0.0, 0.0, 0.0, 0.0, 0.0, 0.0, 0.0, 0.0, 0.0, 0.0, 0.0, 0.0, 0.0, 0.0, 0.0, 0.0, 0.0];
[0.0, 0.0, 0.0, 0.0, 0.38461538461538464, 0.38461538461538464, 0.3076923076923077, 0.5384615384615384, 0.8461538461538461, 1.0, 0.6923076923076923, 0.6923076923076923, 0.9230769230769231, 1.0, 1.0, 0.9230769230769231, 0.9230769230769231, 1.0, 0.8461538461538461, 0.8461538461538461, 1.0, 0.8461538461538461, 0.7692307692307693, 0.8461538461538461, 0.9230769230769231, 0.9230769230769231, 0.8461538461538461, 0.7692307692307693, 0.9230769230769231, 0.9230769230769231];
ex in each itr:array([  6.,   2.,   4.,   6.,  21.,   4.,   7.,  10.,  21.,   5.,   6.,
         6.,  21.,   5.,   2.,   6.,   1.,   4.,   5.,   8.,   4.,   6.,
         2.,   1.,   7.,   4.,   2.,   6.,   4.,   7.])
array([  1.,   2.,   4.,   5.,   6.,   7.,   8.,   9.,  10.,  11.,  12.,
        13.,  17.,  18.,  21.])
-------------gmm-------------
-------------precision-------------
[0.0, 0.03305785123966942, 0.04597701149425287, 0.031496062992125984, 0.045454545454545456, 0.2222222222222222, 0.17391304347826086, 0.18181818181818182, 0.14035087719298245, 0.2727272727272727, 0.21052631578947367, 0.5714285714285714, 0.18181818181818182, 0.6666666666666666, 0.3125, 0.1, 0.4, 0.18604651162790697, 0.6666666666666666, 0.10126582278481013, 0.4375, 0.34782608695652173, 0.42105263157894735, 0.42105263157894735, 0.5333333333333333, 0.4444444444444444, 0.5714285714285714, 0.6363636363636364, 0.5333333333333333, 0.6666666666666666];
[0.0, 0.0, 0.0, 0.0, 0.0, 0.0, 0.0, 0.0, 0.0, 0.0, 0.0, 1.0, 0.8333333333333334, 0.37142857142857144, 0.9230769230769231, 0.5306122448979592, 0.9285714285714286, 0.38571428571428573, 0.23275862068965517, 0.9629629629629629, 0.7297297297297297, 0.9642857142857143, 0.627906976744186, 0.9, 0.9642857142857143, 0.9310344827586207, 0.9310344827586207, 0.9642857142857143, 0.9642857142857143, 0.9642857142857143];
[0.27526132404181186, 0.8222222222222222, 0.3225806451612903, 1.0, 0.7959183673469388, 0.8260869565217391, 0.8222222222222222, 0.7058823529411765, 0.5520833333333334, 0.5526315789473685, 0.7647058823529411, 0.8085106382978723, 0.8260869565217391, 0.7319587628865979, 0.8260869565217391, 0.65625, 0.8260869565217391, 0.65, 0.8260869565217391, 0.8444444444444444, 0.8260869565217391, 0.8260869565217391, 0.646551724137931, 0.6048387096774194, 0.646551724137931, 0.6, 0.5524475524475524, 0.5379310344827586, 0.5777777777777777, 0.5379310344827586];
[0.0, 0.0, 0.0, 0.0, 0.0, 0.0, 0.0, 0.0, 0.0, 0.45, 0.5555555555555556, 0.75, 0.5641025641025641, 0.6363636363636364, 0.42105263157894735, 0.5365853658536586, 0.17647058823529413, 0.5609756097560976, 0.5128205128205128, 0.5555555555555556, 0.5151515151515151, 0.6086956521739131, 0.5142857142857142, 0.5, 0.5, 0.4444444444444444, 0.5106382978723404, 0.5714285714285714, 0.4074074074074074, 0.5172413793103449];
[0.0, 0.0, 0.0, 0.9545454545454546, 0.8333333333333334, 1.0, 1.0, 0.9230769230769231, 0.96, 0.9230769230769231, 0.9230769230769231, 0.9230769230769231, 1.0, 1.0, 0.96, 0.9230769230769231, 0.9444444444444444, 0.7954545454545454, 0.9393939393939394, 0.967741935483871, 0.3942307692307692, 0.7450980392156863, 0.7450980392156863, 0.6216216216216216, 0.7540983606557377, 0.7954545454545454, 0.851063829787234, 0.8571428571428571, 0.7441860465116279, 0.8];
[0.0, 0.0, 0.04878048780487805, 0.0, 0.15625, 0.0457516339869281, 0.05, 0.06542056074766354, 0.075, 0.05555555555555555, 0.08433734939759036, 0.040229885057471264, 0.045112781954887216, 0.21428571428571427, 0.07692307692307693, 0.14705882352941177, 0.1724137931034483, 0.25, 0.2, 0.125, 0.2, 0.18518518518518517, 0.375, 1.0, 0.6, 0.3333333333333333, 1.0, 0.75, 0.8, 1.0];
[0.0, 0.0, 0.0, 0.0, 0.0, 0.0, 0.0, 0.0, 0.0, 0.0, 0.0, 0.0, 0.0, 0.0, 0.0, 0.0, 0.0, 0.0, 0.0, 0.0, 0.0, 0.0, 0.0, 0.0, 0.0, 0.0, 0.0, 0.0, 0.0, 0.0];
[0.0, 0.0, 0.0, 0.0, 0.0, 0.0, 0.0, 0.0, 0.0, 0.0, 0.0, 0.0, 0.0, 0.0, 0.0, 0.0, 0.0, 0.0, 0.0, 0.0, 0.0, 0.0, 0.0, 0.0, 0.0, 0.0, 0.0, 0.0, 0.0, 0.0];
[0.0, 0.0, 0.0, 0.0, 0.0, 0.0, 0.0, 0.0, 0.0, 0.0, 0.0, 0.0, 0.0, 0.0, 0.0, 0.0, 0.0, 0.0, 0.0, 0.0, 0.0, 0.0, 0.0, 0.0, 0.0, 0.0, 0.0, 0.0, 0.0, 0.0];
[0.0, 0.0, 0.0, 0.0, 0.0, 0.0, 0.0, 0.0, 0.0, 0.0, 0.0, 0.0, 0.0, 0.0, 0.0, 0.0, 0.0, 0.3333333333333333, 0.0, 0.0, 0.5, 0.0, 0.0, 0.0, 0.0, 0.0, 0.0, 0.0, 1.0, 0.0];
[0.0, 0.0, 0.0, 0.0, 0.0, 0.0, 0.5, 0.07142857142857142, 1.0, 0.5, 0.07042253521126761, 0.0, 1.0, 0.6, 0.2, 0.3333333333333333, 0.25, 1.0, 0.13793103448275862, 0.12121212121212122, 0.2, 0.0759493670886076, 0.25, 0.4, 0.14285714285714285, 0.25, 0.25, 0.3333333333333333, 1.0, 0.4];
[0.0, 0.0, 0.0, 0.0, 0.0, 0.0, 0.0, 0.0, 0.0, 0.0, 0.0, 0.0, 0.0, 0.0, 0.0, 0.0, 0.0, 0.0, 0.0, 0.0, 0.0, 0.0, 0.0, 0.0, 0.0, 0.0, 0.0, 0.0, 0.0, 0.0];
[0.0, 0.0, 0.0, 0.0, 0.0, 0.0, 0.0, 0.0, 0.0, 0.0, 0.0, 0.0, 0.0, 0.0, 0.0, 0.0, 0.0, 0.0, 0.0, 0.0, 0.0, 0.0, 0.0, 0.0, 0.0, 0.0, 0.0, 0.0, 0.0, 0.0];
[0.0, 0.0, 0.0, 0.0, 0.0, 0.0, 0.0, 0.0, 0.0, 0.0, 0.0, 0.0, 0.0, 0.0, 0.0, 0.0, 0.0, 0.0, 0.0, 0.0, 0.0, 0.0, 0.0, 0.0, 0.0, 0.0, 0.0, 0.0, 0.0, 0.0];
[0.0, 0.0, 0.0, 0.0, 0.0, 0.3333333333333333, 0.2, 0.3333333333333333, 0.35714285714285715, 0.3225806451612903, 0.35714285714285715, 0.2916666666666667, 0.5294117647058824, 0.5, 0.7777777777777778, 0.35, 0.9, 0.8888888888888888, 1.0, 0.42105263157894735, 0.6666666666666666, 0.6, 1.0, 1.0, 1.0, 1.0, 1.0, 1.0, 1.0, 1.0];
-------------recall-------------
[0.0, 1.0, 1.0, 1.0, 1.0, 1.0, 0.5, 0.5, 1.0, 0.75, 0.5, 0.5, 0.5, 1.0, 0.625, 0.625, 0.75, 1.0, 0.5, 1.0, 0.875, 1.0, 1.0, 1.0, 1.0, 1.0, 0.5, 0.875, 1.0, 1.0];
[0.0, 0.0, 0.0, 0.0, 0.0, 0.0, 0.0, 0.0, 0.0, 0.0, 0.0, 0.18518518518518517, 0.18518518518518517, 0.9629629629629629, 0.8888888888888888, 0.9629629629629629, 0.9629629629629629, 1.0, 1.0, 0.9629629629629629, 1.0, 1.0, 1.0, 1.0, 1.0, 1.0, 1.0, 1.0, 1.0, 1.0];
[1.0, 0.46835443037974683, 0.12658227848101267, 0.12658227848101267, 0.4936708860759494, 0.4810126582278481, 0.46835443037974683, 0.759493670886076, 0.6708860759493671, 0.5316455696202531, 0.4936708860759494, 0.4810126582278481, 0.4810126582278481, 0.8987341772151899, 0.4810126582278481, 0.5316455696202531, 0.4810126582278481, 0.4936708860759494, 0.4810126582278481, 0.4810126582278481, 0.4810126582278481, 0.4810126582278481, 0.9493670886075949, 0.9493670886075949, 0.9493670886075949, 0.9493670886075949, 1.0, 0.9873417721518988, 0.9873417721518988, 0.9873417721518988];
[0.0, 0.0, 0.0, 0.0, 0.0, 0.0, 0.0, 0.0, 0.0, 0.3, 0.16666666666666666, 0.1, 0.7333333333333333, 0.7, 0.8, 0.7333333333333333, 0.7, 0.7666666666666667, 0.6666666666666666, 0.6666666666666666, 0.5666666666666667, 0.4666666666666667, 0.6, 0.5333333333333333, 0.6666666666666666, 0.8, 0.8, 0.8, 0.7333333333333333, 0.5];
[0.0, 0.0, 0.0, 0.3, 0.35714285714285715, 0.3142857142857143, 0.2857142857142857, 0.34285714285714286, 0.34285714285714286, 0.34285714285714286, 0.34285714285714286, 0.34285714285714286, 0.32857142857142857, 0.34285714285714286, 0.34285714285714286, 0.34285714285714286, 0.4857142857142857, 0.5, 0.44285714285714284, 0.42857142857142855, 0.5857142857142857, 0.5428571428571428, 0.5428571428571428, 0.6571428571428571, 0.6571428571428571, 0.5, 0.5714285714285714, 0.6, 0.45714285714285713, 0.6285714285714286];
[0.0, 0.0, 0.5714285714285714, 0.0, 0.7142857142857143, 1.0, 1.0, 1.0, 0.8571428571428571, 0.8571428571428571, 1.0, 1.0, 0.8571428571428571, 0.8571428571428571, 0.8571428571428571, 0.7142857142857143, 0.7142857142857143, 0.5714285714285714, 0.42857142857142855, 0.2857142857142857, 0.2857142857142857, 0.7142857142857143, 0.42857142857142855, 0.2857142857142857, 0.42857142857142855, 0.14285714285714285, 0.2857142857142857, 0.42857142857142855, 0.5714285714285714, 0.7142857142857143];
[0.0, 0.0, 0.0, 0.0, 0.0, 0.0, 0.0, 0.0, 0.0, 0.0, 0.0, 0.0, 0.0, 0.0, 0.0, 0.0, 0.0, 0.0, 0.0, 0.0, 0.0, 0.0, 0.0, 0.0, 0.0, 0.0, 0.0, 0.0, 0.0, 0.0];
[0.0, 0.0, 0.0, 0.0, 0.0, 0.0, 0.0, 0.0, 0.0, 0.0, 0.0, 0.0, 0.0, 0.0, 0.0, 0.0, 0.0, 0.0, 0.0, 0.0, 0.0, 0.0, 0.0, 0.0, 0.0, 0.0, 0.0, 0.0, 0.0, 0.0];
[0.0, 0.0, 0.0, 0.0, 0.0, 0.0, 0.0, 0.0, 0.0, 0.0, 0.0, 0.0, 0.0, 0.0, 0.0, 0.0, 0.0, 0.0, 0.0, 0.0, 0.0, 0.0, 0.0, 0.0, 0.0, 0.0, 0.0, 0.0, 0.0, 0.0];
[0.0, 0.0, 0.0, 0.0, 0.0, 0.0, 0.0, 0.0, 0.0, 0.0, 0.0, 0.0, 0.0, 0.0, 0.0, 0.0, 0.0, 0.14285714285714285, 0.0, 0.0, 0.7142857142857143, 0.0, 0.0, 0.0, 0.0, 0.0, 0.0, 0.0, 0.14285714285714285, 0.0];
[0.0, 0.0, 0.0, 0.0, 0.0, 0.0, 0.2, 0.1, 0.1, 0.2, 0.5, 0.0, 0.1, 0.3, 0.5, 0.1, 0.1, 0.1, 0.4, 0.4, 0.5, 0.6, 0.3, 0.2, 0.2, 0.2, 0.2, 0.2, 0.2, 0.2];
[0.0, 0.0, 0.0, 0.0, 0.0, 0.0, 0.0, 0.0, 0.0, 0.0, 0.0, 0.0, 0.0, 0.0, 0.0, 0.0, 0.0, 0.0, 0.0, 0.0, 0.0, 0.0, 0.0, 0.0, 0.0, 0.0, 0.0, 0.0, 0.0, 0.0];
[0.0, 0.0, 0.0, 0.0, 0.0, 0.0, 0.0, 0.0, 0.0, 0.0, 0.0, 0.0, 0.0, 0.0, 0.0, 0.0, 0.0, 0.0, 0.0, 0.0, 0.0, 0.0, 0.0, 0.0, 0.0, 0.0, 0.0, 0.0, 0.0, 0.0];
[0.0, 0.0, 0.0, 0.0, 0.0, 0.0, 0.0, 0.0, 0.0, 0.0, 0.0, 0.0, 0.0, 0.0, 0.0, 0.0, 0.0, 0.0, 0.0, 0.0, 0.0, 0.0, 0.0, 0.0, 0.0, 0.0, 0.0, 0.0, 0.0, 0.0];
[0.0, 0.0, 0.0, 0.0, 0.0, 0.8333333333333334, 0.9166666666666666, 0.9166666666666666, 0.8333333333333334, 0.8333333333333334, 0.8333333333333334, 0.5833333333333334, 0.75, 0.75, 0.5833333333333334, 0.5833333333333334, 0.75, 0.6666666666666666, 0.25, 0.6666666666666666, 0.3333333333333333, 0.5, 0.25, 0.08333333333333333, 0.6666666666666666, 0.5, 0.3333333333333333, 0.16666666666666666, 0.3333333333333333, 0.6666666666666666];
ex in each itr:array([  4.,   1.,   7.,   6.,   4.,  21.,  12.,   6.,   4.,   5.,   7.,
         2.,   5.,   2.,  11.,   5.,   6.,   2.,  12.,   1.,   6.,   6.,
         4.,   6.,   5.,   2.,   4.,   6.,   7.,   1.])
array([  1.,   2.,   4.,   5.,   6.,   7.,   8.,   9.,  10.,  11.,  12.,
        13.,  17.,  19.,  21.])
acc using gmm: [0.64930555555555558, 0.65156794425087106]
acc using gmm ex: 0.650436749903-0.00113119434766
-------------random-------------
-------------precision-------------
[0.0, 0.034482758620689655, 0.037037037037037035, 0.5, 0.25, 1.0, 0.4444444444444444, 0.0, 0.7142857142857143, 0.0, 1.0, 0.6666666666666666, 0.5, 1.0, 1.0, 0.0, 0.0, 1.0, 0.0, 0.0, 0.0, 0.6, 0.0, 0.0, 0.3333333333333333, 0.0, 0.3333333333333333, 0.0, 0.0, 0.75];
[0.0, 0.0, 0.15254237288135594, 0.11739130434782609, 0.14136125654450263, 0.12162162162162163, 0.7714285714285715, 0.9310344827586207, 0.574468085106383, 0.8709677419354839, 0.9565217391304348, 0.96, 0.9583333333333334, 0.9565217391304348, 0.9629629629629629, 0.9310344827586207, 0.96, 0.9523809523809523, 0.88, 0.96, 0.96, 0.9545454545454546, 0.9333333333333333, 0.9565217391304348, 0.9642857142857143, 0.9615384615384616, 0.9545454545454546, 0.9583333333333334, 0.9583333333333334, 0.9473684210526315];
[0.2777777777777778, 0.7142857142857143, 0.7017543859649122, 0.7222222222222222, 0.967741935483871, 1.0, 0.7916666666666666, 0.375, 0.5, 0.37735849056603776, 0.4437869822485207, 0.4506172839506173, 0.6302521008403361, 0.5033557046979866, 0.5725190839694656, 0.42105263157894735, 0.5095541401273885, 0.5161290322580645, 0.49079754601226994, 0.6299212598425197, 0.5531914893617021, 0.6299212598425197, 0.625, 0.6451612903225806, 0.6896551724137931, 0.7207207207207207, 0.7017543859649122, 0.6956521739130435, 0.6837606837606838, 0.6779661016949152];
[0.0, 0.0, 0.0, 0.0, 0.26, 0.6428571428571429, 0.35294117647058826, 0.3, 0.45, 0.5625, 0.8, 0.8, 0.4444444444444444, 0.4, 0.34615384615384615, 0.4444444444444444, 0.5161290322580645, 0.38636363636363635, 0.4594594594594595, 0.7333333333333333, 0.7, 0.5925925925925926, 0.5172413793103449, 0.5333333333333333, 0.36666666666666664, 0.5348837209302325, 0.5714285714285714, 0.6, 0.45454545454545453, 0.4666666666666667];
[0.0, 0.0, 0.0, 0.0, 0.0, 1.0, 1.0, 1.0, 1.0, 0.9285714285714286, 0.5568181818181818, 0.6385542168674698, 0.5728155339805825, 0.6551724137931034, 0.6842105263157895, 0.8409090909090909, 0.746031746031746, 0.78, 0.7446808510638298, 0.5961538461538461, 0.6559139784946236, 0.6630434782608695, 0.6304347826086957, 0.75, 0.6625, 0.7432432432432432, 0.6344086021505376, 0.7093023255813954, 0.6625, 0.5185185185185185];
[0.0, 0.0, 0.0, 0.0, 0.0, 0.0, 0.0, 0.0, 0.0, 0.0, 0.0, 0.0, 0.0, 0.0, 0.0, 0.0, 0.0, 0.0, 0.0, 0.0, 0.0, 0.0, 0.0, 0.0, 0.0, 0.6666666666666666, 1.0, 0.0, 0.6666666666666666, 0.5];
[0.0, 0.0, 0.0, 0.0, 0.0, 0.0, 0.0, 0.0, 0.0, 0.0, 0.0, 0.3333333333333333, 0.42857142857142855, 0.3333333333333333, 0.42857142857142855, 0.5, 0.3333333333333333, 0.25, 0.5, 0.42857142857142855, 0.3333333333333333, 0.5, 0.46153846153846156, 0.38461538461538464, 0.45454545454545453, 0.5, 0.4, 0.42857142857142855, 0.42857142857142855, 0.36363636363636365];
[0.0, 0.0, 0.0, 0.0, 0.0, 0.0, 0.06481481481481481, 0.75, 0.3333333333333333, 0.0, 0.5, 0.0, 0.22727272727272727, 0.3333333333333333, 0.25, 0.0, 0.5714285714285714, 0.2, 0.4166666666666667, 0.5, 0.75, 0.38461538461538464, 0.45454545454545453, 0.3333333333333333, 0.4117647058823529, 0.2777777777777778, 0.38461538461538464, 0.4117647058823529, 0.35714285714285715, 0.5];
[0.0, 0.0, 0.0, 0.0, 0.0, 0.0, 0.0, 0.0, 0.0, 0.0, 0.0, 0.0, 0.0, 0.0, 0.0, 0.0, 0.0, 0.0, 0.0, 0.0, 0.0, 0.0, 0.0, 0.0, 0.0, 0.0, 0.0, 0.0, 0.0, 0.0];
[0.0, 0.0, 0.0, 0.0, 0.0, 0.0, 0.0, 0.0, 0.0, 0.0, 0.0, 0.0, 0.0, 0.0, 0.6, 0.0, 1.0, 0.5, 1.0, 1.0, 1.0, 0.0, 0.0, 1.0, 0.0, 0.0, 0.0, 0.0, 0.0, 1.0];
[0.0, 0.0, 0.0, 0.0, 0.0, 0.0, 0.0, 0.0, 0.0, 0.0, 0.0, 0.0, 0.0, 0.0, 0.0, 0.0, 0.0, 0.0, 0.0, 0.0, 0.0, 0.0, 0.0, 0.0, 0.3333333333333333, 0.3333333333333333, 0.3333333333333333, 1.0, 0.6666666666666666, 0.5];
[0.0, 0.0, 0.0, 0.0, 0.0, 0.0, 0.0, 0.0, 0.0, 0.0, 0.0, 0.0, 0.0, 0.0, 0.0, 0.0, 0.0, 0.0, 0.0, 0.0, 0.0, 0.0, 0.0, 0.0, 0.0, 0.0, 0.0, 0.0, 0.0, 0.0];
[0.0, 0.0, 0.0, 0.0, 0.0, 0.0, 0.0, 0.0, 0.0, 0.0, 0.0, 0.0, 0.0, 0.0, 0.0, 0.0, 0.0, 0.0, 0.0, 0.0, 0.0, 0.0, 0.0, 0.0, 0.0, 0.0, 0.0, 0.0, 0.0, 0.0];
[0.0, 0.0, 0.0, 0.0, 0.0, 0.0, 0.0, 0.0, 0.0, 0.0, 0.0, 0.0, 0.0, 0.0, 0.0, 0.0, 0.0, 0.0, 0.0, 0.0, 0.0, 0.0, 0.0, 0.0, 0.0, 0.0, 0.0, 0.0, 0.0, 0.0];
[0.0, 0.0, 0.0, 0.0, 0.0, 0.0, 0.0, 0.0, 0.0, 0.0, 0.0, 0.0, 0.0, 0.0, 0.0, 0.0, 0.0, 0.0, 0.0, 0.0, 0.0, 0.0, 0.0, 0.0, 0.0, 0.0, 0.0, 0.0, 0.0, 0.0];
-------------recall-------------
[0.0, 1.0, 0.25, 0.25, 0.5, 0.125, 0.5, 0.0, 0.625, 0.0, 0.125, 0.75, 0.25, 0.125, 0.125, 0.0, 0.0, 0.125, 0.0, 0.0, 0.0, 0.375, 0.0, 0.0, 0.125, 0.0, 0.125, 0.0, 0.0, 0.375];
[0.0, 0.0, 1.0, 1.0, 1.0, 1.0, 1.0, 1.0, 1.0, 1.0, 0.8148148148148148, 0.8888888888888888, 0.8518518518518519, 0.8148148148148148, 0.9629629629629629, 1.0, 0.8888888888888888, 0.7407407407407407, 0.8148148148148148, 0.8888888888888888, 0.8888888888888888, 0.7777777777777778, 0.5185185185185185, 0.8148148148148148, 1.0, 0.9259259259259259, 0.7777777777777778, 0.8518518518518519, 0.8518518518518519, 0.6666666666666666];
[1.0, 0.5, 0.5, 0.4875, 0.375, 0.4, 0.475, 0.975, 0.9375, 1.0, 0.9375, 0.9125, 0.9375, 0.9375, 0.9375, 1.0, 1.0, 1.0, 1.0, 1.0, 0.975, 1.0, 1.0, 1.0, 1.0, 1.0, 1.0, 1.0, 1.0, 1.0];
[0.0, 0.0, 0.0, 0.0, 0.4482758620689655, 0.3103448275862069, 0.8275862068965517, 0.3103448275862069, 0.6206896551724138, 0.3103448275862069, 0.13793103448275862, 0.13793103448275862, 0.13793103448275862, 0.6206896551724138, 0.6206896551724138, 0.27586206896551724, 0.5517241379310345, 0.5862068965517241, 0.5862068965517241, 0.3793103448275862, 0.4827586206896552, 0.5517241379310345, 0.5172413793103449, 0.8275862068965517, 0.3793103448275862, 0.7931034482758621, 0.5517241379310345, 0.6206896551724138, 0.5172413793103449, 0.2413793103448276];
[0.0, 0.0, 0.0, 0.0, 0.0, 0.2714285714285714, 0.2857142857142857, 0.24285714285714285, 0.37142857142857144, 0.37142857142857144, 0.7, 0.7571428571428571, 0.8428571428571429, 0.5428571428571428, 0.5571428571428572, 0.5285714285714286, 0.6714285714285714, 0.5571428571428572, 0.5, 0.8857142857142857, 0.8714285714285714, 0.8714285714285714, 0.8285714285714286, 0.7714285714285715, 0.7571428571428571, 0.7857142857142857, 0.8428571428571429, 0.8714285714285714, 0.7571428571428571, 0.8];
[0.0, 0.0, 0.0, 0.0, 0.0, 0.0, 0.0, 0.0, 0.0, 0.0, 0.0, 0.0, 0.0, 0.0, 0.0, 0.0, 0.0, 0.0, 0.0, 0.0, 0.0, 0.0, 0.0, 0.0, 0.0, 0.2857142857142857, 0.2857142857142857, 0.0, 0.2857142857142857, 0.14285714285714285];
[0.0, 0.0, 0.0, 0.0, 0.0, 0.0, 0.0, 0.0, 0.0, 0.0, 0.0, 0.07142857142857142, 0.21428571428571427, 0.07142857142857142, 0.21428571428571427, 0.21428571428571427, 0.07142857142857142, 0.07142857142857142, 0.07142857142857142, 0.21428571428571427, 0.07142857142857142, 0.07142857142857142, 0.42857142857142855, 0.35714285714285715, 0.35714285714285715, 0.35714285714285715, 0.2857142857142857, 0.42857142857142855, 0.42857142857142855, 0.2857142857142857];
[0.0, 0.0, 0.0, 0.0, 0.0, 0.0, 1.0, 0.42857142857142855, 0.8571428571428571, 0.0, 0.14285714285714285, 0.0, 0.7142857142857143, 0.42857142857142855, 0.2857142857142857, 0.0, 0.5714285714285714, 0.14285714285714285, 0.7142857142857143, 0.42857142857142855, 0.42857142857142855, 0.7142857142857143, 0.7142857142857143, 0.42857142857142855, 1.0, 0.7142857142857143, 0.7142857142857143, 1.0, 0.7142857142857143, 0.5714285714285714];
[0.0, 0.0, 0.0, 0.0, 0.0, 0.0, 0.0, 0.0, 0.0, 0.0, 0.0, 0.0, 0.0, 0.0, 0.0, 0.0, 0.0, 0.0, 0.0, 0.0, 0.0, 0.0, 0.0, 0.0, 0.0, 0.0, 0.0, 0.0, 0.0, 0.0];
[0.0, 0.0, 0.0, 0.0, 0.0, 0.0, 0.0, 0.0, 0.0, 0.0, 0.0, 0.0, 0.0, 0.0, 0.375, 0.0, 0.25, 0.5, 0.25, 0.375, 0.25, 0.0, 0.0, 0.25, 0.0, 0.0, 0.0, 0.0, 0.0, 0.125];
[0.0, 0.0, 0.0, 0.0, 0.0, 0.0, 0.0, 0.0, 0.0, 0.0, 0.0, 0.0, 0.0, 0.0, 0.0, 0.0, 0.0, 0.0, 0.0, 0.0, 0.0, 0.0, 0.0, 0.0, 0.1, 0.1, 0.1, 0.1, 0.2, 0.1];
[0.0, 0.0, 0.0, 0.0, 0.0, 0.0, 0.0, 0.0, 0.0, 0.0, 0.0, 0.0, 0.0, 0.0, 0.0, 0.0, 0.0, 0.0, 0.0, 0.0, 0.0, 0.0, 0.0, 0.0, 0.0, 0.0, 0.0, 0.0, 0.0, 0.0];
[0.0, 0.0, 0.0, 0.0, 0.0, 0.0, 0.0, 0.0, 0.0, 0.0, 0.0, 0.0, 0.0, 0.0, 0.0, 0.0, 0.0, 0.0, 0.0, 0.0, 0.0, 0.0, 0.0, 0.0, 0.0, 0.0, 0.0, 0.0, 0.0, 0.0];
[0.0, 0.0, 0.0, 0.0, 0.0, 0.0, 0.0, 0.0, 0.0, 0.0, 0.0, 0.0, 0.0, 0.0, 0.0, 0.0, 0.0, 0.0, 0.0, 0.0, 0.0, 0.0, 0.0, 0.0, 0.0, 0.0, 0.0, 0.0, 0.0, 0.0];
[0.0, 0.0, 0.0, 0.0, 0.0, 0.0, 0.0, 0.0, 0.0, 0.0, 0.0, 0.0, 0.0, 0.0, 0.0, 0.0, 0.0, 0.0, 0.0, 0.0, 0.0, 0.0, 0.0, 0.0, 0.0, 0.0, 0.0, 0.0, 0.0, 0.0];
ex in each itr:array([  4.,   1.,   2.,   2.,   5.,   6.,   9.,   4.,   4.,   6.,   6.,
         8.,   5.,   5.,  11.,   4.,   6.,   4.,   4.,   6.,   6.,   9.,
         8.,   5.,  12.,   7.,   6.,   5.,   4.,  10.])
array([  1.,   2.,   4.,   5.,   6.,   7.,   8.,   9.,  10.,  11.,  12.,
        13.,  17.,  18.,  21.])
-------------random-------------
-------------precision-------------
[0.0, 0.0, 0.0, 0.0, 0.0, 0.0, 0.0, 0.0, 0.0, 0.0, 0.0, 0.0, 0.0, 0.0, 0.0, 0.0, 0.0, 0.0, 0.0, 0.0, 0.0, 0.0, 0.5, 0.0, 0.0, 0.0, 0.0, 1.0, 0.0, 0.0];
[0.0, 0.0, 0.0, 0.8181818181818182, 0.8888888888888888, 0.7391304347826086, 0.9285714285714286, 0.8125, 0.9615384615384616, 0.8181818181818182, 0.9310344827586207, 0.9565217391304348, 0.9, 0.9615384615384616, 0.9642857142857143, 0.9642857142857143, 0.9642857142857143, 0.9642857142857143, 0.9642857142857143, 0.9642857142857143, 0.9642857142857143, 0.9642857142857143, 0.9642857142857143, 0.9642857142857143, 0.9642857142857143, 0.9642857142857143, 0.9642857142857143, 0.9629629629629629, 0.9629629629629629, 0.9642857142857143];
[0.0, 0.0, 0.0, 0.0, 0.0, 0.0, 0.9069767441860465, 0.4010152284263959, 0.46153846153846156, 0.7708333333333334, 0.8043478260869565, 0.7659574468085106, 0.8571428571428571, 0.9259259259259259, 0.8488372093023255, 1.0, 0.8860759493670886, 0.9210526315789473, 0.8333333333333334, 0.872093023255814, 0.8152173913043478, 0.9615384615384616, 0.8241758241758241, 0.8809523809523809, 0.8241758241758241, 0.7731958762886598, 0.8222222222222222, 0.8888888888888888, 0.8235294117647058, 0.7912087912087912];
[0.0, 0.0, 0.0, 0.0, 0.0, 0.0, 0.0, 0.0, 0.0, 0.0, 0.0, 0.6, 0.5454545454545454, 0.7142857142857143, 0.8235294117647058, 0.8888888888888888, 0.875, 0.8, 0.7647058823529411, 1.0, 1.0, 1.0, 0.75, 1.0, 1.0, 1.0, 1.0, 1.0, 0.8333333333333334, 1.0];
[0.24390243902439024, 0.3175355450236967, 0.9230769230769231, 0.96, 0.29910714285714285, 0.40372670807453415, 0.4855072463768116, 0.6190476190476191, 0.7068965517241379, 0.5517241379310345, 0.5227272727272727, 0.5037593984962406, 0.5038759689922481, 0.48226950354609927, 0.5483870967741935, 0.46, 0.49640287769784175, 0.4791666666666667, 0.5573770491803278, 0.5074626865671642, 0.544, 0.4791666666666667, 0.5726495726495726, 0.5036496350364964, 0.5476190476190477, 0.5396825396825397, 0.5609756097560976, 0.5073529411764706, 0.5227272727272727, 0.5390625];
[0.0, 0.0, 0.0, 0.0, 0.0, 0.0, 0.0, 0.0, 0.0, 0.0, 0.0, 0.0, 0.0, 0.0, 0.0, 0.0, 0.0, 0.0, 0.0, 0.0, 0.0, 0.0, 0.0, 0.0, 0.0, 0.0, 0.0, 0.0, 0.0, 0.0];
[0.0, 0.0, 0.0582010582010582, 0.05286343612334802, 0.5294117647058824, 0.15789473684210525, 0.13333333333333333, 0.4, 0.3333333333333333, 0.47619047619047616, 0.5263157894736842, 0.5263157894736842, 0.5263157894736842, 0.5882352941176471, 0.5263157894736842, 0.5263157894736842, 0.5263157894736842, 0.5, 0.5263157894736842, 0.47058823529411764, 0.5882352941176471, 0.5882352941176471, 0.5294117647058824, 0.5263157894736842, 0.5882352941176471, 0.5, 0.4444444444444444, 0.5, 0.5882352941176471, 0.5333333333333333];
[0.0, 0.09210526315789473, 0.06944444444444445, 0.0, 0.3157894736842105, 0.14814814814814814, 0.0, 0.42857142857142855, 0.25, 0.23809523809523808, 0.3333333333333333, 0.5, 0.35714285714285715, 0.5, 0.3333333333333333, 0.5, 0.25, 0.3333333333333333, 0.3333333333333333, 0.5, 0.14285714285714285, 0.5, 0.42857142857142855, 0.6666666666666666, 0.5, 0.5, 0.2, 0.4, 0.5, 0.0];
[0.0, 0.0, 0.0, 0.0, 0.0, 0.0, 0.0, 0.0, 0.0, 0.0, 0.0, 0.0, 0.0, 0.0, 0.0, 0.0, 0.0, 0.0, 0.0, 0.0, 0.0, 0.0, 0.0, 0.0, 0.0, 0.0, 0.0, 0.0, 0.0, 0.0];
[0.0, 0.0, 0.0, 0.0, 0.0, 0.0, 0.0, 0.0, 0.0, 0.0, 0.0, 0.0, 0.0, 0.36363636363636365, 0.4, 0.45454545454545453, 0.5, 0.5, 0.42857142857142855, 0.3333333333333333, 0.375, 0.3333333333333333, 0.5, 0.5, 0.3333333333333333, 0.4, 0.5, 0.5, 0.3333333333333333, 0.4];
[0.0, 0.0, 0.0, 0.0, 0.0, 0.0, 0.0, 0.0, 0.0, 0.0, 0.0, 0.0, 0.0, 0.0, 0.0, 0.0, 0.0, 0.0, 0.0, 0.0, 1.0, 1.0, 1.0, 1.0, 1.0, 1.0, 1.0, 1.0, 1.0, 1.0];
[0.0, 0.0, 0.0, 0.0, 0.0, 0.0, 0.0, 0.0, 0.0, 0.0, 0.0, 0.0, 0.0, 0.0, 0.0, 0.0, 0.0, 0.0, 0.0, 0.0, 0.0, 0.0, 0.0, 0.0, 0.0, 0.0, 0.0, 0.0, 0.0, 0.0];
[0.0, 0.0, 0.0, 0.0, 0.0, 0.0, 0.0, 0.0, 0.0, 0.0, 0.0, 0.0, 0.0, 0.0, 0.0, 0.0, 0.0, 0.0, 0.0, 0.0, 0.0, 0.0, 0.0, 0.0, 0.0, 0.0, 0.0, 0.0, 0.0, 0.0];
[0.0, 0.0, 0.0, 0.0, 0.0, 0.0, 0.0, 0.0, 0.0, 0.0, 0.0, 0.0, 0.0, 0.0, 0.0, 0.0, 0.0, 0.0, 0.0, 0.0, 0.0, 0.0, 0.0, 0.0, 0.0, 0.0, 0.0, 0.0, 0.0, 0.0];
[0.0, 0.0, 0.0, 0.0, 0.0, 0.0, 0.0, 0.0, 0.0, 0.0, 0.0, 0.0, 0.0, 0.0, 0.0, 0.0, 0.0, 0.0, 0.0, 0.0, 0.0, 0.0, 0.0, 0.0, 0.0, 0.0, 1.0, 0.5, 0.0, 0.5];
-------------recall-------------
[0.0, 0.0, 0.0, 0.0, 0.0, 0.0, 0.0, 0.0, 0.0, 0.0, 0.0, 0.0, 0.0, 0.0, 0.0, 0.0, 0.0, 0.0, 0.0, 0.0, 0.0, 0.0, 0.125, 0.0, 0.0, 0.0, 0.0, 0.125, 0.0, 0.0];
[0.0, 0.0, 0.0, 1.0, 0.8888888888888888, 0.6296296296296297, 0.48148148148148145, 0.48148148148148145, 0.9259259259259259, 1.0, 1.0, 0.8148148148148148, 1.0, 0.9259259259259259, 1.0, 1.0, 1.0, 1.0, 1.0, 1.0, 1.0, 1.0, 1.0, 1.0, 1.0, 1.0, 1.0, 0.9629629629629629, 0.9629629629629629, 1.0];
[0.0, 0.0, 0.0, 0.0, 0.0, 0.0, 0.4936708860759494, 1.0, 0.9873417721518988, 0.9367088607594937, 0.9367088607594937, 0.9113924050632911, 0.9113924050632911, 0.9493670886075949, 0.9240506329113924, 0.8607594936708861, 0.8860759493670886, 0.8860759493670886, 0.8860759493670886, 0.9493670886075949, 0.9493670886075949, 0.9493670886075949, 0.9493670886075949, 0.9367088607594937, 0.9493670886075949, 0.9493670886075949, 0.9367088607594937, 0.9113924050632911, 0.8860759493670886, 0.9113924050632911];
[0.0, 0.0, 0.0, 0.0, 0.0, 0.0, 0.0, 0.0, 0.0, 0.0, 0.0, 0.2, 0.2, 0.16666666666666666, 0.4666666666666667, 0.26666666666666666, 0.23333333333333334, 0.13333333333333333, 0.43333333333333335, 0.26666666666666666, 0.2, 0.06666666666666667, 0.3, 0.1, 0.23333333333333334, 0.16666666666666666, 0.3, 0.23333333333333334, 0.16666666666666666, 0.26666666666666666];
[1.0, 0.9571428571428572, 0.34285714285714286, 0.34285714285714286, 0.9571428571428572, 0.9285714285714286, 0.9571428571428572, 0.37142857142857144, 0.5857142857142857, 0.9142857142857143, 0.9857142857142858, 0.9571428571428572, 0.9285714285714286, 0.9714285714285714, 0.9714285714285714, 0.9857142857142858, 0.9857142857142858, 0.9857142857142858, 0.9714285714285714, 0.9714285714285714, 0.9714285714285714, 0.9857142857142858, 0.9571428571428572, 0.9857142857142858, 0.9857142857142858, 0.9714285714285714, 0.9857142857142858, 0.9857142857142858, 0.9857142857142858, 0.9857142857142858];
[0.0, 0.0, 0.0, 0.0, 0.0, 0.0, 0.0, 0.0, 0.0, 0.0, 0.0, 0.0, 0.0, 0.0, 0.0, 0.0, 0.0, 0.0, 0.0, 0.0, 0.0, 0.0, 0.0, 0.0, 0.0, 0.0, 0.0, 0.0, 0.0, 0.0];
[0.0, 0.0, 0.8461538461538461, 0.9230769230769231, 0.6923076923076923, 0.9230769230769231, 0.9230769230769231, 0.7692307692307693, 0.7692307692307693, 0.7692307692307693, 0.7692307692307693, 0.7692307692307693, 0.7692307692307693, 0.7692307692307693, 0.7692307692307693, 0.7692307692307693, 0.7692307692307693, 0.7692307692307693, 0.7692307692307693, 0.6153846153846154, 0.7692307692307693, 0.7692307692307693, 0.6923076923076923, 0.7692307692307693, 0.7692307692307693, 0.6923076923076923, 0.6153846153846154, 0.6153846153846154, 0.7692307692307693, 0.6153846153846154];
[0.0, 0.875, 0.625, 0.0, 0.75, 0.5, 0.0, 0.375, 0.125, 0.625, 0.625, 0.5, 0.625, 0.25, 0.125, 0.125, 0.25, 0.25, 0.375, 0.125, 0.125, 0.125, 0.375, 0.25, 0.125, 0.125, 0.125, 0.25, 0.125, 0.0];
[0.0, 0.0, 0.0, 0.0, 0.0, 0.0, 0.0, 0.0, 0.0, 0.0, 0.0, 0.0, 0.0, 0.0, 0.0, 0.0, 0.0, 0.0, 0.0, 0.0, 0.0, 0.0, 0.0, 0.0, 0.0, 0.0, 0.0, 0.0, 0.0, 0.0];
[0.0, 0.0, 0.0, 0.0, 0.0, 0.0, 0.0, 0.0, 0.0, 0.0, 0.0, 0.0, 0.0, 0.5714285714285714, 0.5714285714285714, 0.7142857142857143, 0.42857142857142855, 0.5714285714285714, 0.42857142857142855, 0.5714285714285714, 0.42857142857142855, 0.5714285714285714, 0.5714285714285714, 0.5714285714285714, 0.5714285714285714, 0.5714285714285714, 0.5714285714285714, 0.5714285714285714, 0.5714285714285714, 0.5714285714285714];
[0.0, 0.0, 0.0, 0.0, 0.0, 0.0, 0.0, 0.0, 0.0, 0.0, 0.0, 0.0, 0.0, 0.0, 0.0, 0.0, 0.0, 0.0, 0.0, 0.0, 0.4, 0.4, 0.5, 0.5, 0.4, 0.1, 0.4, 0.4, 0.5, 0.5];
[0.0, 0.0, 0.0, 0.0, 0.0, 0.0, 0.0, 0.0, 0.0, 0.0, 0.0, 0.0, 0.0, 0.0, 0.0, 0.0, 0.0, 0.0, 0.0, 0.0, 0.0, 0.0, 0.0, 0.0, 0.0, 0.0, 0.0, 0.0, 0.0, 0.0];
[0.0, 0.0, 0.0, 0.0, 0.0, 0.0, 0.0, 0.0, 0.0, 0.0, 0.0, 0.0, 0.0, 0.0, 0.0, 0.0, 0.0, 0.0, 0.0, 0.0, 0.0, 0.0, 0.0, 0.0, 0.0, 0.0, 0.0, 0.0, 0.0, 0.0];
[0.0, 0.0, 0.0, 0.0, 0.0, 0.0, 0.0, 0.0, 0.0, 0.0, 0.0, 0.0, 0.0, 0.0, 0.0, 0.0, 0.0, 0.0, 0.0, 0.0, 0.0, 0.0, 0.0, 0.0, 0.0, 0.0, 0.0, 0.0, 0.0, 0.0];
[0.0, 0.0, 0.0, 0.0, 0.0, 0.0, 0.0, 0.0, 0.0, 0.0, 0.0, 0.0, 0.0, 0.0, 0.0, 0.0, 0.0, 0.0, 0.0, 0.0, 0.0, 0.0, 0.0, 0.0, 0.0, 0.0, 0.16666666666666666, 0.08333333333333333, 0.0, 0.08333333333333333];
ex in each itr:array([  6.,   9.,   8.,   2.,   6.,   8.,   4.,   4.,   6.,   2.,   6.,
         5.,   2.,  11.,   5.,   6.,   1.,   6.,   4.,   4.,  12.,   2.,
         4.,   4.,   4.,   4.,  21.,   6.,   6.,   4.])
array([  1.,   2.,   4.,   5.,   6.,   7.,   8.,   9.,  10.,  11.,  12.,
        13.,  17.,  19.,  21.])
acc using random: [0.60763888888888884, 0.6759581881533101]
acc using random ex: 0.641798538521-0.0341596496322
-------------km-------------
-------------precision-------------
[0.0, 0.0, 0.0, 0.0, 0.0, 0.0, 0.0, 0.0, 0.0, 0.0, 0.0, 0.0, 0.0, 0.0, 0.0, 0.0, 0.0, 0.0, 0.0, 0.0, 0.0, 0.0, 0.5, 0.16666666666666666, 0.5, 0.16666666666666666, 0.2, 0.5, 0.16666666666666666, 0.25];
[0.09375, 0.18120805369127516, 0.9230769230769231, 0.25961538461538464, 0.7428571428571429, 0.9642857142857143, 0.9629629629629629, 0.7931034482758621, 0.7058823529411765, 0.88, 0.96, 0.9444444444444444, 0.9583333333333334, 0.8333333333333334, 0.8846153846153846, 0.8518518518518519, 0.7666666666666667, 0.9411764705882353, 0.9166666666666666, 0.9166666666666666, 0.9285714285714286, 0.95, 0.9444444444444444, 0.9285714285714286, 0.9230769230769231, 0.9545454545454546, 0.9230769230769231, 0.96, 0.9166666666666666, 0.9545454545454546];
[0.0, 0.539568345323741, 0.3015267175572519, 0.4807692307692308, 0.352112676056338, 0.45977011494252873, 0.3791469194312796, 0.5067567567567568, 0.5859375, 0.5681818181818182, 0.5172413793103449, 0.625, 0.5681818181818182, 0.5859375, 0.5703703703703704, 0.6578947368421053, 0.7142857142857143, 0.8241758241758241, 0.7281553398058253, 0.7916666666666666, 0.8152173913043478, 0.7731958762886598, 0.7352941176470589, 0.7079646017699115, 0.7358490566037735, 0.6504065040650406, 0.7142857142857143, 0.6896551724137931, 0.7407407407407407, 0.7142857142857143];
[0.0, 0.0, 0.0, 0.0, 0.0, 0.3333333333333333, 0.3333333333333333, 0.4, 0.5, 0.3333333333333333, 0.45454545454545453, 0.75, 0.3333333333333333, 0.4, 0.3333333333333333, 0.3333333333333333, 0.6956521739130435, 0.7916666666666666, 0.5, 0.8333333333333334, 0.75, 0.5789473684210527, 0.8571428571428571, 0.8214285714285714, 0.8125, 0.6410256410256411, 0.8666666666666667, 0.8125, 0.8064516129032258, 0.8928571428571429];
[0.0, 0.0, 0.0, 1.0, 0.65, 0.6216216216216216, 0.7894736842105263, 0.5188679245283019, 0.45390070921985815, 0.4957983193277311, 0.514018691588785, 0.4732824427480916, 0.49107142857142855, 0.44881889763779526, 0.5340909090909091, 0.5494505494505495, 0.5490196078431373, 0.488, 0.5420560747663551, 0.4050632911392405, 0.47580645161290325, 0.6744186046511628, 0.6060606060606061, 0.6704545454545454, 0.5309734513274337, 0.803030303030303, 0.6521739130434783, 0.8208955223880597, 0.6705882352941176, 0.7564102564102564];
[0.0, 0.0, 0.0, 0.0, 0.0, 0.0, 0.0, 0.0, 0.0, 0.0, 0.0, 0.0, 0.0, 0.0, 0.0, 0.0, 0.0, 0.0, 0.0, 0.0, 0.0, 0.0, 0.0, 0.0, 0.0, 0.0, 0.0, 1.0, 1.0, 1.0];
[0.0, 0.0, 0.0, 0.0, 0.0, 0.0, 0.0, 0.0, 0.0, 0.0, 0.0, 0.0, 0.0, 0.0, 0.0, 0.0, 0.0, 0.0, 0.0, 0.0, 0.0, 0.0, 0.0, 0.0, 0.0, 0.0, 0.0, 0.0, 0.0, 0.0];
[0.0, 0.0, 0.0, 0.0, 0.0, 0.0, 0.0, 0.0, 0.0, 0.0, 0.0, 0.4, 0.5, 0.35714285714285715, 0.8333333333333334, 0.42857142857142855, 0.45454545454545453, 0.5, 0.6, 0.6, 0.3, 0.375, 0.46153846153846156, 0.8571428571428571, 0.4, 0.5454545454545454, 0.6, 0.46153846153846156, 0.6, 0.6];
[0.0, 0.0, 0.0, 0.0, 0.0, 0.0, 0.0, 0.0, 0.0, 0.0, 0.0, 0.0, 0.0, 0.0, 0.38461538461538464, 0.5714285714285714, 0.4, 0.35714285714285715, 0.38461538461538464, 0.5555555555555556, 0.8, 0.46153846153846156, 0.4, 0.35714285714285715, 0.5714285714285714, 0.42857142857142855, 0.4166666666666667, 0.46153846153846156, 0.3125, 0.5];
[0.0, 0.0, 0.0, 0.0, 0.0, 0.0, 0.0, 0.0, 0.0, 0.0, 0.0, 0.0, 0.0, 0.0, 0.0, 0.0, 0.0, 0.0, 0.0, 0.0, 0.0, 0.0, 0.0, 0.0, 0.0, 0.0, 0.0, 0.0, 0.0, 0.0];
[0.0, 0.0, 0.0, 0.0, 0.0, 0.0, 0.0, 0.0, 0.0, 0.0, 0.0, 0.0, 0.0, 0.0, 0.0, 0.0, 0.0, 0.0, 0.0, 0.0, 1.0, 0.75, 1.0, 0.75, 1.0, 1.0, 1.0, 1.0, 1.0, 1.0];
[0.0, 0.0, 0.0, 0.0, 0.0, 0.0, 0.0, 0.0, 0.0, 0.0, 0.0, 0.0, 0.0, 0.0, 0.0, 0.0, 0.0, 0.0, 0.0, 0.0, 0.0, 0.0, 0.0, 0.0, 0.0, 0.0, 0.0, 0.0, 0.0, 0.0];
[0.0, 0.0, 0.0, 0.0, 0.0, 0.0, 0.0, 0.0, 0.0, 0.0, 0.0, 0.0, 0.0, 0.0, 0.0, 0.0, 0.0, 0.0, 0.0, 0.0, 0.0, 0.0, 0.0, 0.0, 0.0, 0.0, 0.0, 0.0, 0.0, 0.2857142857142857];
[0.0, 0.0, 0.0, 0.0, 0.0, 0.0, 0.0, 0.0, 0.0, 0.0, 0.0, 0.0, 0.0, 0.0, 0.0, 0.0, 0.0, 0.0, 0.0, 0.0, 0.0, 0.0, 0.0, 0.0, 0.0, 0.0, 0.0, 0.0, 0.0, 0.0];
[0.0, 0.0, 0.0, 0.0, 0.0, 0.0, 0.0, 0.0, 0.0, 0.0, 0.0, 0.0, 0.0, 1.0, 0.6, 1.0, 1.0, 1.0, 1.0, 1.0, 1.0, 1.0, 1.0, 1.0, 1.0, 1.0, 1.0, 1.0, 1.0, 1.0];
-------------recall-------------
[0.0, 0.0, 0.0, 0.0, 0.0, 0.0, 0.0, 0.0, 0.0, 0.0, 0.0, 0.0, 0.0, 0.0, 0.0, 0.0, 0.0, 0.0, 0.0, 0.0, 0.0, 0.0, 0.125, 0.125, 0.125, 0.125, 0.125, 0.125, 0.125, 0.125];
[1.0, 1.0, 0.8888888888888888, 1.0, 0.9629629629629629, 1.0, 0.9629629629629629, 0.8518518518518519, 0.4444444444444444, 0.8148148148148148, 0.8888888888888888, 0.6296296296296297, 0.8518518518518519, 0.18518518518518517, 0.8518518518518519, 0.8518518518518519, 0.8518518518518519, 0.5925925925925926, 0.4074074074074074, 0.4074074074074074, 0.48148148148148145, 0.7037037037037037, 0.6296296296296297, 0.48148148148148145, 0.4444444444444444, 0.7777777777777778, 0.4444444444444444, 0.8888888888888888, 0.4074074074074074, 0.7777777777777778];
[0.0, 0.9375, 0.9875, 0.9375, 0.9375, 1.0, 1.0, 0.9375, 0.9375, 0.9375, 0.9375, 0.9375, 0.9375, 0.9375, 0.9625, 0.9375, 0.9375, 0.9375, 0.9375, 0.7125, 0.9375, 0.9375, 0.9375, 1.0, 0.975, 1.0, 1.0, 1.0, 1.0, 1.0];
[0.0, 0.0, 0.0, 0.0, 0.0, 0.13793103448275862, 0.13793103448275862, 0.06896551724137931, 0.034482758620689655, 0.13793103448275862, 0.1724137931034483, 0.10344827586206896, 0.13793103448275862, 0.13793103448275862, 0.1724137931034483, 0.3448275862068966, 0.5517241379310345, 0.6551724137931034, 0.6896551724137931, 0.6896551724137931, 0.6206896551724138, 0.7586206896551724, 0.8275862068965517, 0.7931034482758621, 0.4482758620689655, 0.8620689655172413, 0.896551724137931, 0.896551724137931, 0.8620689655172413, 0.8620689655172413];
[0.0, 0.0, 0.0, 0.4, 0.37142857142857144, 0.6571428571428571, 0.42857142857142855, 0.7857142857142857, 0.9142857142857143, 0.8428571428571429, 0.7857142857142857, 0.8857142857142857, 0.7857142857142857, 0.8142857142857143, 0.6714285714285714, 0.7142857142857143, 0.8, 0.8714285714285714, 0.8285714285714286, 0.9142857142857143, 0.8428571428571429, 0.8285714285714286, 0.8571428571428571, 0.8428571428571429, 0.8571428571428571, 0.7571428571428571, 0.8571428571428571, 0.7857142857142857, 0.8142857142857143, 0.8428571428571429];
[0.0, 0.0, 0.0, 0.0, 0.0, 0.0, 0.0, 0.0, 0.0, 0.0, 0.0, 0.0, 0.0, 0.0, 0.0, 0.0, 0.0, 0.0, 0.0, 0.0, 0.0, 0.0, 0.0, 0.0, 0.0, 0.0, 0.0, 0.5714285714285714, 0.42857142857142855, 0.14285714285714285];
[0.0, 0.0, 0.0, 0.0, 0.0, 0.0, 0.0, 0.0, 0.0, 0.0, 0.0, 0.0, 0.0, 0.0, 0.0, 0.0, 0.0, 0.0, 0.0, 0.0, 0.0, 0.0, 0.0, 0.0, 0.0, 0.0, 0.0, 0.0, 0.0, 0.0];
[0.0, 0.0, 0.0, 0.0, 0.0, 0.0, 0.0, 0.0, 0.0, 0.0, 0.0, 0.8571428571428571, 0.5714285714285714, 0.7142857142857143, 0.7142857142857143, 0.8571428571428571, 0.7142857142857143, 0.8571428571428571, 0.8571428571428571, 0.8571428571428571, 0.8571428571428571, 0.8571428571428571, 0.8571428571428571, 0.8571428571428571, 0.8571428571428571, 0.8571428571428571, 0.8571428571428571, 0.8571428571428571, 0.8571428571428571, 0.8571428571428571];
[0.0, 0.0, 0.0, 0.0, 0.0, 0.0, 0.0, 0.0, 0.0, 0.0, 0.0, 0.0, 0.0, 0.0, 0.5555555555555556, 0.4444444444444444, 0.6666666666666666, 0.5555555555555556, 0.5555555555555556, 0.5555555555555556, 0.4444444444444444, 0.6666666666666666, 0.4444444444444444, 0.5555555555555556, 0.4444444444444444, 0.3333333333333333, 0.5555555555555556, 0.6666666666666666, 0.5555555555555556, 0.6666666666666666];
[0.0, 0.0, 0.0, 0.0, 0.0, 0.0, 0.0, 0.0, 0.0, 0.0, 0.0, 0.0, 0.0, 0.0, 0.0, 0.0, 0.0, 0.0, 0.0, 0.0, 0.0, 0.0, 0.0, 0.0, 0.0, 0.0, 0.0, 0.0, 0.0, 0.0];
[0.0, 0.0, 0.0, 0.0, 0.0, 0.0, 0.0, 0.0, 0.0, 0.0, 0.0, 0.0, 0.0, 0.0, 0.0, 0.0, 0.0, 0.0, 0.0, 0.0, 0.4, 0.6, 0.6, 0.6, 0.6, 0.2, 0.4, 0.4, 0.6, 0.4];
[0.0, 0.0, 0.0, 0.0, 0.0, 0.0, 0.0, 0.0, 0.0, 0.0, 0.0, 0.0, 0.0, 0.0, 0.0, 0.0, 0.0, 0.0, 0.0, 0.0, 0.0, 0.0, 0.0, 0.0, 0.0, 0.0, 0.0, 0.0, 0.0, 0.0];
[0.0, 0.0, 0.0, 0.0, 0.0, 0.0, 0.0, 0.0, 0.0, 0.0, 0.0, 0.0, 0.0, 0.0, 0.0, 0.0, 0.0, 0.0, 0.0, 0.0, 0.0, 0.0, 0.0, 0.0, 0.0, 0.0, 0.0, 0.0, 0.0, 1.0];
[0.0, 0.0, 0.0, 0.0, 0.0, 0.0, 0.0, 0.0, 0.0, 0.0, 0.0, 0.0, 0.0, 0.0, 0.0, 0.0, 0.0, 0.0, 0.0, 0.0, 0.0, 0.0, 0.0, 0.0, 0.0, 0.0, 0.0, 0.0, 0.0, 0.0];
[0.0, 0.0, 0.0, 0.0, 0.0, 0.0, 0.0, 0.0, 0.0, 0.0, 0.0, 0.0, 0.0, 0.23076923076923078, 0.23076923076923078, 0.38461538461538464, 0.15384615384615385, 0.38461538461538464, 0.23076923076923078, 0.23076923076923078, 0.38461538461538464, 0.7692307692307693, 0.7692307692307693, 0.7692307692307693, 0.7692307692307693, 0.9230769230769231, 0.7692307692307693, 0.9230769230769231, 0.8461538461538461, 0.7692307692307693];
ex in each itr:array([  2.,   4.,   4.,   6.,   6.,   5.,   4.,   6.,   6.,   5.,   4.,
         9.,   6.,  21.,  10.,   5.,   5.,   6.,   6.,   5.,  12.,  21.,
         1.,   4.,   6.,   5.,   6.,   7.,   4.,  17.])
array([  1.,   2.,   4.,   5.,   6.,   7.,   8.,   9.,  10.,  11.,  12.,
        13.,  17.,  18.,  21.])
-------------km-------------
-------------precision-------------
[0.0, 0.0, 0.0, 0.0, 0.0, 0.0, 0.0, 0.0, 0.0, 0.0, 0.0, 0.0, 0.0, 0.0, 0.0, 0.0, 0.0, 0.0, 0.0, 0.0, 0.0, 0.0, 0.0, 0.0, 0.0, 1.0, 1.0, 1.0, 1.0, 1.0];
[0.0, 0.0, 0.0, 0.0, 0.0, 0.0, 0.0, 0.9583333333333334, 0.95, 0.9565217391304348, 0.26732673267326734, 0.8125, 0.7096774193548387, 0.9444444444444444, 0.9565217391304348, 0.9615384615384616, 0.9565217391304348, 0.9565217391304348, 0.9642857142857143, 0.9565217391304348, 0.9642857142857143, 1.0, 0.9565217391304348, 0.9629629629629629, 0.9444444444444444, 0.8076923076923077, 1.0, 0.95, 0.9565217391304348, 1.0];
[0.27526132404181186, 0.27526132404181186, 0.2791519434628975, 0.28113879003558717, 0.32231404958677684, 0.40106951871657753, 0.4, 0.45180722891566266, 0.47770700636942676, 0.45625, 0.8333333333333334, 0.6218487394957983, 0.6666666666666666, 0.8064516129032258, 0.7954545454545454, 0.6605504587155964, 0.6792452830188679, 0.6972477064220184, 0.6422764227642277, 0.5611510791366906, 0.7090909090909091, 0.6528925619834711, 0.92, 0.7523809523809524, 0.7333333333333333, 0.8494623655913979, 0.6869565217391305, 0.8315789473684211, 0.9080459770114943, 0.7669902912621359];
[0.0, 0.0, 0.5, 0.75, 0.5, 0.43548387096774194, 0.4318181818181818, 0.4358974358974359, 0.3888888888888889, 0.42857142857142855, 0.4666666666666667, 0.35714285714285715, 0.39285714285714285, 0.36, 0.36, 0.30864197530864196, 0.6111111111111112, 0.5217391304347826, 0.5454545454545454, 0.48148148148148145, 0.5789473684210527, 0.5652173913043478, 0.5217391304347826, 0.53125, 0.5185185185185185, 0.5454545454545454, 0.5217391304347826, 0.6666666666666666, 0.5454545454545454, 0.5238095238095238];
[0.0, 0.0, 0.0, 1.0, 1.0, 1.0, 1.0, 0.8571428571428571, 0.8695652173913043, 0.6818181818181818, 0.7906976744186046, 0.5795454545454546, 0.5773195876288659, 0.5588235294117647, 0.5263157894736842, 0.8297872340425532, 0.576271186440678, 0.6631578947368421, 0.6914893617021277, 0.7538461538461538, 0.6530612244897959, 0.6261682242990654, 0.6565656565656566, 0.8088235294117647, 0.7032967032967034, 0.735632183908046, 0.7176470588235294, 0.6666666666666666, 0.7023809523809523, 0.7468354430379747];
[0.0, 0.0, 0.0, 0.0, 0.0, 0.0, 0.0, 0.0, 0.0, 0.0, 0.0, 0.0, 0.0, 0.0, 0.0, 0.0, 0.0, 0.0, 0.0, 0.0, 0.0, 0.0, 0.0, 0.0, 0.0, 0.0, 0.0, 0.0, 0.0, 0.0];
[0.0, 0.0, 0.0, 0.0, 0.0, 0.0, 0.0, 0.0, 0.0, 0.0, 0.5, 1.0, 0.0, 0.0, 0.0, 0.0, 0.0, 0.0, 0.0, 0.0, 1.0, 1.0, 0.09302325581395349, 0.037037037037037035, 0.06666666666666667, 0.125, 0.12, 0.26666666666666666, 0.2, 0.1];
[0.0, 0.0, 0.0, 0.0, 0.0, 0.0, 0.0, 0.0, 0.0, 0.0, 0.0, 0.0, 0.0, 0.0, 0.0, 0.0, 0.0, 0.0, 0.0, 0.0, 0.0, 0.0, 0.0, 0.0, 0.0, 0.0, 0.0, 0.46153846153846156, 0.4, 0.4666666666666667];
[0.0, 0.0, 0.0, 0.0, 0.0, 0.0, 0.0, 0.0, 0.0, 0.0, 0.0, 0.0, 0.3333333333333333, 0.19047619047619047, 0.2, 0.3333333333333333, 0.35294117647058826, 0.2222222222222222, 0.35294117647058826, 0.375, 0.2727272727272727, 0.375, 0.375, 0.375, 0.35294117647058826, 0.375, 0.35294117647058826, 0.375, 0.375, 0.35294117647058826];
[0.0, 0.0, 0.0, 0.0, 0.0, 0.0, 0.0, 0.0, 0.0, 0.0, 0.0, 0.0, 0.0, 0.0, 0.0, 0.0, 0.0, 0.0, 0.0, 0.0, 0.0, 0.0, 0.0, 0.0, 0.0, 0.0, 0.0, 0.0, 0.0, 0.0];
[0.0, 0.0, 0.0, 0.0, 0.0, 0.0, 0.0, 0.0, 0.0, 0.0, 0.0, 0.0, 0.0, 0.0, 0.0, 0.0, 0.0, 0.0, 0.0, 1.0, 1.0, 1.0, 1.0, 0.8, 1.0, 1.0, 1.0, 1.0, 1.0, 1.0];
[0.0, 0.0, 0.0, 0.0, 0.0, 0.0, 0.0, 0.0, 0.0, 0.0, 0.0, 0.0, 0.0, 0.0, 0.0, 0.0, 0.0, 0.0, 0.0, 0.0, 0.0, 0.0, 0.0, 0.0, 0.0, 0.0, 0.0, 0.0, 0.0, 0.0];
[0.0, 0.0, 0.0, 0.0, 0.0, 0.0, 0.0, 0.0, 0.0, 0.0, 0.0, 0.0, 0.0, 0.0, 0.0, 0.0, 0.0, 0.0, 0.0, 0.0, 0.0, 0.0, 0.0, 0.0, 0.0, 0.0, 0.0, 0.0, 0.0, 0.0];
[0.0, 0.0, 0.0, 0.0, 0.0, 0.0, 0.0, 0.0, 0.0, 0.0, 0.0, 0.0, 0.0, 0.0, 0.0, 0.0, 0.0, 0.0, 0.0, 0.0, 0.0, 0.0, 0.0, 0.0, 0.0, 0.0, 0.0, 0.0, 0.0, 0.0];
[0.0, 0.0, 0.0, 0.0, 0.36666666666666664, 0.08, 0.15217391304347827, 0.16216216216216217, 0.09090909090909091, 0.12, 0.8333333333333334, 0.15789473684210525, 0.6, 0.6666666666666666, 1.0, 0.6, 0.6, 0.3, 1.0, 0.25, 0.75, 1.0, 1.0, 0.42857142857142855, 0.2222222222222222, 0.5, 0.6666666666666666, 1.0, 0.0, 1.0];
-------------recall-------------
[0.0, 0.0, 0.0, 0.0, 0.0, 0.0, 0.0, 0.0, 0.0, 0.0, 0.0, 0.0, 0.0, 0.0, 0.0, 0.0, 0.0, 0.0, 0.0, 0.0, 0.0, 0.0, 0.0, 0.0, 0.0, 0.375, 0.375, 0.375, 0.375, 0.375];
[0.0, 0.0, 0.0, 0.0, 0.0, 0.0, 0.0, 0.8518518518518519, 0.7037037037037037, 0.8148148148148148, 1.0, 0.9629629629629629, 0.8148148148148148, 0.6296296296296297, 0.8148148148148148, 0.9259259259259259, 0.8148148148148148, 0.8148148148148148, 1.0, 0.8148148148148148, 1.0, 0.4444444444444444, 0.8148148148148148, 0.9629629629629629, 0.6296296296296297, 0.7777777777777778, 0.4074074074074074, 0.7037037037037037, 0.8148148148148148, 0.4444444444444444];
[1.0, 1.0, 1.0, 1.0, 0.9873417721518988, 0.9493670886075949, 0.9367088607594937, 0.9493670886075949, 0.9493670886075949, 0.9240506329113924, 0.9493670886075949, 0.9367088607594937, 0.9113924050632911, 0.9493670886075949, 0.8860759493670886, 0.9113924050632911, 0.9113924050632911, 0.9620253164556962, 1.0, 0.9873417721518988, 0.9873417721518988, 1.0, 0.8734177215189873, 1.0, 0.9746835443037974, 1.0, 1.0, 1.0, 1.0, 1.0];
[0.0, 0.0, 0.06666666666666667, 0.1, 0.1, 0.9, 0.6333333333333333, 0.5666666666666667, 0.7, 0.5, 0.7, 0.3333333333333333, 0.36666666666666664, 0.3, 0.3, 0.8333333333333334, 0.36666666666666664, 0.4, 0.4, 0.43333333333333335, 0.36666666666666664, 0.43333333333333335, 0.4, 0.5666666666666667, 0.4666666666666667, 0.4, 0.4, 0.4, 0.8, 0.7333333333333333];
[0.0, 0.0, 0.0, 0.02857142857142857, 0.12857142857142856, 0.18571428571428572, 0.17142857142857143, 0.2571428571428571, 0.2857142857142857, 0.42857142857142855, 0.4857142857142857, 0.7285714285714285, 0.8, 0.8142857142857143, 0.8571428571428571, 0.5571428571428572, 0.9714285714285714, 0.9, 0.9285714285714286, 0.7, 0.9142857142857143, 0.9571428571428572, 0.9285714285714286, 0.7857142857142857, 0.9142857142857143, 0.9142857142857143, 0.8714285714285714, 0.9428571428571428, 0.8428571428571429, 0.8428571428571429];
[0.0, 0.0, 0.0, 0.0, 0.0, 0.0, 0.0, 0.0, 0.0, 0.0, 0.0, 0.0, 0.0, 0.0, 0.0, 0.0, 0.0, 0.0, 0.0, 0.0, 0.0, 0.0, 0.0, 0.0, 0.0, 0.0, 0.0, 0.0, 0.0, 0.0];
[0.0, 0.0, 0.0, 0.0, 0.0, 0.0, 0.0, 0.0, 0.0, 0.0, 0.07692307692307693, 0.07692307692307693, 0.0, 0.0, 0.0, 0.0, 0.0, 0.0, 0.0, 0.0, 0.07692307692307693, 0.07692307692307693, 0.3076923076923077, 0.07692307692307693, 0.07692307692307693, 0.3076923076923077, 0.23076923076923078, 0.3076923076923077, 0.15384615384615385, 0.07692307692307693];
[0.0, 0.0, 0.0, 0.0, 0.0, 0.0, 0.0, 0.0, 0.0, 0.0, 0.0, 0.0, 0.0, 0.0, 0.0, 0.0, 0.0, 0.0, 0.0, 0.0, 0.0, 0.0, 0.0, 0.0, 0.0, 0.0, 0.0, 0.75, 0.75, 0.875];
[0.0, 0.0, 0.0, 0.0, 0.0, 0.0, 0.0, 0.0, 0.0, 0.0, 0.0, 0.0, 0.6666666666666666, 0.8888888888888888, 0.7777777777777778, 0.6666666666666666, 0.6666666666666666, 0.6666666666666666, 0.6666666666666666, 0.6666666666666666, 0.6666666666666666, 0.6666666666666666, 0.6666666666666666, 0.6666666666666666, 0.6666666666666666, 0.6666666666666666, 0.6666666666666666, 0.6666666666666666, 0.6666666666666666, 0.6666666666666666];
[0.0, 0.0, 0.0, 0.0, 0.0, 0.0, 0.0, 0.0, 0.0, 0.0, 0.0, 0.0, 0.0, 0.0, 0.0, 0.0, 0.0, 0.0, 0.0, 0.0, 0.0, 0.0, 0.0, 0.0, 0.0, 0.0, 0.0, 0.0, 0.0, 0.0];
[0.0, 0.0, 0.0, 0.0, 0.0, 0.0, 0.0, 0.0, 0.0, 0.0, 0.0, 0.0, 0.0, 0.0, 0.0, 0.0, 0.0, 0.0, 0.0, 0.5, 0.5, 0.5, 0.5, 0.4, 0.5, 0.4, 0.5, 0.5, 0.4, 0.4];
[0.0, 0.0, 0.0, 0.0, 0.0, 0.0, 0.0, 0.0, 0.0, 0.0, 0.0, 0.0, 0.0, 0.0, 0.0, 0.0, 0.0, 0.0, 0.0, 0.0, 0.0, 0.0, 0.0, 0.0, 0.0, 0.0, 0.0, 0.0, 0.0, 0.0];
[0.0, 0.0, 0.0, 0.0, 0.0, 0.0, 0.0, 0.0, 0.0, 0.0, 0.0, 0.0, 0.0, 0.0, 0.0, 0.0, 0.0, 0.0, 0.0, 0.0, 0.0, 0.0, 0.0, 0.0, 0.0, 0.0, 0.0, 0.0, 0.0, 0.0];
[0.0, 0.0, 0.0, 0.0, 0.0, 0.0, 0.0, 0.0, 0.0, 0.0, 0.0, 0.0, 0.0, 0.0, 0.0, 0.0, 0.0, 0.0, 0.0, 0.0, 0.0, 0.0, 0.0, 0.0, 0.0, 0.0, 0.0, 0.0, 0.0, 0.0];
[0.0, 0.0, 0.0, 0.0, 0.9166666666666666, 0.16666666666666666, 0.5833333333333334, 0.5, 0.25, 0.25, 0.4166666666666667, 0.25, 0.25, 0.3333333333333333, 0.08333333333333333, 0.25, 0.25, 0.25, 0.16666666666666666, 0.25, 0.25, 0.16666666666666666, 0.25, 0.25, 0.16666666666666666, 0.16666666666666666, 0.16666666666666666, 0.25, 0.0, 0.16666666666666666];
ex in each itr:array([  4.,   4.,   5.,   6.,  21.,   5.,   5.,   2.,   6.,   6.,   8.,
         6.,  10.,   6.,   6.,   5.,   6.,   4.,   4.,  12.,   6.,   5.,
         8.,   5.,   4.,   1.,   6.,   9.,   5.,   6.])
array([  1.,   2.,   4.,   5.,   6.,   7.,   8.,   9.,  10.,  11.,  12.,
        13.,  17.,  19.,  21.])
acc using km: [0.74652777777777779, 0.67944250871080136]
acc using km ex: 0.712985143244-0.0335426345335
