415,439,418,55.267,488,768,636,9222.9,449,487,459.5,120.46,452.02,536.96,482.42,748.23,92.975,6416.5,2057.1,5.8474e+06,0.13557,2.36,1.0277,0.37008,2.1859,8.7727,3.4109,3.4547,447,472,448,70.517,459,603,484,2478,12,131,30.5,2000.8,-0.0084043,0.0077363,-0.00037673,2.1312e-05,1281,4325,4175,5.9297e+05,455.94,535.45,484.88,650.24,19.972,26.144,20.526,2.0784,1
42.38,49.68,46.785,4.2597,49,54.45,52.16,2.3002,45.08,52.11,50.19,4.0815,45.518,51.659,50.016,3.0789,0.28874,9.8669,2.8326,5.6913,-0.98064,0.80593,-0.24859,0.22001,1.3417,3.1433,1.9713,0.26133,44.12,50.51,48.37,4.1011,46.62,53.13,51.185,3.1793,0.96,6.19,2.645,2.0278,-0.00043581,0.00056508,0.0001922,9.6197e-08,666,2176,2089.5,1.4559e+05,45.53,51.715,50.01,3.1629,39.344,51.943,40.779,8.7139,2
22.63,23.53,23.04,0.05787,23.5,25.65,25.345,0.27775,22.92,24.26,23.82,0.12215,23.018,24.37,23.944,0.10829,0.034552,0.95485,0.47577,0.040194,0.24514,1.0974,0.4515,0.046046,1.6446,2.8958,2.1002,0.088093,22.84,23.86,23.295,0.07903,23.12,24.9,24.46,0.18429,0.25,1.87,1.18,0.1228,-0.00023934,0.00010462,-7.0965e-05,1.2275e-08,1082,3595,3538.5,4.241e+05,23.023,24.373,23.943,0.10743,23.912,31.397,24.364,3.1759,4
429,467,439,70.065,486,1235,776,73636,465,497,476,81.386,466.31,573.06,494.84,1457.1,65.714,20983,3570.9,6.674e+07,0,2.884,1.9585,1.3206,1,11.153,6.8349,11.72,460,483,466.5,53.938,472,569,490.5,1553.5,11,96,25,1284.6,-19,0.011328,-0.00076782,20.053,0,4209,4116,1.6708e+06,0,563.24,497.49,15529,-999,136.09,20.948,59404,1
50.74,58.02,54.67,7.8656,54.83,62.6,59.185,5.1165,52.695,59.74,57.9,5.5331,53.025,59.808,57.428,5.4681,0.08187,5.4102,1.4418,2.3552,-1.2321,1.2098,-0.16658,0.37671,1.3751,4.3929,1.9066,0.73776,51.63,59.13,56.385,6.3892,53.82,61.01,58.605,5.6005,0.49,4.12,1.44,1.52,-0.00031667,0.00058009,9.1486e-05,5.5023e-08,701,2181,2030.5,1.3096e+05,53.068,59.832,57.49,5.4703,37.463,53.324,41.227,12.198,2
22.28,23.01,22.545,0.053692,22.72,24.87,24.085,0.25593,22.35,23.59,23.235,0.089452,22.404,23.686,23.192,0.086365,0.012618,0.29769,0.17514,0.0064936,-0.31866,1.3458,0.39151,0.18883,1.5084,3.5486,2.0028,0.24714,22.33,23.24,22.78,0.069716,22.44,24.09,23.53,0.12813,0.11,0.92,0.725,0.043745,-0.00011873,7.2298e-05,-2.4157e-05,3.184e-09,1137,3845,3802.5,4.9723e+05,22.41,23.692,23.195,0.086445,22.378,28.614,22.718,2.2255,4
318,335,323,25.563,370,491,477,1929.4,347,367,351.5,34.296,346.97,391.92,365.65,203.13,44.512,2165.3,1231.2,6.4493e+05,-0.025437,2.1875,0.98378,0.44947,1.5797,8.0098,2.8529,4.0663,342,358,345.5,23.396,352,437,366,982.73,8,82,19.5,874.63,-0.0056691,0.0042495,-0.0002991,6.5705e-06,1302,4368,4173.5,5.962e+05,350.54,392.2,366.77,168.19,19.782,26.327,20.457,2.2896,1
50.39,58.02,54.825,7.0666,54.07,61.76,58.82,5.3004,52.91,59.83,57.515,5.5634,52.711,59.828,57.058,5.57,0.054025,5.0542,1.075,2.0869,-1.5046,1.6728,-0.33011,0.63413,1.4605,4.6948,2.1948,0.77759,51.86,58.91,56.305,6.231,53.57,60.95,58.27,6.2284,0.33,3.95,1.65,1.3419,-0.00029206,0.00055074,0.0001037,4.738e-08,653,2467,2293,2.1282e+05,52.7,59.786,57.074,5.5417,35.001,47.665,37.67,9.232,2
22.48,23.24,22.745,0.05128,22.83,24.92,23.95,0.22854,22.56,23.8,23.3,0.077527,22.587,23.879,23.287,0.086422,0.007114,0.29494,0.11555,0.005858,-0.11801,1.1151,0.26149,0.089529,1.6365,3.5048,1.9255,0.18118,22.53,23.42,22.975,0.062012,22.62,24.26,23.54,0.1355,0.09,0.93,0.57,0.044906,-0.00011754,6.7607e-05,-1.9865e-05,2.6424e-09,1144,3793,3714.5,4.6131e+05,22.591,23.88,23.29,0.085978,22.767,29.515,23.118,2.6104,4
407,431,413,55.066,448,1093,610,49801,437,474,449,94.846,438.72,595.96,477.27,2928.7,62.025,30059,2674.4,1.3202e+08,-0.16088,3.3014,1.2326,1.0864,1.5,16.153,3.3355,21.081,432.5,458,442,44.316,445.25,679,472,5158.9,10,221,29,4604.3,-0.012501,8.5,-0.00056834,4.2497,0,4132,3982,1.335e+06,0,577.08,478.59,16073,-999,27.801,21.452,61326,1
51.47,58.79,56.32,8.2875,55.7,63.44,59.83,5.5977,54.01,61.07,58.15,5.9743,53.87,60.998,57.985,6.0005,0,4.9616,1.2859,2.1681,-1.378,0.92698,NaN,NaN,1.5208,3.8392,NaN,NaN,52.94,59.83,58.02,6.6268,54.45,62.18,58.67,6.4266,0,4.16,1.7,1.41,-0.00029558,58.79,7.768e-05,203.31,0,2956,2750,6.3753e+05,0,61.002,57.169,201.63,-999,40.208,31.189,62485,2
21.77,22.97,22.29,0.13581,22.9,579.27,579.27,18209,21.86,23.59,22.9,0.1725,22.9,176.99,154.66,1177,0,25774,20108,3.2756e+07,2.826,4.1134,NaN,NaN,8.9863,17.92,NaN,NaN,21.82,23.17,22.58,0.14338,21.94,24.14,23.26,0.2496,0,1.22,0.73,0.10321,-0.0034221,22.9,-6.0181e-05,30.849,0,4138,3958,1.3127e+06,0,212.05,176,2276.4,-999,27.847,21.519,61314,4
288,311,299,48.517,372,832,447,32104,332,360,336,79.4,331.88,406.13,350.98,607.01,92.952,7567.9,843.92,7.962e+06,-0.0070606,2.7964,1.5945,0.91498,2.1719,11.495,4.9933,12.179,323,348,328.5,53.933,339,420,355.5,995.46,12,85,26,835.96,-0.0046139,0.0061507,-0.00065855,1.1991e-05,1286,4607,4495.5,7.3253e+05,336.96,403.75,355.8,476.25,18.751,24.538,19.217,3.0109,1
50.83,58.24,56.45,7.5825,55.7,63.08,59.77,4.5231,53.66,60.95,58.42,5.5419,53.487,60.951,58.116,5.6036,0.035821,6.2738,1.3313,2.928,-2.492,1.1151,-0.054959,0.82739,1.3202,8.0872,2.961,2.7839,52.87,60.19,57.9,6.8727,54.29,61.97,59.31,5.7687,0.0975,4.26,1.47,1.6946,-0.02161,0.00058189,0.00010038,2.7681e-05,1,2401,2295,4.4514e+05,53.504,60.969,58.079,5.6105,35.965,75.09,NaN,NaN,2
21.96,23.06,22.36,0.087626,23.3,24.54,23.56,0.15246,22.12,23.4,23.03,0.082638,22.138,23.456,22.956,0.087445,0.0038529,0.27267,0.10525,0.0064883,-0.25083,3.2309,0.21835,0.74589,1.6869,28.029,2.0149,39.953,22.05,23.11,22.62,0.081874,22.19,23.72,23.18,0.11541,0.0525,0.81,0.55,0.044377,-0.00012229,0.0081818,-9.5455e-07,3.9495e-06,1,3706,3598,1.0757e+06,22.144,23.458,22.961,0.085972,23.308,46.417,NaN,NaN,4
370,424,375,157.24,424,709,554,6879.4,405,429,410,60.132,404.84,461.56,424,289.62,0,4016.4,1334.1,1.6372e+06,-0.17795,2.0073,NaN,NaN,2.0496,7.3897,NaN,NaN,398,424,405,60.154,410,509,426,1236.5,0,93,22,1169.6,-0.0055982,424,-0.00046305,10575,0,4140,4034,1.3308e+06,0,462.05,427.27,11232,-999,27.346,21.263,61274,1
50.77,59.4,55.48,6.5144,56.29,63.02,60.5,4.0339,53.51,61.37,58.87,5.7893,53.64,60.834,58.664,5.1679,0.085449,5.7398,2.301,2.293,-1.301,1.0776,-0.12733,0.44303,1.5726,3.2869,2.4812,0.22485,52.56,60.07,57.39,5.8445,54.76,62.42,59.845,5.7586,0.37,3.9,2.165,1.0957,-0.00034361,0.00057741,0.00014261,6.2152e-08,770,2576,2393.5,2.0432e+05,53.678,60.927,58.698,5.2616,33.508,47.752,35.596,11.145,2
22.21,22.96,22.56,0.061638,22.54,24.68,24.26,0.25442,22.31,23.5,23.11,0.078767,22.322,23.543,23.203,0.0807,0.0051605,0.44457,0.22832,0.0097329,0.070086,0.96601,0.58187,0.046367,1.7064,3.5867,2.1665,0.19474,22.28,23.11,22.755,0.056793,22.35,23.82,23.58,0.12553,0.07,1.29,0.775,0.066533,-0.00015487,6.9543e-05,-1.3038e-05,3.9373e-09,1167,3903,3811.5,4.9785e+05,22.33,23.546,23.203,0.080042,22.131,29.325,22.49,2.9384,4
315,347,319,80.882,363,836,476,19085,342,369,348,73.654,341.49,428.88,369.6,566.68,22.923,12369,1403.9,1.3758e+07,0.070495,2.0973,0.87374,0.38527,1.4888,6.6259,3.2242,2.6538,336,359,342,46.632,345,457,371,1498.9,7.5,114,24,1457.8,-0.0065646,0.032967,-0.00058132,8.2826e-05,3,4333,4232,1.4631e+06,345.17,421.89,371.76,437.84,19.94,110,20.395,480.31,1
47.47,58.27,53.22,15.489,52.62,60.92,55.89,7.8178,50.42,59.77,54.825,10.177,50.316,59.671,54.745,10.565,0.018233,5.6107,0.85423,2.2415,-0.78424,1.1854,-0.16354,0.26913,1.3598,4.5313,2.0458,0.63264,49.36,59.13,54.075,12.383,50.61,60.28,55.58,9.6729,0.22,4.37,1.325,1.5851,-0.00028289,0.00056839,5.482e-05,5.5154e-08,613,2209,2026.5,1.6225e+05,50.402,59.683,54.754,10.598,39.104,58.559,42.005,19.537,2
22.56,24.11,23.54,0.28687,22.81,24.69,24.33,0.41668,22.64,24.43,23.96,0.35417,22.648,24.398,23.968,0.33935,0.0010227,0.12174,0.030764,0.00096918,-1.2288,0.83031,0.26946,0.30341,1.4349,3.9425,2.2036,0.45546,22.6,24.26,23.8,0.34405,22.68,24.57,24.09,0.35813,0.05,0.73,0.255,0.030763,-6.6794e-05,5.4768e-05,-1.1377e-05,1.0858e-09,1117,3813,3744.5,4.8123e+05,22.656,24.4,23.973,0.33785,22.657,30.186,23.005,3.2824,4
354,375,357,45,418,602,526,2943.1,386,418,394,88.65,386.47,441.34,413.69,283.96,64.098,2624.2,1560.5,9.283e+05,-0.027147,2.0475,0.8842,0.33158,1.4854,6.1207,2.8935,2.331,381,405,387.5,50.896,392,488,415.5,1294.4,10,90,24.5,1103.1,-0.0069737,0.0058743,-0.0004932,9.1594e-06,1161,3937,3771,5.034e+05,390.56,444.91,417.75,271.71,21.947,29.61,22.575,3.2494,1
47.6,57.62,52.985,12.955,52.4,59.98,55.7,5.2678,50.06,58.895,54.48,8.3548,50.19,58.843,54.48,8.1254,0.018115,4.8,1.0501,1.6498,-0.78798,1.1796,-0.13824,0.25793,1.34,3.1019,2.0426,0.24553,49.36,58.3,53.805,10.11,51.47,59.37,55.42,6.827,0.21,4.02,1.77,1.1196,-0.00025977,0.00052731,4.5217e-05,4.856e-08,738,2394,2283.5,1.799e+05,50.174,58.87,54.471,8.3216,35.582,49.448,37.407,10.234,2
23.03,24.38,23.93,0.20945,23.28,24.82,24.535,0.26547,23.12,24.58,24.215,0.25221,23.128,24.561,24.232,0.23996,0.0038364,0.10286,0.021825,0.00058334,-1.1169,0.64596,0.26677,0.20918,1.4115,3.6978,2.0406,0.3116,23.08,24.43,24.095,0.23968,23.17,24.7,24.34,0.252,0.09,0.65,0.22,0.021932,-6.011e-05,3.8322e-05,-1.3636e-05,8.0065e-10,1129,3843,3743.5,4.8947e+05,23.136,24.565,24.239,0.23964,22.468,30.125,23.025,3.229,4
411,427,415,14.8,479,1073,598.5,55527,444,471,448.5,63.583,443.84,542.75,475.44,1263.5,74.641,22907,2003.8,7.7022e+07,-0.040631,3.7648,1.3561,1.2787,1.6426,20.215,4.8251,27.636,436,457,442,35.429,448,544,470,1453.9,9,102,24,1293.2,-0.024075,0.014188,-0.00082927,5.8016e-05,1235,4066,4013,5.4283e+05,448.04,529.44,476.78,867.67,21.104,27.525,21.304,2.4057,1
47.21,56.23,53.22,10.929,51.67,59.28,56.87,4.8962,49.55,57.84,55.705,7.0278,49.753,57.827,55.449,7.0027,0.031386,6.6509,1.1026,2.9198,-1.2935,0.86183,-0.26295,0.44901,1.5638,3.5733,2.1277,0.44155,49.1,57.25,55.01,8.6251,49.94,58.64,56.12,6.7068,0.25,4.25,1.425,1.4374,-0.0003194,0.00063567,3.3244e-05,6.4634e-08,643,2187,2066.5,1.5342e+05,49.743,57.846,55.456,7.0203,39.324,53.747,41.155,11.633,2
23.28,23.88,23.57,0.039476,23.47,25.33,24.21,0.34855,23.34,24.1,23.865,0.038536,23.345,24.281,23.899,0.052905,0.001874,0.21525,0.036918,0.0059595,-0.11255,1.5003,0.70917,0.26561,1.4256,6.496,2.301,1.6145,23.31,23.94,23.665,0.03902,23.36,24.55,24,0.08299,0.05,0.72,0.29,0.051985,-9.4205e-05,4.5839e-05,-1.2504e-05,1.1529e-09,1112,3739,3653,4.5781e+05,23.35,24.291,23.905,0.053162,23.106,30.092,23.6,3.2785,4
435,468,440,92.757,481,652,632,3805.6,472,503,479,76.195,472.1,528.56,494.4,328.45,77.293,3022.3,1802.7,1.2982e+06,0,1.9976,0.87645,0.41115,1,5.7832,2.8852,2.394,464,488,471,54.493,479,579,503,1402.5,9,96,25,1211.7,-0.0065528,13,-0.00040288,9.9415,0,4207,4147,1.3962e+06,0,530.67,498.77,15070,-999,26.342,20.777,61211,1
49.87,60.47,57.01,14.426,54.76,62.75,60.37,5.0759,52.56,61.76,59.77,7.767,52.726,61.649,58.87,7.7831,0,9.2173,1.1519,5.4949,-1.0106,1.0047,NaN,NaN,1.5454,3.8217,NaN,NaN,52.05,61.07,58.76,9.7707,52.84,62.27,60.07,7.1419,0,4.91,1.5,1.9135,-0.00027977,0.00072577,2.505e-05,7.5218e-08,0,2471,2371,4.5969e+05,0,61.667,58.863,207.11,-999,46.97,36.003,63105,2
22.32,22.9,22.59,0.033876,22.42,579.27,23.07,75109,22.36,23.02,22.72,0.040561,22.42,23.757,22.853,0.15309,0,59.119,0.011043,257.28,-0.17694,131.37,NaN,NaN,1.6274,17260,NaN,NaN,22.35,22.94,22.64,0.037112,22.38,23.1,22.88,0.046128,0,0.3,0.15,0.0066654,-7.8145e-05,2.4053e-05,-6.5757e-06,4.9261e-10,0,3809,3715,1.1099e+06,0,23.212,22.835,30.776,-999,29.681,23.17,61498,4
338,362,343,53.362,397,514,505.5,2046.6,370,399,378,77.229,369.36,421.94,395.65,285.41,53.713,2243.2,1288.9,6.7117e+05,-0.16211,1.9838,0.7746,0.36634,1.5342,5.7755,2.7777,1.8948,363,389,369,57.8,374,466,400,1207.1,10,87,25.5,959.53,-0.006225,0.0045532,-0.00033993,7.1766e-06,1262,4309,4237.5,6.2769e+05,373.11,424.17,398.86,265.1,20.005,25.95,20.39,2.0099,1
50.26,59.8,56.11,11.83,53.88,61.67,59.585,4.8518,51.89,60.86,58.335,7.2878,52.061,60.787,57.953,7.219,0.0423,7.3674,0.93427,3.8521,-1.1781,1.1227,-0.36836,0.37181,1.4382,3.8261,2.1194,0.52975,51.51,60.22,57.73,9.2076,52.14,61.34,58.895,6.6372,0.25,4.78,1.56,1.8031,-0.00024995,0.000652,3.4692e-05,6.8654e-08,734,2583,2326.5,2.0302e+05,52.065,60.805,57.962,7.2606,33.456,47.874,36.323,10.094,2
22.87,23.41,23.155,0.02655,22.99,23.71,23.48,0.0423,22.9,23.46,23.26,0.026233,22.907,23.501,23.282,0.026404,0.00050328,0.016271,0.0049508,2.5348e-05,-0.44796,1.3143,0.23637,0.24171,1.4019,3.8932,2.1381,0.47807,22.89,23.45,23.2,0.027293,22.91,23.57,23.33,0.028516,0.02,0.24,0.12,0.0044733,-2.7223e-05,1.8622e-05,-9.7459e-06,1.3138e-10,1148,3809,3731.5,4.7365e+05,22.914,23.506,23.288,0.026211,22.44,30.055,23.045,3.1774,4
315,341,324,52.65,376,494,480,1845.8,348,380,354,94.517,347.35,400.92,374.51,265.71,63.547,2145.7,1200.7,6.0654e+05,-0.060067,1.9484,0.82282,0.31727,1.5457,5.7148,2.8255,1.6849,341,368,348,70.662,352,444,379,1106.1,9,86,25,903.03,-0.0060907,0.0043457,-0.00058366,7.1335e-06,1191,4065,3963,5.425e+05,351.36,405,378.18,262.32,21.255,28.275,21.721,2.7706,1
45.34,53.25,50.9,8.4573,48.29,55.01,53.19,3.2841,46.56,54.26,52.3,5.0521,46.73,54.178,52.111,4.9664,0.00065536,4.7959,0.59177,1.7545,-1.1285,1.2656,-0.28762,0.44405,1.4804,3.4769,2.1045,0.45152,46.23,53.76,51.63,6.545,46.82,54.67,52.49,4.4767,0.03,3.87,0.91,1.3376,-0.0077381,0.0005268,2.4401e-05,3.6068e-06,1,2554,2309,4.8661e+05,46.736,54.188,52.102,5.034,33.822,105.25,NaN,NaN,2
22.64,23.28,23,0.037261,22.66,23.56,23.27,0.058988,22.655,23.34,23.14,0.039932,22.654,23.383,23.14,0.040747,5.5357e-05,0.019626,0.0059214,3.984e-05,-0.94861,0.72651,0.0161,0.26598,1.3838,3.5005,1.9377,0.36362,22.65,23.32,23.04,0.038576,22.66,23.46,23.19,0.046493,0.01,0.28,0.13,0.0063882,-0.0027381,2.1335e-05,-1.1247e-05,4.3883e-07,0,3654,3581,1.0625e+06,0,23.392,23.145,31.515,-999,31.768,24.009,61634,4
295,316,300,40.279,337,464,455,2289.1,323,352,331,72.75,323.85,374.15,346.02,255.03,36.838,2062.5,1071.2,5.9929e+05,-0.035248,1.9453,0.7994,0.35855,1.5341,5.704,2.6822,1.7482,319,340,323,41.625,328,416,351,1028.4,9,80,24,865.63,-0.0064625,0.103,-0.00046051,0.00063493,10,4107,4033,1.3141e+06,327.58,376.77,349.37,238.04,20.812,69.444,21.38,171.91,1
51.35,60.07,57.56,11.152,54.01,62.21,59.89,4.6411,52.14,61.25,59,7.2215,52.268,61.221,59.029,7.0829,0.00080182,5.4694,0.7422,2.5554,-1.0808,0.76773,-0.31739,0.31236,1.418,3.51,2.1022,0.38216,51.63,60.74,58.36,9.4025,52.49,61.76,59.703,6.2325,0.045,4.55,1.02,1.7657,-0.00025077,0.0065455,6.7195e-05,2.5363e-06,2,2980,2852,6.7565e+05,52.266,61.237,59.041,7.1195,25,53.582,30.158,38.683,2
22.63,23.27,22.94,0.034686,22.67,23.59,23.24,0.065972,22.66,23.36,23.07,0.042286,22.659,23.408,23.061,0.043097,2.9091e-05,0.027954,0.0079765,5.9356e-05,-0.70321,1.1536,0.093758,0.26204,1.3919,3.6363,2.1556,0.48008,22.65,23.34,22.99,0.040769,22.66,23.52,23.14,0.051562,0,0.3,0.14,0.0074191,-3.1706e-05,0.00018182,-1.0299e-05,2.3135e-09,1,3669,3486,1.0113e+06,22.66,23.416,23.068,0.043285,23.536,42.351,NaN,NaN,4
371,405,383,96.629,441,769,559.5,10153,408,442,419,127.05,412.26,516.86,436.8,920.26,65.441,14936,1649,2.0126e+07,-0.16605,2.0009,0.84887,0.37046,1.9826,6.2786,2.8253,1.9831,397,431,411.5,105.33,418,626,443,4377.5,11,222,27,4381.5,-0.0053603,0.015455,-0.00092759,2.4473e-05,1283,4236,4173.5,5.8914e+05,416.27,509.57,439.9,720.76,20.396,26.592,20.635,2.2557,1
48.55,56.94,55.39,9.5938,52.3,61.13,57.75,5.4113,49.61,59.43,56.67,7.0481,49.892,58.825,56.411,6.6455,0.0059894,8.136,1.4298,4.2161,-1.2413,1.7069,0.041484,0.52728,1.545,7.103,2.1848,1.9382,48.84,57.84,56.23,8.6359,50.35,59.83,57.07,6.6388,0.06,5.52,1.88,2.1978,-0.00029301,0.006886,-4.772e-05,2.8197e-06,2,2723,2582,5.5683e+05,49.928,58.834,56.418,6.6481,31.711,245,33.192,2634.3,2
22.97,23.69,23.3,0.043301,23.22,24.73,23.96,0.19994,23.2,23.98,23.6,0.051037,23.204,23.954,23.595,0.047007,3.8306e-05,0.26695,0.02985,0.0066294,-0.78036,1.0546,0.081844,0.40305,1.2698,3.3077,2.3791,0.29833,23.2,23.74,23.53,0.036024,23.21,24.31,23.74,0.093289,0.01,0.78,0.29,0.041036,-0.00024194,5.8686e-05,-1.5383e-05,4.1179e-09,6,3782,3669,1.0984e+06,23.212,23.959,23.599,0.046927,22.841,96,23.21,316.97,4
406,428,423,49.133,473,713,648,7511.7,446,493,477.5,233.7,445.72,525.01,491.98,717.75,71.683,4165.9,2666.1,2.8118e+06,-0.038196,1.7623,0.76959,0.30176,1.8575,6.189,2.91,1.6708,440,470.75,457.5,76.943,451,585,497.5,2413.1,10,118,43.5,1747.7,-0.0064004,0.0097028,-0.0019569,2.0225e-05,1266,4197,4057,5.6865e+05,449.68,525.64,492.64,646.33,20.578,27.319,21.115,2.5492,1
52.27,66.18,59.25,19.69,62.84,71.91,69.68,8.2613,56.29,69.56,62.21,16.137,56.751,69.079,63.607,12.13,0.07093,26.112,10.237,37.579,-0.80637,1.2179,0.61302,0.496,1.287,4.0539,2.1979,0.52063,53.25,68.5,60.27,17.761,56.91,70.1,66.425,13.383,0.41,10.97,5.205,6.8598,-0.00096756,0.0010119,4.9903e-06,2.2855e-07,705,2539,2303,2.0298e+05,56.719,69.095,63.488,12.305,34.012,45.983,37.163,7.3256,2
20.23,20.6,20.5,0.019026,20.44,23.11,23.04,1.2056,20.32,22.93,22.725,1.3823,20.329,22.37,22.206,0.58487,0.00037478,1.3941,0.90236,0.22617,-1.0815,0.91795,-0.68684,0.56702,1.0839,3.1041,2.3015,0.25874,20.3,21.54,21,0.2216,20.36,22.97,22.875,1.1259,0.03,2.54,1.445,0.74112,-0.00025755,0.00020539,-1.4922e-05,1.0523e-08,1211,3972,3818.5,4.9195e+05,20.338,22.368,22.201,0.5801,21.681,28.839,22.517,2.7806,4
391,415,397,51.563,451,588,565.5,2542.4,423,454,427.5,90.196,422.41,475.88,448.2,295.16,59.994,2748.8,1659.7,1.0202e+06,-0.017779,2.0413,0.8786,0.37223,1.6167,6.3899,2.7464,2.2762,416,441,421,60.933,428,519.75,450,1351.2,10,95,23,1154.9,-0.0068848,0.0057693,-0.00039977,9.9455e-06,1226,4204,4175,6.1375e+05,425.87,477.62,451.24,265.87,20.353,26.431,20.686,2.08,1
53.19,63.41,60.33,12.419,58.27,66.12,64.725,4.5927,56.6,64.45,62.84,6.6295,56.991,64.436,62.745,5.8961,0.10196,14.748,1.7626,13.886,-0.88944,0.68363,0.019329,0.23998,1.5276,3.1746,2.0874,0.30723,55.76,64.15,61.265,8.9841,57.75,64.71,63.985,4.6804,0.35,6.82,2.305,3.2579,-0.00042991,0.00074679,-3.8792e-05,1.0629e-07,836,2637,2558,2.2602e+05,56.987,64.448,62.73,5.8805,31.448,45.987,33.484,11.612,2
21.11,22.2,21.54,0.12728,22.12,22.8,22.5,0.044806,21.9,22.44,22.29,0.02576,21.801,22.414,22.226,0.028785,0.001034,0.17211,0.077641,0.0032276,-1.5238,1.1111,-0.50685,0.44564,1.5359,4.1787,2.1232,0.89275,21.49,22.35,22.09,0.075198,22.05,22.54,22.385,0.022093,0.05,0.77,0.28,0.060132,-4.0839e-05,6.2553e-05,5.8362e-06,9.8036e-10,1112,3776,3627.5,4.5523e+05,21.799,22.421,22.232,0.029546,22.877,30.526,23.612,3.0925,4
263,284,268,37.441,319,601,448,8060.7,294,337,311,126.82,293.53,368.71,324.54,613.78,62.66,5045.7,1270.8,2.9544e+06,0.026974,1.6877,1.0628,0.32203,1.9049,10.165,3.3928,3.8279,288,316,297,66.316,299,412,327,1666.8,11,116,28,1359.8,-0.0095209,0.0089909,-0.00082622,3.9132e-05,361,4082,3939,9.3179e+05,297.76,370.02,329.04,551.46,21.155,28.071,21.929,4.1231,1
45.64,59,49.9,9.7132,57.5,67,62.06,7.1984,52.84,62.21,59.415,6.7535,53.092,60.823,58.315,5.9142,0.44583,25.275,14.492,37.77,-1.3479,-0.24109,-0.76179,0.11542,1.85,4.1657,2.5245,0.4522,51.19,59.58,56.03,7.6623,55.36,63.97,60.755,7.1776,1.25,8.08,5.47,4.1667,-0.00059258,0.00086691,0.00035563,2.4591e-07,676,2137,1969.5,1.3004e+05,53.208,60.901,58.426,5.9196,38.954,54.278,43.651,11.247,2
21.36,22.04,21.79,0.036587,22.3,26.89,26.125,1.1267,21.8,23.03,22.505,0.10961,21.866,23.503,23.075,0.16241,0.025741,2.7114,1.6714,0.34524,0.7466,1.3246,1.1183,0.023617,2.244,3.7904,3.1484,0.1572,21.645,22.35,22.09,0.048668,21.95,24.59,23.61,0.36915,0.2,2.75,1.6,0.28418,-0.00037279,0.00011535,-9.5763e-05,2.6126e-08,1136,3698,3580,4.4257e+05,21.865,23.416,23.007,0.14626,23.129,31.53,24.006,3.7676,4
312,319,312,8.2667,373,457,427.5,1321.9,345,352,351,10.3,345.42,359.84,351.7,31.941,88.881,573.05,143.37,33923,-0.033784,1.908,0.95216,0.81166,2.7296,12.553,3.9598,22.405,339,347,343,9.5,352,368,357,41.367,12,25,13,27.867,-0.0010456,0.0040092,-0.00032736,3.5886e-06,798,4490,4422.5,2.2058e+06,349.89,363.78,356.25,30.703,19.04,19.578,19.38,0.038852,1
51.09,59.92,56.615,8.1256,59.61,68.56,64.52,12.36,57.13,64.53,60.375,8.9337,56.382,63.946,60.217,7.7918,2.4903,15.231,6.1865,21.518,-0.6919,1.3861,-0.26428,0.568,1.3444,4.3044,1.6976,1.9943,53.32,60.92,58.625,7.4885,58.67,66.3,61.64,10.754,1.27,7.26,4.945,5.8259,-0.0022345,0.00069719,-1.0438e-05,1.1472e-06,444,2585,2568.5,7.5774e+05,56.326,63.922,60.139,7.8024,33.397,34.275,33.631,0.12061,2
20.8,21.16,21.06,0.027627,22.92,23.45,23.185,0.06347,21.42,22.49,21.535,0.20819,21.601,22.202,21.767,0.064972,0.26053,0.71833,0.41709,0.031323,-0.094788,0.95368,0.68549,0.22002,1.4446,2.6693,2.1843,0.20196,21.03,21.55,21.235,0.040547,22.02,22.94,22.3,0.15319,0.69,1.77,1.11,0.15162,-0.00012366,0.00079497,-5.5052e-06,1.1808e-07,573,3606,3573.5,1.5114e+06,21.587,22.163,21.768,0.058418,23.956,26.519,24.166,0.9523,4
276,303,279,68.533,360,732,540.5,11320,313,350,327,135.86,317.19,399.71,354.82,773.6,106.7,10024,2490.6,8.9747e+06,-0.088083,3.7884,0.88753,0.70842,1.7792,18.637,2.7633,17.225,304,336,312,91.867,321,479,389,2758.1,12,172,75,2712.6,-0.006229,0.0097464,-0.00086214,1.612e-05,1156,3881,3760,4.9275e+05,322.28,396.13,358.08,652.42,22.261,29.609,22.895,3.0037,1
52.11,59.8,56.865,6.4299,58.05,67.52,62.87,6.9846,54.83,63.11,59.95,5.5198,55.084,63.106,60.08,5.2001,0.13977,10.958,2.047,7.2477,-0.76546,1.5551,-0.090205,0.35148,1.5765,4.4539,2.0976,0.46488,53.79,60.74,58.53,5.5715,56.39,64.86,60.555,5.736,0.6,6.44,1.985,2.2142,-0.00037701,0.00058983,9.5727e-05,9.1265e-08,603,2262,2081,1.736e+05,55.206,63.123,60.062,4.9836,38.165,55.062,41.517,14.337,2
21.48,22.12,21.855,0.039238,22.26,572.59,23.6,35188,21.95,22.73,22.59,0.082253,21.978,22.952,22.677,0.090194,0.0096386,17.709,0.17542,35.803,-0.43143,129.83,0.61667,1945.7,1.7895,16996,2.821,3.351e+07,21.7,22.56,22.305,0.091926,22.04,23.25,22.84,0.083223,0.14,1.25,0.39,0.072185,-0.00014659,5.6642e-05,-2.7032e-05,2.7822e-09,1122,3785,3723.5,4.8055e+05,21.985,22.857,22.66,0.072412,22.792,29.68,23.195,2.7163,4
327,348,327,58.517,386,1159,499.5,66851,355,383,366.5,75,355.2,509.94,387.42,2620.9,58.352,37683,1647.9,1.5339e+08,-0.027573,1.9794,1.3802,0.47693,1.7648,7.7933,4.4025,3.332,350,375,355,56.133,360,531,401,3135.4,10,159,47.5,2606.5,-0.0054213,0.020469,-0.0010418,5.1166e-05,1268,4438,4246,6.5024e+05,358.88,481.02,389.43,1681.6,19.464,26.381,20.148,2.6234,1
51.67,58.97,56.045,4.6207,56.6,62.87,60.22,3.3035,53.82,61.7,58.195,4.1981,54.878,61.379,58.181,3.0829,0.035557,4.999,1.6133,2.2634,-1.2141,0.76851,-0.38844,0.41652,1.6715,3.6531,2.396,0.33777,53.47,60.942,57.36,3.1783,56.17,62.21,59.385,3.1435,0.25,4.0625,1.465,1.2559,-0.0003475,0.00050958,-4.0616e-05,5.9572e-08,857,2765,2624.5,2.3487e+05,54.848,61.399,58.222,3.0538,30.694,40.797,32.293,5.2903,2
22.27,23.13,22.635,0.13001,22.54,24.77,23.41,0.59463,22.48,23.38,22.98,0.11511,22.472,23.637,22.925,0.16811,0.0011968,0.26718,0.043202,0.0082972,-1.1017,2.4847,0.64408,0.83319,1.8697,9.6331,2.874,3.2857,22.43,23.3,22.8,0.11473,22.5,24.06,23.03,0.2429,0.03,0.76,0.245,0.056598,-3.5981e-05,5.9447e-05,-1.187e-06,9.7299e-10,1101,3712,3597.5,4.4349e+05,22.477,23.642,22.934,0.16674,23.262,30.91,23.769,3.2757,4
389,414,391,49.533,460,1699,690,1.7896e+05,428,479,439.5,182.4,428.01,593.37,474.43,3229.9,87.91,45374,3025.5,2.7653e+08,-0.014058,3.513,1.6085,1.3478,1.8797,19.97,5.1674,25.199,423,441,427.5,33.6,433,599,466,3097.2,10,158,42.5,2701.5,-0.017863,0.017318,-0.00096426,5.0564e-05,1182,3985,3917,5.1906e+05,432.54,563.74,476.73,2048.7,21.525,27.589,22.019,2.0098,1
49.61,59.55,56.045,11.783,54.7,62,60.1,3.7083,51.15,60.5,59.08,7.8142,52.915,60.319,58.721,6.5807,0.055897,9.9411,1.0398,8.8912,-1.8976,0.95203,-0.36354,0.51904,1.3806,5.8673,2.3172,1.3871,50.83,59.83,58.595,9.7223,53.76,60.8,59.46,4.9213,0.36,6.37,1.54,2.4054,-0.0002784,0.00075967,3.6784e-05,7.9644e-08,776,2650,2403,2.0531e+05,52.602,60.352,58.728,6.8878,32.606,43.338,34.868,6.6048,2
22.1,23.22,22.755,0.12571,22.26,24.83,23.76,0.47859,22.14,23.65,23.185,0.18272,22.155,23.628,23.233,0.17737,0.0014489,0.21599,0.058718,0.0040281,-1.0153,1.8512,0.68493,0.65392,1.5733,5.8473,3.0795,1.6816,22.12,23.5,23.07,0.16598,22.18,23.77,23.41,0.20081,0.06,0.74,0.345,0.027946,-7.323e-05,4.7569e-05,-1.5278e-05,1.4706e-09,1128,3871,3724.5,4.8055e+05,22.162,23.635,23.237,0.1758,22.317,29.176,23.035,2.5432,4
389,422,405,83.983,458,868,701.5,18534,426,458,439,98.963,425.98,528.03,471.64,1110.5,62.541,11320,2478.6,1.5663e+07,0.033948,3.0792,0.92789,0.6113,2.0156,13.227,3.1394,8.9868,421,448,427.5,62.117,432,592,495,3430.2,11,164,55,3207.7,-0.0047784,0.012114,-0.0020394,3.419e-05,1370,4496,4432,6.5663e+05,430.43,523.41,471.61,910.4,19.16,25.134,19.344,2.1059,1
49.03,57.81,54.685,8.2817,53.66,61.13,57.99,4.1488,51.19,60.25,56.46,6.2511,52.062,59.959,56.189,4.9563,0.024642,7.4171,1.086,7.6991,-1.0996,1.5893,-0.4621,0.5621,1.3909,5.0121,1.9358,0.92668,50.13,59.77,55.215,6.6165,52.49,60.5,57.455,5.7059,0.31,5.95,1.435,2.9382,-0.00052519,0.00058308,2.1683e-05,8.6391e-08,659,2507,2278.5,2.0333e+05,51.968,60.011,56.224,5.1459,34.442,48.198,37.466,9.7446,2
22.48,23.57,23.045,0.15731,22.7,24.54,24.29,0.40632,22.62,23.78,23.625,0.20985,22.618,23.893,23.578,0.1789,0.001293,0.50293,0.089873,0.015331,-0.77616,2.6176,0.25361,0.5877,1.2344,10.795,2.1051,4.9312,22.58,23.65,23.295,0.16983,22.64,24.12,23.765,0.23392,0.05,1.42,0.475,0.12188,-7.3873e-05,0.00012297,-1.0402e-05,1.8885e-09,1133,3712,3628,4.4393e+05,22.624,23.9,23.585,0.17928,22.92,30.951,23.576,3.5182,4
347,371,359,49.183,424,545,532.5,2010.8,383,419,396,111.2,382.86,441.73,410.82,326.8,70.938,2366.5,1362.3,7.1854e+05,-0.11927,1.9154,0.85378,0.33,1.5814,5.9197,2.7462,2.0376,376,407,385,80.467,388,487,414,1288.8,9,88,25,955.53,-0.0056229,0.0052297,-0.00047385,7.7538e-06,1322,4464,4403.5,6.7092e+05,386.85,444.19,414.46,307.49,19.355,25.391,19.54,2.1395,1
52.27,62.03,58.93,9.9759,57.81,65.54,62.24,4.8832,55.05,64.53,60.28,6.7821,55.819,64.256,60.242,5.6941,0.031853,8.0937,1.0624,8.2912,-0.96499,1.1759,-0.26432,0.43177,1.3931,4.4177,2.094,0.52046,53.88,63.97,59.385,7.9109,56.14,64.89,61.7,6.4033,0.24,5.88,1.55,3.4018,-0.00051614,0.00063919,1.2729e-05,9.5648e-08,838,2657,2580.5,2.1815e+05,55.84,64.262,60.253,5.7079,31.397,42.176,32.891,5.8702,2
21.86,22.88,22.47,0.14958,22.14,23.61,23.2,0.16781,22.06,23.12,23.035,0.17603,22.049,23.095,22.918,0.12824,0.0016179,0.30741,0.013658,0.0061464,-1.906,1.467,-0.94062,0.93995,1.4375,6.2232,3.2957,2.3264,22.02,23.07,22.755,0.16494,22.08,23.16,23.105,0.13404,0.05,1.01,0.13,0.069603,-4.7662e-05,8.7392e-05,-4.1547e-06,8.9749e-10,1072,3759,3632.5,4.6414e+05,22.056,23.101,22.93,0.12843,22.984,30.551,23.72,3.0149,4
8,220,214,2860.8,257,620,392,12656,237,259,252,63.543,237.13,332.55,275.7,908.4,34.478,9226.3,1730.1,7.8348e+06,-1.008,2.7856,0.89291,0.69413,2.0999,39.108,2.8023,89.263,232,248,239,28.21,240,395,311,2479.3,6,155,72,2112,-0.012413,0.00605,-0.0002125,3.1424e-05,77,3969,3789,1.0855e+06,240.64,328.36,276.58,785.08,21.753,26.184,22.777,1.1775,1
52.37,60.95,56.97,5.9271,56.63,64.42,61.61,4.3472,55.08,63.47,59.46,4.9459,54.903,63.168,59.463,4.23,0.00026182,8.0506,1.6123,5.1198,-1.0102,1.4097,-0.27994,0.4163,1.4363,4.5698,2.1232,1.0004,53.95,62.87,58.21,5.3532,55.95,63.88,59.755,5.2281,0,6.27,2.18,2.8046,-0.00054029,0.0032727,9.2198e-06,6.9689e-07,0,2487,2315,4.5355e+05,0,63.204,59.106,209.99,-999,63.619,36.252,63363,2
21.63,22.84,22.54,0.18386,22.16,579.27,23.36,59146,22.02,23.24,22.87,0.20718,22.018,23.826,22.838,0.37134,2e-05,18.299,0.080546,62.47,-1.3544,129.76,0.085569,3183.6,1.4245,16982,3.2393,5.4071e+07,21.86,23.01,22.7,0.16614,22.06,24,22.98,0.39245,0,1.27,0.43,0.16774,-0.00072727,0.00010877,-1.2098e-05,3.316e-08,0,3797,3706,1.138e+06,0,23.562,22.847,30.854,-999,42.812,23.274,61684,4
238,251,244,18.65,306,754,550,25076,267,290,273.5,63.629,270.72,380.12,306.41,1376.8,63.6,13568,3790.9,2.1056e+07,-0.048103,2.6707,1.0797,0.72564,1.7778,9.9047,3.4922,7.9956,258,279,267,37.867,276,476,315,4689,10,208,55,4480.4,-0.012009,0.012749,-0.001575,4.157e-05,1097,3851,3721,5.0261e+05,274.55,370.92,304.24,1033.4,22.433,29.637,23.208,2.8707,1
49.87,60.31,55.92,7.4901,56.11,63.53,60.59,4.1362,53.63,62.48,58.5,6.4096,53.931,62.258,58.349,5.1951,0.024933,9.1151,2.04,8.2969,-1.2189,1.2114,-0.3501,0.43723,1.4826,3.7156,2.0981,0.55038,51.83,62.03,57.255,6.9612,54.51,62.9,59.98,6.5234,0.22,5.89,2.285,2.9518,-0.00052707,0.00060775,3.4931e-05,9.6264e-08,729,2466,2250,1.835e+05,53.886,62.279,58.381,5.3113,35.035,47.356,37.462,9.0188,2
21.68,22.68,22.245,0.14213,22,24.31,23.88,0.64189,21.92,23.24,22.837,0.22544,21.904,23.372,22.784,0.21788,0.0022303,0.55404,0.24351,0.029876,-1.2052,1.2963,0.44231,0.69776,1.4601,5.3247,2.7783,0.99608,21.86,22.84,22.595,0.13945,21.96,24,23.025,0.37538,0.04,1.42,0.55,0.2065,-0.00012916,0.00012608,-4.9329e-06,3.5344e-09,1115,3681,3635.5,4.4793e+05,21.909,23.36,22.788,0.21437,23.469,30.509,23.659,2.9403,4
389,414,394,59.396,469,699,617,3870.3,421,469,439.5,157.32,432.11,517.57,460.12,732.92,181.86,7644.7,2151.3,5.155e+06,-0.64316,2.1169,1.0747,0.51042,1.649,8.1172,2.8025,4.3194,413,448,426,83.983,437,601,465,2995.7,19,164,36,2469.2,-0.0065153,0.0078603,-0.00053738,2.0014e-05,1307,4389,4234,6.1424e+05,436.19,516.08,463.05,642.15,19.681,26.139,20.111,2.3068,1
48.19,55.76,52.56,5.8628,51.92,64,56.88,14.14,49.55,61.97,54.39,8.8931,49.9,61.032,54.503,7.3741,0.000225,21.274,0.84453,36.688,-0.76302,1.6601,-0.067383,0.38715,1.231,4.4027,1.9028,0.66885,49.16,59.58,53.66,6.8074,50.45,63.17,54.83,12.434,0.03,10.31,1.53,7.0522,-0.00089982,0.0023824,-1.5627e-05,4.603e-07,1,2121,1905,3.1204e+05,49.888,61.043,54.51,7.333,40.67,91.917,NaN,NaN,2
24.32,25.08,24.69,0.06782,25.18,26.35,25.88,0.10679,24.74,25.81,25.295,0.12303,24.922,25.764,25.274,0.085918,0.016871,0.23427,0.14503,0.0029642,-1.0285,0.99585,-0.070111,0.28263,1.4623,2.8063,1.658,0.2283,24.53,25.43,24.965,0.078393,25.06,26.09,25.615,0.10153,0.14,1.01,0.65,0.04187,-0.0001029,7.2042e-05,-7.4855e-06,1.8559e-09,1158,3699,3656,4.2517e+05,24.918,25.768,25.279,0.08666,22.695,29.288,23.499,2.2179,4
310,335,324,77.618,368,659,508,8604.6,348,379,356,82.434,349.17,416.63,374.05,466.25,83.35,3828.5,1751.7,2.0042e+06,0.0059803,2.407,1.1466,0.45368,2.2201,10.779,3.3783,9.1362,338,368,348,68.691,353.5,461,383,1482.4,11,97,29,1245.2,-0.85714,0.0065387,-0.00091955,0.043223,2,4246,4106,1.4146e+06,353.43,417.82,378.44,396.1,20.348,55.783,21.028,99.135,1
54.73,64.21,59.495,6.23,60.16,68.21,65.915,5.6766,58.24,65.68,63.51,5.6742,58.314,64.919,63.296,4.8742,0.15045,8.2449,3.816,3.2583,-0.73147,1.5031,0.069734,0.38504,1.4582,3.895,1.8695,0.36062,56.57,64.45,61.055,4.651,59.89,66.88,64.736,5.7773,0.53,5.1,3.25,1.0958,-0.00036154,0.00049794,0.00010284,7.8628e-08,653,2214,2092,1.5263e+05,58.283,64.937,63.191,4.8861,39.006,52.367,40.623,9.6861,2
20.53,21.07,20.745,0.028265,20.87,22.94,22.635,0.22382,20.65,22.14,21.635,0.14652,20.653,21.969,21.65,0.090372,0.0051086,0.68555,0.35012,0.022148,-0.59491,0.64115,0.12638,0.10408,1.317,3.3427,1.6683,0.23675,20.6,21.38,21.04,0.047683,20.68,22.59,22.22,0.18975,0.08,1.64,1.14,0.1228,-0.00019616,5.9234e-05,-4.1683e-06,4.1958e-09,1155,3735,3691,4.4993e+05,20.658,21.98,21.643,0.0905,22.746,30.015,23.331,2.881,4
375,396,375,41.163,441,892,572,18495,411,435,414,56.65,411.68,501.09,437.8,885.25,80.122,10184,1846.8,1.3607e+07,-0.26147,2.8971,1.5425,0.73996,1.9437,13.994,4.7165,15.978,403,423,407,34.663,416,568,446,2383.5,10,145,36.5,2014.2,-0.0073794,0.010894,-0.00047239,2.1562e-05,1352,4623,4456,6.8526e+05,416.3,495.38,440.13,666.44,18.68,24.737,19.26,1.9644,1
49.03,60.07,54.905,7.4855,57.87,65.15,62.225,4.9091,55.7,62.45,60.145,4.9002,55.174,62.108,59.442,4.4372,0.11639,8.732,4.7448,6.7502,-1.2177,1.424,-0.30272,0.47211,1.426,3.834,2.1553,0.42409,53.16,60.47,57.27,5.0548,56.42,63.85,60.725,5.1193,0.52,5,3.39,1.5798,-0.00032168,0.00051113,8.121e-05,9.2042e-08,774,2543,2458,2.047e+05,55.238,62.028,59.464,4.355,33.887,45.48,34.802,7.4706,2
21.2,21.77,21.595,0.043656,21.99,24.93,24.12,0.78915,21.74,23.22,22.395,0.12369,21.741,23.097,22.449,0.12484,0.0084348,0.92405,0.49506,0.085579,-0.14311,1.2475,0.33127,0.13314,1.5828,4.0285,1.9348,0.37288,21.52,22.13,21.855,0.034347,21.8,23.86,22.865,0.28585,0.13,1.73,1.04,0.17956,-0.00022082,5.4082e-05,7.8711e-06,5.1708e-09,1155,3850,3748,4.8633e+05,21.745,23.08,22.451,0.12024,22.429,30.151,22.925,3.3378,4
427,447,431,43.6,492,1184,786.5,46703,460,490,466,87.983,461.86,552.02,498.6,828.18,60.05,8887.7,3827.6,9.196e+06,0.025298,2.6942,1.7173,0.56244,2.0889,11.63,6.1314,8.7426,453,475,458,41.929,466,589,519,2142.5,10,122,63,1870.9,-0.0092936,0.010675,-0.0018385,2.8486e-05,1421,4703,4630.5,7.1963e+05,465.4,547.76,499.5,675.44,18.368,24.1,18.627,3.2239,1
48.35,58.7,54.655,5.8028,56.14,63.68,60.66,4.7152,53.66,60.175,58.56,4.1004,53.576,59.767,58.136,3.8127,0.14753,7.412,3.4641,4.161,-0.91352,1.4493,0.053966,0.36844,1.4186,3.8852,2.0672,0.33896,51.28,58.962,56.665,4.1814,55.33,61.79,59.355,4.5027,0.5875,4.72,3.025,1.4751,-0.00032983,0.00046936,9.9632e-05,7.26e-08,660,2134,1937.5,1.2535e+05,53.742,59.696,58.077,3.7311,39.862,52.959,43.681,9.0954,2
21.57,22.3,22.035,0.05887,22.36,25.02,24.21,0.3917,22.04,23.49,22.92,0.1472,22.065,23.361,23,0.099278,0.01177,0.9107,0.40956,0.05159,-0.22975,0.79929,0.077474,0.088437,1.421,2.8067,1.8268,0.11857,21.98,22.61,22.405,0.045798,22.13,23.89,23.58,0.19142,0.15,1.76,1.18,0.11548,-0.00021759,5.4463e-05,-1.896e-06,5.722e-09,1115,3715,3665.5,4.6269e+05,22.07,23.336,22.997,0.096903,23.205,30.209,23.567,2.8396,4
415,477,421,203.61,478,1018,619,27398,458,496,466,139.65,461.11,615.69,485.4,2287.8,0.5,24514,1813.3,6.0869e+07,-0.047085,3.1178,1.164,0.91808,1,18.401,2.8929,28.839,450,481,453,96.14,467,746,485,7259.6,1,272,27,6280.2,-1,0.01417,-0.0012125,0.058866,0,4331,4189,1.4432e+06,0,599.52,488.44,16601,-999,38.28,20.443,61323,1
52.68,60.8,57.25,4.8473,58.79,71.41,63.21,12.161,56.45,63.41,60.68,4.1245,56.39,62.949,60.549,3.7971,0.18279,8.7906,3.5276,5.1342,-0.80795,1.5551,-0.11775,0.30273,1.4269,4.2909,1.9019,0.46649,53.95,61.01,58.885,4.0549,57.5,64.65,61.595,4.73,0.81,5.31,3.56,2.0584,-0.00036509,0.00056066,7.0313e-05,8.7869e-08,693,2263,2152,1.559e+05,56.402,62.83,60.543,3.7773,37.794,48.999,39.175,7.0011,2
21.12,21.81,21.48,0.04212,22.12,24.54,23.205,0.49341,21.55,23.26,22.285,0.20944,21.592,23.172,22.31,0.17739,0.014062,0.89392,0.28071,0.066669,-0.091779,1.1078,0.11773,0.08456,1.4535,3.4097,1.8091,0.18437,21.39,22.27,21.9,0.065973,21.65,23.93,22.745,0.35048,0.15,1.91,0.94,0.21439,-0.00022905,6.2185e-05,1.3522e-05,5.5763e-09,1192,3952,3867,5.1136e+05,21.596,23.165,22.308,0.17483,21.861,28.807,22.289,2.7321,4
355,383,364.5,74.467,438,588,550,1992.5,400,428,405,80.296,400.66,450.67,432.2,268.81,101.67,2629.2,1954.8,9.8843e+05,-0.10963,2.844,0.91961,0.69246,1.562,17.361,2.5779,22.269,392,417,397,59.933,407,495,471.5,1130.2,13,89.75,69.5,1043.1,-0.0041233,0.015526,0.00042904,1.9884e-05,1189,4005,3896,9.0851e+05,405.21,455.11,435.92,261.88,21.569,61.48,22.084,97.062,1
48.58,59.07,55.765,14.325,56.48,63.82,60.48,4.3814,54.04,62.48,58.45,5.6992,53.977,62.167,58.328,5.4163,0.10977,21.389,1.6303,32.214,-1.4163,0.8679,-0.46918,0.45125,1.5485,4.1549,2.2589,0.77593,51.92,61.7,57.515,8.4684,55.67,63.08,58.715,4.7756,0.52,7.57,1.68,3.9813,-0.00041858,0.0010764,-4.2191e-05,1.2035e-07,744,2395,2254,3.0717e+05,53.962,62.153,58.28,5.4394,35.188,107.83,38.025,309.67,2
21.46,22.47,22.05,0.10762,23.12,25.54,23.61,0.95657,22.01,22.86,22.71,0.05535,22.095,23.12,22.805,0.056801,0.029932,1.8103,0.092754,0.28973,-0.43131,2.5003,0.97102,0.60416,1.8311,8.8199,3.986,3.9742,21.73,22.75,22.38,0.11323,22.11,24.25,22.92,0.19917,0.17,2.52,0.37,0.36179,-0.00020176,0.00010335,8.9053e-06,5.0818e-09,1100,3705,3549.5,7.5017e+05,22.095,23.082,22.796,0.054145,23.321,64.63,24.017,103.24,4
391,423,403,89.717,463,612,567,3212.9,423,463,435,134.8,423.69,489.97,451.3,465.24,65.934,3118.2,1263.3,1.3363e+06,-0.023015,2.0471,0.93367,0.37432,1.7,6.666,3.0107,2.3329,417,451,428,90.733,430,540,456,1637.1,10,95,24,1167.9,-0.0054408,0.0053582,-0.00045241,8.8378e-06,1333,4419,4271,6.1608e+05,427.18,490.48,454.46,417.38,19.538,25.731,20.043,2.5256,1
52.18,58.7,52.68,3.8291,55.95,62.75,60.53,3.7772,54.36,60.37,56.99,2.8738,54.323,60.583,56.92,2.737,0.1659,7.3153,3.2199,5.2243,-0.7496,0.40389,-0.23388,0.18768,1.5313,2.4716,2.0014,0.086484,53.57,59.46,55.435,3.2629,54.89,61.43,58.545,3.295,0.86,5.98,3.22,1.8818,-0.00031545,0.00041001,2.6664e-05,5.2167e-08,847,2914,2808.5,2.7472e+05,54.327,60.565,56.972,2.7257,29.628,38.52,30.699,4.2808,2
21.79,22.72,22.19,0.14949,22.58,25.36,23.92,1.015,22.22,23.77,22.775,0.30018,22.19,23.805,22.865,0.36094,0.029781,0.76825,0.29657,0.083408,-0.2063,1.0717,0.45058,0.11911,1.592,3.8555,2.347,0.53977,22,23.08,22.46,0.14157,22.38,24.42,23.26,0.62989,0.27,1.55,0.775,0.22541,-0.0001655,8.6813e-05,1.6505e-05,2.7364e-09,1111,3706,3618,4.4506e+05,22.196,23.803,22.858,0.35733,23.309,30.761,23.807,3.0877,4
46,79,65,78.529,106,618,330,23488,90,129,105,87.441,90.802,207.5,132.87,1177.2,76.083,12277,2218.5,1.3713e+07,0.011038,2.3211,1.1969,0.56868,2.184,8.457,3.7411,3.2594,84.5,111,97,47.423,94,261,122,2942.3,9.5,169,29,2798.2,-0.007508,0.75175,-0.00075858,0.03332,4,3036,2943,7.1875e+05,96,183.94,130.45,701.79,28.455,76.667,29.359,209.18,1
47.54,56.35,49.5,7.6262,54.83,61.28,58.64,4.2922,52.87,59.61,55.065,3.5827,52.575,59.5,54.868,3.8468,0.28442,10.322,4.3813,13.819,-1.6496,0.71889,-0.51926,0.32122,1.628,28.829,1.973,44.762,50.35,58.64,52.16,6.2795,53.35,60.31,57.27,3.9799,0.82,6.28,3.4337,3.8644,-0.00034792,0.00043831,2.6913e-05,5.7933e-08,662,2321,2175.5,1.7401e+05,52.622,59.516,54.901,3.8951,37.225,50.925,39.281,10.081,2
21.79,22.81,22.35,0.18047,23.59,27.12,25.805,2.075,22.26,23.99,22.995,0.45402,22.38,24.258,23.182,0.63021,0.053138,2.0444,0.58389,0.47153,0.15742,2.957,0.546,0.60403,1.6321,43.213,1.9853,104.38,21.98,23.26,22.61,0.19831,22.4,25.46,23.725,1.4978,0.25,2.61,1.295,0.70996,-0.00020303,0.00010202,3.0267e-05,4.939e-09,1089,3681,3589.5,4.4058e+05,22.368,24.21,23.16,0.60097,23.472,30.82,23.741,3.1498,4
391,434,393,139.26,448,920,792,21581,423,448,432,71.254,422.72,515.13,471.09,826.26,42.8,10607,4388.6,1.4621e+07,-0.23943,15.305,1.3617,12.17,1.2748,663.6,3.8828,25546,415,439,421,57.279,430,585,489,2706.7,9,166,73,2763.3,-3.2571,0.013807,-0.0011727,0.62419,0,4678,4586,1.7375e+06,0,508.23,467,13569,-999,24.429,18.603,61021,1
-4,55.39,53.68,385.01,56.01,62.18,59.995,3.3321,53.19,59.55,57.44,2.5557,53.06,59.22,57.356,2.7784,0.36308,14.57,3.0717,14.002,-26.823,0.67849,-0.60616,43.404,1.8307,976.98,2.7206,59168,50.99,58.3,56.305,4.4188,54.98,60.65,58.67,3.1287,0.77,6.11,2.655,2.2894,-0.00066329,0.0016266,-3.504e-05,2.5374e-07,277,2710,2583.5,5.7778e+05,53.026,59.317,57.378,2.8359,31.615,127.58,33.354,559.69,2
-40.1,22.8,22.47,456.74,23.67,25.68,24.955,0.31706,22.835,23.56,23.235,0.058297,23.064,23.598,23.365,0.026994,0.074835,2.306,0.49293,0.38818,-39.599,1.3769,0.5298,111.67,1.6559,1646.8,2.3107,2.0531e+05,22.22,23.08,22.8,0.070985,23.265,24.75,23.835,0.14975,0.43,2.14,0.885,0.28466,-0.00046414,0.00026658,2.1048e-05,2.321e-08,387,3786,3734,1.2075e+06,23.054,23.581,23.366,0.027832,22.398,91.08,23.037,292.07,4
377,395,378,32.329,437,744,685,10029,410,442,424,109.45,411.81,500.18,469.5,725.09,55.286,8440.2,4112.1,7.8975e+06,-0.05038,3.4053,1.1721,0.78513,1.5059,15.388,3.3849,13.417,405,426,410,39.067,418,581,493,2423.2,10,174,79.5,2347.1,-0.016376,0.0075796,-0.00046687,3.0691e-05,1226,4213,4138.5,5.9464e+05,415.88,498.97,469.15,628.4,20.507,26.839,20.808,2.2873,1
44.38,51.38,49.245,6.0064,51.67,58.02,55.685,3.7701,49.13,55.08,53.08,3.4764,49.054,54.935,53.129,3.3278,0.74887,16.003,3.5759,15.049,-1.3521,0.71077,-0.20036,0.23111,1.6683,3.971,1.9364,0.29344,46.95,53.6,51.464,4.6684,50.61,56.63,54.575,3.9969,1.01,6.8,3.27,2.3175,-0.0004467,0.00046281,4.4911e-05,5.8216e-08,722,2515,2408.5,2.0677e+05,49.043,54.95,53.189,3.3446,34.321,46.865,35.759,8.4141,2
22.67,23.39,23.19,0.050453,25.44,27.1,25.7,0.3991,23.5,24.51,24.265,0.072813,23.761,24.669,24.295,0.051373,0.34665,2.0236,0.56478,0.27498,-0.31654,1.511,0.27227,0.18023,1.5383,4.1326,1.8953,0.35866,23.12,23.8,23.555,0.03924,23.88,25.94,24.825,0.23465,0.56,2.34,1.31,0.24974,-0.00012857,0.0002799,2.8144e-05,7.989e-09,1102,3695,3614.5,4.5274e+05,23.73,24.635,24.297,0.050736,23.38,30.698,23.779,3.0631,4
273,294,278,53.85,435,996,701.5,31596,307,370,319.5,239.96,311.99,520.32,392.87,2961.5,314.12,40633,8952,1.4538e+08,0.73095,2.87,1.2492,0.3436,2.1728,14.87,3.4001,10.487,300,323,308.5,48.563,315,604,453,5968.9,13,281,144.5,5302.7,-0.023013,0.041823,-0.00039978,0.00022626,1335,4411,4318,6.3521e+05,315.78,488.56,388.67,1909.4,19.587,26.012,19.866,2.4048,1
49.68,56.23,52.14,3.8445,53.6,59.49,57.425,3.6601,51.7,57.22,55.17,3.6725,51.798,57.522,55.203,3.2012,0.12177,7.8456,1.249,4.1108,-1.3649,1.5912,-0.32885,0.4628,1.4877,5.0101,1.9264,0.94045,50.83,56.6,53.95,3.4232,52.49,58.45,56.31,4.1983,0.68,5.51,1.805,2.0547,-0.00037301,0.00049718,9.0277e-05,5.9745e-08,599,2165,2006,1.4948e+05,51.798,57.543,55.19,3.232,39.892,53.809,42.823,9.9474,2
22.61,23.24,22.995,0.064227,24.01,25.64,24.81,0.23509,23.15,24.39,23.51,0.11161,23.201,24.383,23.621,0.10615,0.038333,0.61855,0.2971,0.02633,-0.035417,0.95808,0.41297,0.085954,1.4115,3.374,1.998,0.30652,22.82,23.58,23.195,0.08102,23.46,25.06,24.254,0.1757,0.28,1.54,0.995,0.097834,-0.00015474,8.7295e-05,1.1927e-05,5.0573e-09,1107,3696,3616,4.5368e+05,23.204,24.36,23.625,0.10191,23.367,30.598,23.787,3.001,4
357,391,366,91.882,407,546,532,2652.4,391,426,401,109.56,391.55,446.61,416.22,293.74,46.238,2251.6,1169.3,6.6564e+05,-0.11159,1.8974,0.75911,0.38818,1.2653,5.7347,2.514,2.1689,386,413,391,70.993,397,490,416,1124.2,11,85,22,849.24,-0.82143,0.0052872,-0.00053771,0.039672,1,4141,3975,1.3206e+06,395.54,450.21,419.67,277.63,20.86,42.71,NaN,NaN,1
46.79,55.51,52.35,8.0426,56.91,63.35,60.875,4.1587,54.14,60.545,58.13,3.8212,53.544,60.362,57.828,4.0779,1.3982,22.476,5.5981,33.496,-1.5794,0.45223,-0.62865,0.32008,1.8578,5.5047,2.2626,1.2931,50.19,59.43,55.915,7.4133,55.73,61.91,59.48,3.8819,1.13,8.41,3.3138,4.104,-0.00085538,0.00054758,-7.0865e-05,1.0212e-07,743,2533,2457,2.0548e+05,53.503,60.444,57.889,4.275,33.883,43.767,34.949,5.2193,2
21.6,22.35,22.155,0.057767,24.6,26.37,25.02,0.40892,22.51,23.3,22.945,0.07234,22.596,23.69,23.11,0.11119,0.26475,2.4478,0.5945,0.49295,0.34324,1.4515,0.86007,0.13334,1.7925,5.7675,3.1553,1.2892,21.94,22.7,22.395,0.041856,22.82,25.02,23.47,0.46215,0.47,2.64,0.88,0.45563,-5.8673e-05,0.00039822,1.9512e-05,1.09e-08,1077,3701,3557.5,4.4114e+05,22.587,23.638,23.086,0.10646,23.341,31.063,24.252,3.0986,4
281,302,292,32.563,349,560,509,6255.9,317,350,326.5,113.13,316.29,379.25,351.62,486.45,66.354,4209,2330.4,2.2434e+06,-0.041177,2.3768,0.79506,0.5518,1.8607,8.7366,2.8744,4.4134,310,331,317,40.383,322,432,357,2110.6,10,118,38.5,1868.5,-0.0089207,0.0077692,-0.00045492,1.2177e-05,1165,3933,3825,5.037e+05,320.47,380.88,353.67,434.88,21.964,28.921,22.461,2.6871,1
47.21,58.55,53.92,11.121,55.86,66.15,63.11,7.2531,54.7,62.9,60.44,6.9265,55.076,62.343,60.122,5.809,0.0024015,21.645,7.4147,32.986,-1.4803,0.36008,-0.44177,0.36771,1.6187,7.7819,2.5758,2.2618,51.51,61.34,58.05,8.3924,55.76,64.51,61.4,6.699,0.03,9.32,3.59,5.4006,-0.00047954,0.0085049,9.4596e-05,4.3116e-06,2,2439,2300,4.44e+05,54.936,62.311,59.913,5.9418,35.415,420,37.537,8577.7,2
20.76,23.88,21.6,0.4639,23.66,26.19,24.66,0.7531,21.82,23.91,22.37,0.21546,21.931,23.907,22.551,0.19925,9.7059e-05,2.4143,0.667,0.46453,-1.0015,2.0905,0.44268,0.39852,1.6766,8.8463,2.2098,3.076,21.18,23.9,21.73,0.37387,22.03,24.678,23.22,0.32816,0.01,3.095,1.41,0.56692,-0.00033974,0.00010272,3.8712e-05,1.173e-08,3,3728,3587,1.0843e+06,21.932,23.917,22.52,0.19459,23.176,127.5,24.079,648.17,4
329,349,333,37.763,395,510,495,1777.5,363,389,367,65.362,362.84,411.74,384.21,242.64,61.042,2273.7,1162.4,6.2703e+05,-0.002155,1.7941,0.8374,0.29804,1.5427,5.3372,2.8419,1.4838,356,378,360,41.396,368,457,387.5,1073.4,11,84.25,24.5,897.77,-0.0055206,0.0044291,-0.00030957,6.685e-06,1435,4846,4680.5,7.4478e+05,366.84,414.35,387.35,225.76,17.828,23.36,18.292,1.6618,1
49.68,58.61,54.8,4.6178,55.76,62.78,60.87,4.6981,53.95,60.34,58.715,4.3564,53.675,59.996,58.54,4.0089,0.14098,7.8681,3.6623,3.6103,-0.74032,1.3472,-0.0001191,0.29364,1.5741,3.6824,1.8938,0.24036,51.79,58.97,56.715,4.1035,55.23,61.79,59.57,5.1851,0.52,4.895,3.3,1.4226,-0.00037969,0.00049047,0.00015197,7.1615e-08,697,2322,2085,1.4828e+05,53.764,59.994,58.474,3.9743,37.185,50.146,40.475,8.8946,2
21.54,21.96,21.82,0.017718,22.34,24.29,24.005,0.21512,21.98,22.84,22.61,0.061905,22.001,22.939,22.697,0.050529,0.01622,0.62708,0.40824,0.018971,0.12175,0.60314,0.25824,0.024023,1.5187,2.5458,1.7448,0.052071,21.89,22.3,22.06,0.01612,22.09,23.61,23.305,0.11898,0.2,1.57,1.17,0.082123,-0.00018199,6.0948e-05,6.682e-06,5.7942e-09,1052,3741,3628.5,4.7878e+05,22.009,22.92,22.69,0.048986,23.085,30.647,23.701,3.1689,4
365,382,367,33.263,424,870,659,17964,396,427,402.5,107.7,399.06,476.62,434.63,688.84,53.376,9256.2,2658.3,9.4464e+06,0.062595,2.987,1.3176,0.61533,2.3176,11.498,4.2374,7.9417,390,411,392.5,44.796,401,508,460.5,1810,11,117,67.5,1661.6,-0.0043799,0.0095653,-0.00099677,2.3323e-05,1298,4378,4284.5,6.2801e+05,402.68,470.51,435.16,547.88,19.728,25.447,20.101,1.8503,1
50.19,59.95,55.14,4.6987,57.13,64.09,62.165,4.8303,54.54,60.92,59.275,4.566,54.679,60.599,59.288,3.9688,0.22151,8.8553,4.9981,4.1634,-0.73789,1.2289,-0.0018643,0.24763,1.4544,3.4505,1.8116,0.22014,52.62,60.13,57.145,3.6679,56.08,62.81,60.695,5.4787,0.73,4.94,4.07,1.4312,-0.00038075,0.00050341,0.00012577,7.3885e-08,593,2197,1943,1.4168e+05,54.67,60.572,59.273,3.9448,39.308,57.363,44.127,13.402,2
21.34,21.79,21.7,0.023503,22.19,24.36,24.12,0.2769,21.82,23.03,22.76,0.11625,21.834,22.986,22.861,0.091474,0.027311,0.7575,0.65868,0.033006,-0.18169,0.51548,0.13704,0.042172,1.3693,2.0612,1.6252,0.035702,21.68,22.23,22.005,0.026066,21.94,23.81,23.59,0.21714,0.26,1.69,1.575,0.12797,-0.00019505,7.0034e-05,8.5186e-06,5.2001e-09,1136,3742,3642.5,4.5117e+05,21.841,22.974,22.856,0.08862,23.073,30.317,23.446,2.9991,4
264,287,271,41.696,341,538,434,3509.1,298,330,305,84.763,298.52,355.68,321.93,310.07,71.786,2497.9,1271.4,8.0078e+05,0.039793,1.8562,0.87274,0.29294,1.8612,5.5309,2.9136,1.3235,292,315,295,48.629,305,402,327.5,1201.1,12,90,31,971.36,-0.0066538,0.0038639,-0.00026183,8.5327e-06,1202,4308,4202,6.4045e+05,302.57,357.02,324.94,281.94,20.054,26.53,20.482,2.4031,1
50.13,56.91,54.45,2.9746,58.15,64.18,62.285,3.7358,54.95,60.65,59.095,3.2185,55.22,60.565,58.983,3.0163,0.36151,10.921,6.3288,7.0694,-0.70655,0.69745,-0.063876,0.13349,1.467,4.2448,1.7994,0.45441,53.25,60.1,56.615,3.0505,57.13,62.81,60.86,4.1705,0.76,6.32,4.15,1.8059,-0.00041174,0.00055566,0.0001856,9.5903e-08,680,2220,2064,1.4078e+05,55.222,60.583,58.891,2.9541,38.599,49.868,41.368,7.0396,2
20.17,20.74,20.64,0.055878,22.34,23.75,23.285,0.13515,20.81,22.12,21.64,0.17371,20.827,22.122,21.766,0.10914,0.050406,1.1993,0.72297,0.06043,0.026312,1.1689,0.21341,0.082588,1.3804,5.6588,1.6569,1.0238,20.46,21.18,20.89,0.0463,20.93,23.12,22.56,0.23219,0.3,2.24,1.6,0.16089,-0.00024615,0.00010377,9.3442e-06,1.0323e-08,1109,3792,3739.5,4.897e+05,20.836,22.104,21.767,0.10624,22.783,37.449,23.049,15.813,4
291,314,294,48.904,339,809,459,27464,320,352,328,86.471,320.41,414.01,345.09,802.74,76.788,9772,1205.1,9.8484e+06,0.15518,2.9392,0.97491,0.58991,1.633,11.104,3.5781,6.0661,314,340,318,52.219,326,438,345,1616.1,12,102,25,1269.2,-1.3636,0.0046363,-0.00052299,0.10927,2,4028,3871,1.2435e+06,324.39,411.32,348.01,664.15,21.44,150,22.061,977.63,1
48.84,55.2,53.695,5.485,52.11,57.35,56.295,2.3114,49.81,56.48,54.7,3.6996,50.078,56.348,54.789,3.3336,0.022938,3.2697,0.69745,0.9953,-1.3878,0.67707,-0.33915,0.38499,1.5865,3.8766,2.1659,0.32384,49.23,55.95,54.45,4.2352,50.45,56.91,55.435,3.2077,0.25,3.37,1.25,0.82229,-0.00020214,0.00041028,2.074e-05,3.6627e-08,731,2181,2068,1.4097e+05,50.089,56.345,54.799,3.3963,35.971,54.049,41.022,14.104,2
22.38,22.78,22.61,0.017398,22.75,24.15,23.13,0.22094,22.64,22.97,22.84,0.015867,22.642,23.097,22.849,0.023748,0.0015172,0.13578,0.017086,0.0015913,-0.43752,1.5827,0.20801,0.35227,1.4533,5.6519,1.6494,1.4593,22.51,22.82,22.7,0.012646,22.71,23.27,22.975,0.03712,0.03,0.54,0.21,0.023653,-8.4643e-05,4.4344e-05,-6.1081e-06,8.3764e-10,1155,3843,3682.5,4.6115e+05,22.648,23.1,22.856,0.023457,22.474,29.338,22.995,2.658,4
341,367,350,53.896,410,506,498.5,1451.2,374,405,386,73.063,374.36,424.66,398.85,208.46,76.507,1759.1,987.04,4.2169e+05,-0.018023,1.7763,0.81749,0.38715,1.6303,6.5881,2.7074,2.3371,367,394,379.5,57.05,381,463,403,844,12,75,23,681.18,-0.0031567,0.0056574,-0.00030403,7.0558e-06,1223,4308,4197.5,6.2192e+05,377.94,427.94,402.25,203.33,20.05,26.555,20.536,2.3586,1
-500.96,62.57,59.28,34625,59.43,66.79,64.03,4.702,58.45,65.21,62.75,4.6474,57.893,64.606,62.667,4.2239,0,22.734,2.0851,45.781,-106.09,1.0775,NaN,NaN,1.6773,12956,NaN,NaN,57.04,63.38,62,4.0336,58.7,66.06,63.35,5.0136,0,3.81,2.42,1.182,-0.00028723,62.57,8.5869e-05,230.29,0,2015,1902,3.035e+05,0,64.578,62.693,231.65,-999,59.146,44.675,64213,2
20.91,21.45,21.22,0.024761,21.45,265.73,22.53,6528.8,21.31,21.85,21.64,0.022703,21.347,22,21.757,0.027646,0,3.6518,0.16638,1.335,0.060393,123.22,NaN,NaN,1.3529,15821,NaN,NaN,21.14,21.52,21.38,0.013599,21.45,22.39,22.09,0.060689,0,1.01,0.7,0.057149,-0.00011118,21.45,9.4197e-06,27.065,0,3863,3789,1.1696e+06,0,21.972,21.759,27.791,-999,28.686,22.77,61488,4
155,174,158,22.663,206,399,298,3544.8,183,202,186,36.962,182.99,222.77,199.56,186.37,46.175,2242,896.51,4.7675e+05,0.11574,2.4224,0.99804,0.41874,1.6526,8.6741,3.3194,3.0449,178,194,180,25.229,187,257,201,753.1,9,76,18.5,650.4,-0.0046488,0.0037185,-0.00029292,4.8223e-06,1076,3776,3692,4.7918e+05,186.29,223.19,201.46,149.34,22.879,30.023,23.388,2.8424,1
50.19,58.18,55.265,9.4246,53.41,60.22,58.115,3.6551,51.28,59.4,57.375,5.7229,51.519,59.236,57.019,5.514,0.025316,5.4048,0.78316,1.9993,-1.4367,0.57722,-0.35685,0.39772,1.5022,4.022,2.0243,0.43748,50.8,58.82,56.975,6.8952,51.86,59.83,57.7,4.9371,0.25,4.04,1.38,1.2259,-0.00020954,0.00057319,1.7155e-05,4.9707e-08,703,2267,2168.5,1.6009e+05,51.536,59.238,57.038,5.4762,37.413,51.527,39.358,12.479,2
22.9,23.32,23.07,0.019093,23.08,23.79,23.47,0.03994,22.95,23.42,23.28,0.01616,22.96,23.486,23.311,0.017319,0.0010854,0.038206,0.008978,0.00015138,-0.23993,0.98645,0.31315,0.1455,1.4751,3.1471,1.7903,0.25109,22.93,23.36,23.14,0.019286,22.98,23.62,23.39,0.02038,0.05,0.32,0.18,0.0073696,-4.1235e-05,7.6985e-06,-3.0698e-06,2.2598e-10,1228,4071,3901,5.1558e+05,22.967,23.497,23.317,0.017454,21.218,28.263,22.113,3.1602,4
325,350,331,52.235,377,608,568,8225.4,359,387,367,73.11,359.2,432.76,396.37,600.94,75.462,4684.3,3201.1,3.3051e+06,-0.65226,2.8319,0.80019,0.63644,1.9518,10.538,2.7199,4.593,352,376,359,56.11,367,491.25,417.5,2110.6,9,115.25,57.5,1895.2,-0.0065766,0.12078,-0.0015543,0.00088069,7,4443,4221,1.4786e+06,363.38,433.02,399.19,523.77,19.442,93.333,20.376,317.2,1
54.86,63.47,60.33,7.5006,60.4,68.39,66.205,5.4733,59.04,66.47,64.165,5.8791,58.869,65.85,63.876,5.2754,0.25829,6.7491,2.5239,3.2745,-1.2097,1.1493,-0.11005,0.41992,1.3654,2.9336,2.0267,0.23811,57.53,64.3,62.705,5.2915,59.98,67.49,64.74,5.8718,0.91,4.52,2.995,1.0198,-0.00031876,0.00062955,6.2141e-05,7.4817e-08,575,2077,1954,1.5405e+05,58.941,65.842,63.886,5.2561,41.593,58.863,44.182,18.35,2
20.28,20.67,20.55,0.011558,21.02,22.44,22.135,0.15544,20.62,21.36,21.025,0.03827,20.672,21.323,21.173,0.024469,0.0214,0.4557,0.23618,0.017118,0.066808,0.74825,0.37489,0.058362,1.329,2.2735,1.594,0.092507,20.45,20.77,20.688,0.0081674,20.78,21.99,21.555,0.092933,0.24,1.31,0.84,0.086216,-0.00014349,8.1134e-05,7.1585e-06,2.7753e-09,1153,3837,3732.5,4.7833e+05,20.68,21.319,21.179,0.023485,22.513,29.704,23.03,2.8673,4
331,357,338,70.517,410,530,521.5,2118.7,370,402,377,93.829,369.08,425.84,395.72,313.45,92.584,2557,1506.6,8.3817e+05,-0.12587,1.829,0.81265,0.375,1.5425,5.5202,2.8841,1.8663,362,389,366,69.467,376,474,398.5,1337.7,12,92,26,1069.4,-0.0063612,0.0052287,-0.00047237,8.3361e-06,1234,4075,3988,5.3214e+05,373.93,428.44,399.44,287.5,21.203,27.151,21.542,2.0227,1
48.06,54.39,52.795,5.7012,51.31,56.45,55.28,2.3078,49.16,55.58,53.755,3.5892,49.355,55.414,53.844,3.3535,0.02067,3.2776,0.69074,0.93131,-1.4243,0.63695,-0.22458,0.40063,1.5144,3.7282,2.0534,0.33004,48.58,54.92,53.46,4.1535,49.71,56.04,54.51,3.1524,0.25,3.23,1.315,0.84592,-0.00020849,0.00044572,1.5127e-05,3.8144e-08,786,2506,2374.5,1.979e+05,49.41,55.42,53.831,3.3079,34.476,49.98,36.361,22.934,2
23.68,23.94,23.83,0.0078383,23.96,24.56,24.27,0.039198,23.87,24.12,24.005,0.0087733,23.877,24.15,24.066,0.010161,0.00042072,0.071245,0.016734,0.00038763,-0.024354,0.81454,0.19189,0.060628,1.3376,2.7777,1.5946,0.18163,23.81,24,23.885,0.0054663,23.91,24.34,24.205,0.024926,0.04,0.52,0.255,0.019053,-5.0418e-05,3.3341e-05,8.5467e-07,5.3509e-10,1128,3886,3745.5,4.7843e+05,23.882,24.157,24.071,0.010282,22.227,34.857,23.057,10.769,4
267,286,274.5,51.267,348,786,592,15267,305,332.5,314.5,69.507,311.6,429.11,347.46,1115.1,76.642,16897,3460,2.5745e+07,0.015643,3.235,1.6155,0.67475,2.8055,15.361,4.6596,12.503,296,319,304.5,46.117,313,464,345.5,2234.7,11,145,44.5,2065.1,-0.011305,0.01334,-0.0012162,3.8705e-05,1185,4130,3979,5.5282e+05,315.05,418.09,348.74,824.17,20.915,27.643,21.643,2.4048,1
45.04,55.2,48.24,7.1211,52.91,59.98,57.73,4.0462,48.97,56.63,54.025,5.0221,49.216,56.37,53.843,3.9274,0.41494,21.611,4.9092,25.949,-0.67871,0.79591,-0.1334,0.20536,1.5249,3.1099,2.1351,0.20025,48.03,55.64,51.695,4.6695,49.87,58.67,55.459,5.3102,1.3,7.8775,3.19,3.214,-0.00053652,0.00071017,6.0947e-05,1.1566e-07,731,2403,2316,1.8034e+05,49.163,56.37,53.918,3.9515,35.793,46.016,37.194,5.6088,2
22.05,23.23,22.74,0.10853,23.29,27.56,25.895,1.0155,22.75,24.68,24.3,0.36175,22.811,24.703,24.287,0.22929,0.034927,2.4731,0.84471,0.41149,-0.37326,1.0031,0.11987,0.21559,1.7144,2.7893,2.1334,0.1035,22.37,24.108,23.565,0.33443,22.93,25.22,24.96,0.31022,0.29,2.38,1.33,0.3112,-0.00028809,0.00014559,-3.5624e-05,1.0109e-08,1053,3433,3371,3.7707e+05,22.809,24.686,24.292,0.23644,24.909,32.341,25.433,3.0753,4
453,477,455,48,532,1034,805.5,16948,497,581,513,691.5,496.51,637.01,541.98,1462.2,100.09,18848,5734.7,2.8648e+07,-0.097677,2.6719,1.1782,0.56925,1.8557,10.726,3.403,6.4323,485,512,490.5,59.983,503,714,565,4365,13,203,73.5,3653.7,-0.011023,0.012365,0.0014743,3.4221e-05,1233,4136,4029,5.5351e+05,501.44,631.01,542.52,1257.1,20.878,27.596,21.36,2.4982,1
52.81,59.25,54.435,3.7068,59.28,66.73,63.56,4.6927,56.54,62.36,60.695,3.5765,56.743,62.293,60.093,2.7601,1.0901,16.201,6.4336,19.411,-1.2574,0.64326,-0.38714,0.30362,1.5711,4.6164,1.899,0.61813,54.89,60.74,57.775,3.0177,57.56,65.218,61.925,4.7307,1.17,7.58,4.655,3.0819,-0.00040408,0.00049535,-7.677e-06,9.2091e-08,640,2185,2122,1.5784e+05,56.693,62.243,60.151,2.7897,39.537,52.666,40.366,9.7876,2
20.74,21.47,21.225,0.067593,22.87,579.27,24.155,77147,21.46,22.48,22.095,0.092593,21.632,23.41,22.355,0.2635,0.16798,19.587,0.74591,85.235,-0.097015,124.64,0.71148,3606,1.6646,16068,2.4861,5.9236e+07,20.94,21.96,21.43,0.080735,21.7,24.04,22.93,0.27225,0.36,2.26,1.425,0.17206,-0.00019741,0.00018878,3.8438e-05,7.7648e-09,1094,3674,3604.5,4.4579e+05,21.619,23.103,22.2,0.171,23.498,30.892,23.876,3.1238,4
431,449,439,34.467,497,1215,845,67280,468,496,478.5,85.067,468.7,693.5,505.87,5212.1,72.491,56645,5605.2,3.0652e+08,-0.192,3.0972,1.278,1.0406,2.1953,14.242,3.5056,12.625,463,483,465,46.917,476,876.75,496.5,14122,13,406.75,27.375,13529,-0.015313,0.018442,-0.00099488,8.0782e-05,1256,4278,4171.5,6.0673e+05,472.63,664.72,506.24,3819.4,20.198,26.361,20.653,2.1346,1
49.77,54.51,53.51,3.0778,51.92,58.42,56.51,3.415,51.09,57.01,55.2,2.9343,51.192,56.727,54.943,2.6936,0.00045,6.6748,0.80581,3.2535,-1.0387,1.4725,-0.3563,0.34659,1,5.3676,1.8742,1.2219,50.71,56.39,54.83,3.6306,51.67,57.25,55.92,3.0678,0.03,5.27,1.22,1.7338,-0.00024368,0.03,-1.1611e-05,5.2893e-05,0,2818,2483,5.5703e+05,0,56.743,54.954,178.28,-999,45.6,33.272,62804,2
22.86,24.35,23.2,0.12575,23.77,25.17,24.3,0.15291,23.14,24.355,23.55,0.088403,23.193,24.355,23.608,0.096542,5e-05,0.23371,0.074936,0.0042355,-0.13305,1.5341,0.78497,0.31949,1,13.289,2.7549,7.7478,22.96,24.35,23.32,0.11742,23.3,24.37,23.86,0.12059,0.01,0.96,0.34,0.06549,-5.6085e-05,0.01,7.5156e-06,5.8788e-06,0,4012,3904,1.2632e+06,0,24.119,23.557,32.782,-999,28.281,21.995,61368,4
361,381,364,38.663,417,769,632.5,17501,389,443,402,277.53,389.23,483.42,433.59,1285.6,56.305,8669.3,3368.3,1.2509e+07,-0.088077,2.1194,1.0383,0.43125,2.3289,8.9753,3.0642,4.553,383,408,388,65.133,395,544,448,3132.8,11,138,59,2617.7,-0.0064134,0.014416,-0.0013941,4.8169e-05,1478,5055,4934,8.4954e+05,392.59,481.1,432.72,1089.4,17.088,22.38,17.384,1.5995,1
42.08,47.31,45.805,3.6618,44.42,50.58,48.95,2.8777,43.72,48.81,47.035,2.6518,43.737,48.898,46.936,2.7192,0.028474,7.6463,0.76065,3.6037,-0.73134,1.6307,0.044215,0.281,1.4734,4.6762,1.9055,0.58182,42.62,48.38,46.555,3.9272,43.95,49.42,48.19,2.9449,0.3,5.96,1.135,2.1161,-0.00033485,0.00050526,-7.0599e-05,4.3589e-08,866,2459,2343,1.5395e+05,43.766,48.97,46.937,2.7632,30.376,44.949,36.373,9.0681,2
25.18,26.1,25.54,0.087998,26.32,27.01,26.82,0.043167,25.78,26.48,26.3,0.045986,25.904,26.543,26.221,0.038374,0.0059341,0.25423,0.11086,0.0044539,-1.0326,1.0267,-0.31273,0.46622,1.474,3.2933,2.4453,0.32146,25.55,26.23,25.97,0.04066,26.02,26.89,26.44,0.077353,0.12,1.15,0.485,0.057372,-4.6624e-05,6.818e-05,1.7605e-05,1.6759e-09,1118,3725,3577,4.3125e+05,25.905,26.547,26.225,0.038758,22.96,30.641,23.87,3.0456,4
349,366,352.5,29.583,404,650,507.5,5112.5,376,406,385,82.829,376.44,429.63,402.46,274.29,51.601,2862.2,1252.7,8.8702e+05,-0.18812,1.9292,0.93728,0.44844,1.4989,6.4096,3.6069,2.3248,372,395,378,50.667,381,474,404,1200.3,9,86,20,1033.1,-0.0054242,0.005178,-0.00052648,8.2482e-06,1194,3992,3904.5,5.1933e+05,380.12,433.15,405.93,261.27,21.63,28.148,21.98,2.418,1
47.54,51.86,49.045,2.1184,54.32,60.47,57.855,3.2668,52.08,57.31,55.58,2.8021,51.877,56.286,54.461,1.9248,1.3269,14.026,6.7359,15.061,-1.2341,0.27728,-0.46758,0.18849,1.7628,3.6107,1.914,0.27931,49.61,54.98,52.29,2.2152,53,59.04,56.325,3.1342,1.25,6.67,4.465,2.2073,-0.00053314,0.00043584,-1.6281e-05,7.4341e-08,684,2485,2360.5,2.0262e+05,51.891,56.355,54.481,1.979,34.759,46.005,36.302,6.8748,2
21.99,22.97,22.71,0.11008,24.91,26.72,25.64,0.2955,22.91,24.06,23.405,0.10409,23.22,24.491,23.732,0.13881,0.36733,1.5708,0.85576,0.1307,0.21075,1.431,0.64963,0.073235,1.7511,3.8194,2.1329,0.24017,22.23,23.34,22.88,0.095473,23.44,25.54,24.51,0.26589,0.62,2.21,1.58,0.14454,-0.0001703,0.00027833,1.9237e-05,9.0493e-09,1092,3769,3699.5,4.7786e+05,23.195,24.46,23.727,0.13878,22.922,30.131,23.343,2.9419,4
455,483,463,94.117,531,963,744,25416,496,542,503,219.07,500.18,591.97,530.48,976.62,61.89,12005,2933.2,2.016e+07,0.056356,2.6613,1.3071,0.37603,2.4066,9.2801,4.1235,3.1036,487,519,495,92,504,639,539,2500.3,9,141,44,2085.2,-0.0062647,0.011561,-0.00065144,2.5434e-05,1336,4492,4375.5,6.6634e+05,504.59,589.34,532.94,835.29,19.228,25.353,19.663,2.1045,1
48.61,54.14,52.27,3.3239,54.48,60.31,59.085,3.141,52.02,57.56,55.685,3.2053,51.821,57.046,55.898,2.8136,0.3675,11.339,3.5608,7.6287,-0.93806,0.83433,-0.26021,0.19581,1.5725,4.2741,1.7508,0.50696,49.9,55.98,54.01,3.2139,53,58.88,57.255,3.9559,0.69,5.82,3.375,1.8792,-0.0003115,0.00057903,1.6886e-05,6.4618e-08,1032,2641,2562.5,1.693e+05,51.776,57.106,55.917,2.9109,31.478,43.559,33.219,7.2304,2
21.6,23.13,22.84,0.30405,24.42,25.36,25.065,0.057247,23.2,24.09,23.61,0.053293,23.288,24.154,23.743,0.058829,0.13151,1.1918,0.54246,0.075878,-0.66314,1.2106,0.22788,0.17713,1.4591,3.941,1.7795,0.35821,22.46,23.47,23.095,0.12946,23.47,24.64,24.415,0.06655,0.49,2.07,1.15,0.16887,-0.00012811,9.5208e-05,7.3478e-06,4.862e-09,1420,3810,3681,3.592e+05,23.283,24.148,23.731,0.058184,22.679,30.549,23.383,3.4205,4
