[1]-1:1-[ 0.48  0.04  0.    0.    0.46  0.02]-0.512
[2]-2:2-[ 0.    0.66  0.    0.02  0.    0.32]-0.400
[3]-4:4-[ 0.    0.04  0.64  0.    0.    0.32]-0.435
[4]-1:7-[ 0.42  0.04  0.    0.    0.52  0.02]-0.509
[5]-2:2-[ 0.    0.8   0.02  0.04  0.    0.14]-0.369
[6]-4:4-[ 0.    0.02  0.86  0.    0.    0.12]-0.258
[7]-1:1-[ 0.76  0.04  0.    0.    0.18  0.02]-0.404
[8]-2:2-[ 0.    0.78  0.02  0.04  0.    0.16]-0.387
[9]-4:4-[ 0.    0.04  0.56  0.    0.    0.4 ]-0.458
[10]-1:7-[ 0.42  0.04  0.    0.    0.52  0.02]-0.509
[11]-2:2-[ 0.    0.82  0.02  0.04  0.    0.12]-0.348
[12]-4:8-[ 0.04  0.    0.2   0.    0.    0.76]-0.368
[13]-1:7-[ 0.44  0.04  0.    0.    0.5   0.02]-0.511
[14]-2:2-[ 0.    0.68  0.    0.02  0.    0.3 ]-0.392
[15]-4:4-[ 0.    0.    0.84  0.    0.    0.16]-0.245
[16]-1:1-[ 0.74  0.02  0.    0.02  0.18  0.04]-0.456
[17]-2:2-[ 0.    0.72  0.    0.04  0.    0.24]-0.395
[18]-4:4-[ 0.    0.02  0.84  0.    0.    0.14]-0.279
[19]-1:1-[ 0.6   0.04  0.    0.    0.34  0.02]-0.491
[20]-2:2-[ 0.    0.62  0.    0.18  0.    0.2 ]-0.517
[21]-4:4-[ 0.    0.    0.66  0.02  0.    0.32]-0.400
[22]-1:1-[ 0.74  0.02  0.    0.02  0.18  0.04]-0.456
[23]-2:2-[ 0.    0.66  0.    0.08  0.    0.26]-0.461
[24]-4:4-[ 0.    0.    0.72  0.08  0.    0.2 ]-0.424
[25]-1:7-[ 0.44  0.02  0.    0.    0.5   0.04]-0.511
[26]-2:2-[ 0.    0.82  0.04  0.02  0.    0.12]-0.348
[27]-4:4-[ 0.    0.02  0.86  0.    0.    0.12]-0.258
[28]-1:1-[ 0.76  0.02  0.    0.    0.18  0.04]-0.404
[29]-2:2-[ 0.    0.76  0.02  0.04  0.    0.18]-0.404
[30]-4:8-[ 0.    0.    0.38  0.12  0.    0.5 ]-0.541
[31]-1:1-[ 0.76  0.04  0.    0.    0.18  0.02]-0.404
[32]-2:2-[ 0.    0.8   0.04  0.04  0.    0.12]-0.385
[33]-4:4-[ 0.    0.    0.76  0.12  0.    0.12]-0.400
[34]-1:1-[ 0.76  0.04  0.    0.    0.18  0.02]-0.404
[35]-2:2-[ 0.    0.8   0.04  0.06  0.    0.1 ]-0.394
[36]-4:4-[ 0.    0.    0.74  0.16  0.    0.1 ]-0.417
[37]-1:1-[ 0.74  0.02  0.    0.02  0.16  0.06]-0.470
[38]-2:2-[ 0.    0.82  0.04  0.06  0.    0.08]-0.370
[39]-4:4-[ 0.    0.    0.54  0.38  0.    0.08]-0.504
[40]-1:1-[ 0.56  0.04  0.    0.    0.38  0.02]-0.502
[41]-2:2-[ 0.    0.76  0.02  0.04  0.    0.18]-0.404
[42]-4:4-[ 0.    0.    0.88  0.02  0.    0.1 ]-0.235
[43]-1:1-[ 0.7   0.04  0.    0.    0.24  0.02]-0.446
[44]-2:2-[ 0.    0.66  0.    0.08  0.    0.26]-0.461
[45]-4:4-[ 0.    0.    0.62  0.06  0.    0.32]-0.463
[46]-1:1-[ 0.74  0.04  0.    0.    0.2   0.02]-0.420
[47]-2:2-[ 0.    0.78  0.    0.04  0.    0.18]-0.352
[48]-4:4-[ 0.   0.   0.9  0.   0.   0.1]-0.181
[49]-1:1-[ 0.62  0.02  0.    0.02  0.3   0.04]-0.526
[50]-2:2-[ 0.    0.68  0.    0.02  0.    0.3 ]-0.392
[51]-4:4-[ 0.    0.08  0.6   0.    0.    0.32]-0.487
[52]-1:1-[ 0.66  0.1   0.    0.02  0.12  0.1 ]-0.596
[53]-2:2-[ 0.    0.76  0.    0.04  0.    0.2 ]-0.368
[54]-4:4-[ 0.    0.04  0.72  0.    0.    0.24]-0.395
[55]-1:7-[ 0.46  0.04  0.    0.    0.48  0.02]-0.512
[56]-2:2-[ 0.    0.74  0.    0.06  0.    0.2 ]-0.398
[57]-4:8-[ 0.    0.    0.36  0.1   0.    0.54]-0.519
[58]-1:7-[ 0.42  0.02  0.    0.02  0.5   0.04]-0.556
[59]-2:2-[ 0.    0.66  0.    0.1   0.    0.24]-0.473
[60]-4:4-[ 0.    0.    0.82  0.02  0.    0.16]-0.298
[61]-1:7-[ 0.42  0.04  0.    0.    0.52  0.02]-0.509
[62]-2:2-[ 0.    0.66  0.    0.02  0.    0.32]-0.400
[63]-4:4-[ 0.    0.04  0.9   0.    0.    0.06]-0.219
[64]-1:7-[ 0.46  0.04  0.    0.    0.48  0.02]-0.512
[65]-2:2-[ 0.    0.54  0.    0.04  0.    0.42]-0.461
[66]-4:4-[ 0.    0.02  0.86  0.    0.    0.12]-0.258
[67]-1:1-[ 0.74  0.04  0.    0.    0.2   0.02]-0.420
[68]-2:2-[ 0.    0.72  0.    0.1   0.    0.18]-0.433
[69]-4:4-[ 0.    0.    0.78  0.02  0.    0.2 ]-0.331
[70]-1:7-[ 0.32  0.14  0.    0.02  0.34  0.18]-0.778
[71]-2:2-[ 0.    0.66  0.    0.04  0.    0.3 ]-0.427
[72]-4:8-[ 0.    0.    0.16  0.14  0.    0.7 ]-0.457
[73]-1:7-[ 0.46  0.04  0.    0.    0.48  0.02]-0.512
[74]-2:2-[ 0.    0.7   0.    0.06  0.    0.24]-0.425
[75]-4:4-[ 0.    0.02  0.7   0.02  0.    0.26]-0.422
[76]-1:1-[ 0.68  0.04  0.    0.    0.26  0.02]-0.457
[77]-2:2-[ 0.    0.74  0.    0.04  0.    0.22]-0.382
[78]-4:4-[ 0.    0.04  0.82  0.    0.    0.14]-0.316
[79]-1:1-[ 0.62  0.04  0.    0.    0.32  0.02]-0.484
[80]-2:2-[ 0.    0.76  0.    0.06  0.    0.18]-0.383
[81]-4:4-[ 0.    0.04  0.74  0.    0.    0.22]-0.382
[82]-1:7-[ 0.46  0.04  0.    0.    0.48  0.02]-0.512
[83]-2:2-[ 0.    0.78  0.    0.04  0.    0.18]-0.352
[84]-4:4-[ 0.    0.06  0.76  0.    0.    0.18]-0.383
[85]-1:7-[ 0.42  0.04  0.    0.    0.52  0.02]-0.509
[86]-2:2-[ 0.    0.8   0.    0.04  0.    0.16]-0.335
[87]-4:4-[ 0.    0.04  0.62  0.    0.    0.34]-0.442
[88]-1:7-[ 0.44  0.02  0.    0.    0.5   0.04]-0.511
[89]-2:2-[ 0.    0.72  0.    0.08  0.    0.2 ]-0.424
[90]-4:4-[ 0.    0.02  0.7   0.    0.    0.28]-0.382
[91]-1:1-[ 0.74  0.04  0.    0.    0.2   0.02]-0.420
[92]-2:2-[ 0.    0.74  0.    0.04  0.    0.22]-0.382
[93]-4:4-[ 0.    0.06  0.74  0.02  0.    0.18]-0.435
[94]-1:1-[ 0.74  0.04  0.    0.    0.2   0.02]-0.420
[95]-2:2-[ 0.    0.72  0.    0.04  0.    0.24]-0.395
[96]-4:4-[ 0.    0.06  0.7   0.02  0.    0.22]-0.463
[97]-1:1-[ 0.3   0.14  0.    0.02  0.3   0.24]-0.792
[98]-2:2-[ 0.    0.7   0.    0.04  0.    0.26]-0.407
[99]-4:4-[ 0.    0.06  0.7   0.    0.    0.24]-0.425
[100]-1:7-[ 0.44  0.02  0.    0.    0.5   0.04]-0.511
[101]-2:2-[ 0.    0.62  0.    0.06  0.    0.32]-0.463
[102]-4:8-[ 0.    0.02  0.14  0.1   0.    0.74]-0.450
[103]-1:1-[ 0.48  0.04  0.    0.    0.46  0.02]-0.512
[104]-2:2-[ 0.    0.74  0.    0.02  0.    0.24]-0.359
[105]-4:4-[ 0.    0.06  0.7   0.    0.    0.24]-0.425
[106]-1:7-[ 0.42  0.04  0.    0.    0.52  0.02]-0.509
[107]-2:2-[ 0.    0.72  0.    0.02  0.    0.26]-0.371
[108]-4:4-[ 0.    0.04  0.66  0.02  0.    0.28]-0.468
[109]-1:1-[ 0.76  0.04  0.    0.    0.18  0.02]-0.404
[110]-2:2-[ 0.    0.72  0.    0.04  0.    0.24]-0.395
[111]-4:4-[ 0.    0.06  0.7   0.    0.    0.24]-0.425
[112]-1:1-[ 0.72  0.04  0.    0.    0.22  0.02]-0.433
[113]-2:2-[ 0.    0.68  0.    0.04  0.    0.28]-0.417
[114]-4:4-[ 0.    0.02  0.54  0.    0.    0.44]-0.431
[115]-1:1-[ 0.76  0.04  0.    0.    0.18  0.02]-0.404
[116]-2:2-[ 0.    0.78  0.    0.04  0.    0.18]-0.352
[117]-4:4-[ 0.    0.02  0.68  0.    0.    0.3 ]-0.392
[118]-1:1-[ 0.48  0.04  0.    0.    0.46  0.02]-0.512
[119]-2:2-[ 0.    0.8   0.    0.04  0.    0.16]-0.335
[120]-4:4-[ 0.    0.02  0.64  0.    0.    0.34]-0.408
[121]-1:1-[ 0.64  0.04  0.    0.    0.3   0.02]-0.477
[122]-2:2-[ 0.    0.8   0.    0.04  0.    0.16]-0.335
[123]-4:4-[ 0.    0.02  0.7   0.    0.    0.28]-0.382
[124]-1:7-[ 0.46  0.04  0.    0.    0.48  0.02]-0.512
[125]-2:2-[ 0.    0.8   0.04  0.02  0.    0.14]-0.369
[126]-4:4-[ 0.   0.   0.9  0.   0.   0.1]-0.181
[127]-1:1-[ 0.76  0.06  0.    0.02  0.14  0.02]-0.452
[128]-2:8-[ 0.02  0.34  0.    0.16  0.    0.48]-0.609
[129]-4:8-[ 0.02  0.    0.34  0.12  0.    0.52]-0.580
[130]-1:1-[ 0.42  0.16  0.    0.04  0.16  0.22]-0.788
[131]-2:2-[ 0.    0.78  0.04  0.02  0.    0.16]-0.387
[132]-4:4-[ 0.    0.    0.68  0.22  0.    0.1 ]-0.461
[133]-1:1-[ 0.68  0.04  0.    0.    0.26  0.02]-0.457
[134]-2:2-[ 0.    0.76  0.    0.06  0.    0.18]-0.383
[135]-4:4-[ 0.    0.02  0.8   0.    0.    0.18]-0.316
[136]-1:1-[ 0.74  0.04  0.    0.    0.2   0.02]-0.420
[137]-2:2-[ 0.    0.74  0.04  0.06  0.    0.16]-0.454
[138]-4:4-[ 0.    0.    0.68  0.22  0.    0.1 ]-0.461
[139]-1:7-[ 0.42  0.04  0.    0.    0.52  0.02]-0.509
[140]-2:2-[ 0.    0.74  0.    0.02  0.    0.24]-0.359
[141]-4:4-[ 0.    0.08  0.6   0.    0.    0.32]-0.487
[142]-1:7-[ 0.42  0.04  0.    0.    0.52  0.02]-0.509
[143]-2:2-[ 0.    0.74  0.    0.04  0.    0.22]-0.382
[144]-4:8-[ 0.    0.    0.14  0.02  0.    0.84]-0.279
[145]-1:7-[ 0.42  0.04  0.    0.    0.52  0.02]-0.509
[146]-2:2-[ 0.    0.78  0.04  0.02  0.    0.16]-0.387
[147]-4:4-[ 0.    0.02  0.74  0.    0.    0.24]-0.359
[148]-1:7-[ 0.46  0.04  0.    0.    0.48  0.02]-0.512
[149]-2:2-[ 0.    0.84  0.04  0.02  0.    0.1 ]-0.326
[150]-4:4-[ 0.    0.02  0.7   0.    0.    0.28]-0.382
[151]-1:1-[ 0.64  0.04  0.    0.    0.3   0.02]-0.477
[152]-2:2-[ 0.    0.74  0.    0.02  0.    0.24]-0.359
[153]-4:4-[ 0.    0.06  0.66  0.    0.    0.28]-0.446
[154]-1:7-[ 0.46  0.04  0.    0.    0.48  0.02]-0.512
[155]-2:2-[ 0.    0.76  0.    0.02  0.    0.22]-0.346
[156]-4:4-[ 0.    0.06  0.72  0.    0.    0.22]-0.412
[157]-4:8-[ 0.02  0.04  0.3   0.02  0.    0.62]-0.526
[158]-4:8-[ 0.    0.04  0.28  0.02  0.    0.66]-0.468
[159]-4:8-[ 0.02  0.04  0.3   0.02  0.    0.62]-0.526
[160]-4:8-[ 0.02  0.04  0.32  0.02  0.    0.6 ]-0.534
[161]-4:8-[ 0.02  0.04  0.34  0.02  0.    0.58]-0.540
[162]-4:8-[ 0.06  0.04  0.2   0.    0.    0.7 ]-0.485
[163]-4:8-[ 0.02  0.04  0.34  0.02  0.    0.58]-0.540
[164]-4:6-[ 0.    0.    0.28  0.4   0.    0.32]-0.607
[165]-4:6-[ 0.    0.    0.28  0.38  0.    0.34]-0.609
[166]-4:8-[ 0.   0.   0.2  0.   0.   0.8]-0.279
[167]-4:6-[ 0.    0.    0.26  0.48  0.    0.26]-0.588
[168]-4:8-[ 0.    0.    0.16  0.02  0.    0.82]-0.298
[169]-4:4-[ 0.    0.02  0.6   0.04  0.    0.34]-0.491
[170]-4:4-[ 0.    0.04  0.5   0.02  0.    0.44]-0.511
[171]-4:4-[ 0.    0.04  0.74  0.    0.    0.22]-0.382
[172]-4:4-[ 0.    0.04  0.66  0.    0.    0.3 ]-0.427
[173]-4:8-[ 0.    0.06  0.44  0.    0.    0.5 ]-0.489
[174]-4:8-[ 0.    0.04  0.34  0.    0.    0.62]-0.442
[175]-4:8-[ 0.    0.02  0.32  0.02  0.    0.64]-0.450
[176]-4:8-[ 0.    0.04  0.42  0.04  0.    0.5 ]-0.540
[177]-4:8-[ 0.    0.04  0.44  0.    0.    0.52]-0.463
[178]-4:8-[ 0.    0.04  0.44  0.    0.    0.52]-0.463
[179]-4:4-[ 0.    0.04  0.7   0.    0.    0.26]-0.407
[180]-4:8-[ 0.    0.    0.12  0.02  0.    0.86]-0.258
[181]-4:4-[ 0.    0.04  0.5   0.    0.    0.46]-0.465
[182]-4:8-[ 0.    0.06  0.42  0.    0.    0.52]-0.487
[183]-4:4-[ 0.    0.06  0.54  0.    0.    0.4 ]-0.484
[184]-4:4-[ 0.    0.08  0.52  0.    0.    0.4 ]-0.507
[185]-4:8-[ 0.    0.04  0.1   0.    0.    0.86]-0.273
[186]-4:4-[ 0.    0.06  0.7   0.    0.    0.24]-0.425
[187]-4:4-[ 0.    0.04  0.68  0.    0.    0.28]-0.417
[188]-4:4-[ 0.    0.04  0.76  0.    0.    0.2 ]-0.368
[189]-4:4-[ 0.    0.04  0.62  0.    0.    0.34]-0.442
[190]-4:4-[ 0.    0.04  0.58  0.    0.    0.38]-0.453
[191]-4:8-[ 0.    0.04  0.44  0.02  0.    0.5 ]-0.511
[192]-4:4-[ 0.    0.06  0.58  0.    0.    0.36]-0.476
[193]-4:4-[ 0.    0.06  0.76  0.02  0.    0.16]-0.418
[194]-4:4-[ 0.    0.04  0.66  0.02  0.    0.28]-0.468
[195]-4:4-[ 0.    0.04  0.6   0.    0.    0.36]-0.448
[196]-4:4-[ 0.    0.02  0.8   0.    0.    0.18]-0.316
[197]-4:6-[ 0.    0.    0.3   0.44  0.    0.26]-0.599
[198]-4:4-[ 0.    0.02  0.74  0.    0.    0.24]-0.359
[199]-4:8-[ 0.    0.02  0.12  0.02  0.    0.84]-0.311
[200]-4:4-[ 0.    0.04  0.72  0.    0.    0.24]-0.395
[201]-4:4-[ 0.    0.    0.52  0.06  0.    0.42]-0.487
[202]-4:4-[ 0.    0.    0.62  0.3   0.    0.08]-0.480
[203]-4:4-[ 0.    0.02  0.66  0.    0.    0.32]-0.400
[204]-4:8-[ 0.    0.04  0.28  0.    0.    0.68]-0.417
[205]-4:4-[ 0.    0.04  0.7   0.    0.    0.26]-0.407
[206]-4:4-[ 0.    0.02  0.66  0.06  0.    0.26]-0.486
[207]-4:4-[ 0.    0.04  0.48  0.04  0.    0.44]-0.542
[208]-4:4-[ 0.    0.06  0.66  0.    0.    0.28]-0.446
[209]-4:4-[ 0.    0.02  0.74  0.    0.    0.24]-0.359
[210]-4:4-[ 0.    0.02  0.64  0.    0.    0.34]-0.408
[211]-4:4-[ 0.    0.04  0.68  0.    0.    0.28]-0.417
[212]-4:4-[ 0.    0.04  0.58  0.    0.    0.38]-0.453
[213]-4:4-[ 0.    0.04  0.6   0.    0.    0.36]-0.448
[214]-4:4-[ 0.    0.02  0.56  0.    0.    0.42]-0.428
[215]-4:4-[ 0.    0.06  0.7   0.    0.    0.24]-0.425
[216]-4:4-[ 0.    0.04  0.72  0.    0.    0.24]-0.395
[217]-4:4-[ 0.    0.04  0.68  0.    0.    0.28]-0.417
[218]-4:4-[ 0.    0.04  0.8   0.    0.    0.16]-0.335
[219]-4:4-[ 0.    0.02  0.7   0.    0.    0.28]-0.382
[220]-4:4-[ 0.    0.06  0.82  0.    0.    0.12]-0.327
[221]-4:4-[ 0.    0.02  0.68  0.    0.    0.3 ]-0.392
[222]-4:4-[ 0.    0.04  0.68  0.    0.    0.28]-0.417
[223]-4:4-[ 0.    0.04  0.46  0.04  0.    0.46]-0.542
[224]-4:4-[ 0.    0.04  0.52  0.    0.    0.44]-0.463
[225]-4:4-[ 0.    0.04  0.52  0.    0.    0.44]-0.463
[226]-4:4-[ 0.    0.04  0.48  0.04  0.    0.44]-0.542
[227]-4:4-[ 0.    0.04  0.7   0.    0.    0.26]-0.407
[228]-4:4-[ 0.    0.04  0.48  0.04  0.    0.44]-0.542
[229]-4:4-[ 0.    0.04  0.68  0.    0.    0.28]-0.417
[230]-4:4-[ 0.    0.06  0.7   0.    0.    0.24]-0.425
[231]-4:4-[ 0.    0.02  0.54  0.34  0.    0.1 ]-0.563
[232]-4:4-[ 0.    0.02  0.56  0.34  0.    0.08]-0.542
[233]-4:4-[ 0.    0.02  0.52  0.34  0.    0.12]-0.580
[234]-4:4-[ 0.    0.02  0.54  0.34  0.    0.1 ]-0.563
[235]-4:4-[ 0.    0.04  0.62  0.02  0.    0.32]-0.484
[236]-4:8-[ 0.    0.04  0.24  0.02  0.    0.7 ]-0.446
[237]-4:4-[ 0.    0.    0.66  0.3   0.    0.04]-0.427
[238]-4:4-[ 0.    0.04  0.58  0.32  0.    0.06]-0.546
[239]-4:4-[ 0.    0.02  0.62  0.32  0.    0.04]-0.484
[240]-4:4-[ 0.    0.    0.68  0.32  0.    0.  ]-0.350
[241]-4:4-[ 0.    0.    0.38  0.38  0.    0.24]-0.602
[242]-4:6-[ 0.    0.    0.34  0.44  0.    0.22]-0.592
[243]-4:4-[ 0.    0.02  0.62  0.32  0.    0.04]-0.484
[244]-4:6-[ 0.    0.    0.3   0.44  0.    0.26]-0.599
[245]-4:4-[ 0.    0.    0.6   0.34  0.    0.06]-0.470
[246]-4:4-[ 0.    0.    0.68  0.32  0.    0.  ]-0.350
[247]-4:4-[ 0.   0.   0.7  0.3  0.   0. ]-0.341
[248]-4:4-[ 0.    0.06  0.62  0.    0.    0.32]-0.463
[249]-4:4-[ 0.    0.02  0.68  0.    0.    0.3 ]-0.392
[250]-4:4-[ 0.    0.04  0.68  0.    0.    0.28]-0.417
[251]-4:4-[ 0.    0.06  0.72  0.    0.    0.22]-0.412
[252]-4:4-[ 0.    0.06  0.76  0.    0.    0.18]-0.383
[253]-4:4-[ 0.    0.04  0.74  0.    0.    0.22]-0.382
[254]-4:8-[ 0.    0.02  0.14  0.02  0.    0.82]-0.332
[255]-4:6-[ 0.    0.    0.08  0.9   0.    0.02]-0.209
[256]-4:6-[ 0.    0.    0.08  0.9   0.    0.02]-0.209
[257]-4:6-[ 0.    0.    0.08  0.9   0.    0.02]-0.209
[258]-4:4-[ 0.    0.04  0.48  0.02  0.    0.46]-0.512
[259]-4:4-[ 0.    0.04  0.66  0.    0.    0.3 ]-0.427
[260]-4:4-[ 0.    0.04  0.66  0.    0.    0.3 ]-0.427
[261]-4:4-[ 0.    0.04  0.48  0.02  0.    0.46]-0.512
[262]-4:8-[ 0.    0.04  0.44  0.04  0.    0.48]-0.542
[263]-4:4-[ 0.    0.04  0.74  0.    0.    0.22]-0.382
[264]-4:4-[ 0.    0.04  0.54  0.02  0.    0.4 ]-0.506
[265]-4:4-[ 0.    0.06  0.6   0.    0.    0.34]-0.470
[266]-4:4-[ 0.    0.04  0.46  0.04  0.    0.46]-0.542
[267]-4:4-[ 0.    0.06  0.68  0.    0.    0.26]-0.436
[268]-4:4-[ 0.    0.06  0.66  0.    0.    0.28]-0.446
[269]-4:4-[ 0.    0.    0.86  0.    0.    0.14]-0.226
[270]-4:4-[ 0.    0.04  0.6   0.    0.    0.36]-0.448
[271]-4:4-[ 0.    0.04  0.68  0.    0.    0.28]-0.417
[272]-4:4-[ 0.    0.06  0.62  0.    0.    0.32]-0.463
[273]-4:4-[ 0.    0.06  0.66  0.    0.    0.28]-0.446
[274]-4:4-[ 0.    0.06  0.68  0.    0.    0.26]-0.436
[275]-4:4-[ 0.    0.04  0.68  0.    0.    0.28]-0.417
[276]-4:4-[ 0.    0.08  0.6   0.    0.    0.32]-0.487
[277]-4:8-[ 0.    0.02  0.42  0.    0.    0.56]-0.428
[278]-4:4-[ 0.    0.02  0.68  0.    0.    0.3 ]-0.392
[279]-4:8-[ 0.    0.    0.12  0.04  0.    0.84]-0.296
[280]-4:4-[ 0.    0.04  0.6   0.    0.    0.36]-0.448
[281]-4:4-[ 0.    0.04  0.54  0.02  0.    0.4 ]-0.506
[282]-4:4-[ 0.    0.    0.54  0.4   0.    0.06]-0.484
[283]-4:4-[ 0.    0.06  0.62  0.    0.    0.32]-0.463
[284]-4:4-[ 0.    0.02  0.84  0.    0.    0.14]-0.279
[285]-4:4-[ 0.    0.04  0.62  0.    0.    0.34]-0.442
[286]-4:4-[ 0.    0.02  0.88  0.    0.    0.1 ]-0.235
[287]-4:4-[ 0.    0.04  0.74  0.    0.    0.22]-0.382
[288]-4:4-[ 0.    0.04  0.52  0.04  0.    0.4 ]-0.538
[289]-4:4-[ 0.    0.02  0.64  0.32  0.    0.02]-0.450
[290]-4:4-[ 0.    0.02  0.52  0.34  0.    0.12]-0.580
[291]-4:4-[ 0.    0.02  0.48  0.34  0.    0.16]-0.609
[292]-4:6-[ 0.    0.02  0.3   0.44  0.    0.24]-0.638
[293]-4:4-[ 0.    0.04  0.66  0.    0.    0.3 ]-0.427
[294]-4:8-[ 0.    0.04  0.36  0.    0.    0.6 ]-0.448
[295]-4:4-[ 0.    0.02  0.6   0.    0.    0.38]-0.420
[296]-4:4-[ 0.    0.04  0.68  0.    0.    0.28]-0.417
[297]-4:8-[ 0.    0.04  0.44  0.04  0.    0.48]-0.542
[298]-4:4-[ 0.    0.04  0.78  0.    0.    0.18]-0.352
[299]-4:4-[ 0.    0.06  0.7   0.    0.    0.24]-0.425
[300]-4:4-[ 0.    0.06  0.72  0.    0.    0.22]-0.412
[301]-4:4-[ 0.    0.04  0.58  0.    0.    0.38]-0.453
[302]-4:4-[ 0.    0.04  0.6   0.    0.    0.36]-0.448
[303]-4:4-[ 0.    0.04  0.6   0.    0.    0.36]-0.448
[304]-4:4-[ 0.    0.02  0.46  0.06  0.    0.46]-0.537
[305]-4:4-[ 0.    0.02  0.5   0.    0.    0.48]-0.434
[306]-4:4-[ 0.    0.04  0.68  0.    0.    0.28]-0.417
[307]-4:4-[ 0.    0.02  0.68  0.    0.    0.3 ]-0.392
[308]-4:4-[ 0.    0.04  0.58  0.    0.    0.38]-0.453
[309]-4:4-[ 0.    0.02  0.52  0.34  0.    0.12]-0.580
[310]-4:4-[ 0.    0.02  0.56  0.34  0.    0.08]-0.542
[311]-4:4-[ 0.    0.    0.54  0.34  0.    0.12]-0.532
[312]-4:4-[ 0.    0.    0.66  0.    0.    0.34]-0.358
[313]-4:6-[ 0.    0.    0.34  0.48  0.    0.18]-0.574
[314]-4:4-[ 0.    0.    0.66  0.    0.    0.34]-0.358
[315]-4:4-[ 0.    0.    0.72  0.    0.    0.28]-0.331
[316]-4:4-[ 0.    0.    0.68  0.    0.    0.32]-0.350
[317]-4:4-[ 0.    0.02  0.7   0.1   0.    0.18]-0.484
[318]-4:4-[ 0.    0.    0.48  0.38  0.    0.14]-0.555
[319]-4:4-[ 0.    0.02  0.64  0.    0.    0.34]-0.408
[320]-4:4-[ 0.    0.    0.46  0.38  0.    0.16]-0.568
[321]-6:6-[ 0.    0.    0.02  0.98  0.    0.  ]-0.055
[322]-6:6-[ 0.  0.  0.  1.  0.  0.]-0.000
[323]-6:6-[ 0.    0.    0.02  0.98  0.    0.  ]-0.055
[324]-6:6-[ 0.  0.  0.  1.  0.  0.]-0.000
[325]-6:6-[ 0.    0.    0.02  0.98  0.    0.  ]-0.055
[326]-6:6-[ 0.  0.  0.  1.  0.  0.]-0.000
[327]-6:6-[ 0.    0.    0.02  0.98  0.    0.  ]-0.055
[328]-6:6-[ 0.  0.  0.  1.  0.  0.]-0.000
[329]-6:6-[ 0.    0.    0.02  0.98  0.    0.  ]-0.055
[330]-6:6-[ 0.  0.  0.  1.  0.  0.]-0.000
[331]-6:6-[ 0.    0.    0.02  0.98  0.    0.  ]-0.055
[332]-6:6-[ 0.  0.  0.  1.  0.  0.]-0.000
[333]-6:6-[ 0.    0.    0.02  0.98  0.    0.  ]-0.055
[334]-6:6-[ 0.  0.  0.  1.  0.  0.]-0.000
[335]-6:6-[ 0.    0.    0.02  0.98  0.    0.  ]-0.055
[336]-6:6-[ 0.  0.  0.  1.  0.  0.]-0.000
[337]-6:6-[ 0.    0.    0.02  0.98  0.    0.  ]-0.055
[338]-6:6-[ 0.  0.  0.  1.  0.  0.]-0.000
[339]-6:6-[ 0.    0.    0.02  0.98  0.    0.  ]-0.055
[340]-6:6-[ 0.    0.    0.02  0.98  0.    0.  ]-0.055
[341]-6:8-[ 0.    0.04  0.04  0.02  0.    0.9 ]-0.240
[342]-6:6-[ 0.    0.    0.02  0.96  0.    0.02]-0.109
[343]-6:6-[ 0.    0.16  0.02  0.78  0.    0.04]-0.387
[344]-6:6-[ 0.  0.  0.  1.  0.  0.]-0.000
[345]-6:6-[ 0.06  0.02  0.06  0.48  0.04  0.34]-0.705
[346]-6:6-[ 0.    0.12  0.04  0.8   0.    0.04]-0.385
[347]-6:6-[ 0.  0.  0.  1.  0.  0.]-0.000
[348]-6:6-[ 0.    0.3   0.02  0.66  0.    0.02]-0.442
[349]-6:6-[ 0.  0.  0.  1.  0.  0.]-0.000
[350]-6:6-[ 0.06  0.02  0.06  0.48  0.04  0.34]-0.705
[351]-6:6-[ 0.    0.12  0.04  0.8   0.    0.04]-0.385
[352]-6:6-[ 0.  0.  0.  1.  0.  0.]-0.000
[353]-6:6-[ 0.06  0.04  0.04  0.48  0.    0.38]-0.640
[354]-6:6-[ 0.  0.  0.  1.  0.  0.]-0.000
[355]-6:6-[ 0.  0.  0.  1.  0.  0.]-0.000
[356]-6:6-[ 0.    0.12  0.04  0.8   0.    0.04]-0.385
[357]-6:6-[ 0.  0.  0.  1.  0.  0.]-0.000
[358]-6:8-[ 0.02  0.04  0.02  0.02  0.    0.9 ]-0.256
[359]-6:6-[ 0.02  0.    0.02  0.58  0.    0.38]-0.469
[360]-6:6-[ 0.  0.  0.  1.  0.  0.]-0.000
[361]-6:6-[ 0.  0.  0.  1.  0.  0.]-0.000
[362]-6:6-[ 0.    0.    0.02  0.98  0.    0.  ]-0.055
[363]-6:6-[ 0.    0.    0.04  0.94  0.    0.02]-0.148
[364]-6:6-[ 0.    0.    0.12  0.7   0.    0.18]-0.454
[365]-6:8-[ 0.02  0.    0.    0.14  0.    0.84]-0.279
[366]-6:8-[ 0.1   0.08  0.02  0.02  0.    0.78]-0.437
[367]-6:6-[ 0.  0.  0.  1.  0.  0.]-0.000
[368]-6:6-[ 0.06  0.02  0.06  0.48  0.04  0.34]-0.705
[369]-6:6-[ 0.    0.    0.02  0.98  0.    0.  ]-0.055
[370]-6:6-[ 0.    0.    0.04  0.94  0.    0.02]-0.148
[371]-6:8-[ 0.06  0.06  0.    0.08  0.    0.8 ]-0.401
[372]-6:6-[ 0.22  0.04  0.02  0.5   0.2   0.02]-0.718
[373]-6:6-[ 0.06  0.02  0.06  0.48  0.04  0.34]-0.705
[374]-6:6-[ 0.    0.2   0.02  0.74  0.    0.04]-0.420
[375]-6:6-[ 0.    0.    0.12  0.68  0.    0.2 ]-0.468
[376]-6:6-[ 0.02  0.    0.02  0.58  0.    0.38]-0.469
[377]-6:6-[ 0.    0.02  0.02  0.58  0.    0.38]-0.469
[378]-6:6-[ 0.24  0.04  0.02  0.5   0.18  0.02]-0.716
[379]-6:6-[ 0.18  0.08  0.02  0.54  0.14  0.04]-0.740
[380]-6:6-[ 0.    0.12  0.02  0.82  0.    0.04]-0.348
[381]-6:6-[ 0.    0.    0.12  0.68  0.    0.2 ]-0.468
[382]-6:6-[ 0.04  0.    0.06  0.46  0.    0.44]-0.567
[383]-6:6-[ 0.  0.  0.  1.  0.  0.]-0.000
[384]-6:6-[ 0.04  0.    0.02  0.5   0.    0.44]-0.511
[385]-6:6-[ 0.  0.  0.  1.  0.  0.]-0.000
[386]-6:6-[ 0.    0.    0.04  0.94  0.    0.02]-0.148
[387]-6:6-[ 0.  0.  0.  1.  0.  0.]-0.000
[388]-6:6-[ 0.04  0.    0.02  0.5   0.    0.44]-0.511
[389]-6:6-[ 0.  0.  0.  1.  0.  0.]-0.000
[390]-6:6-[ 0.    0.    0.04  0.94  0.    0.02]-0.148
[391]-6:6-[ 0.    0.    0.02  0.58  0.    0.4 ]-0.425
[392]-6:6-[ 0.14  0.24  0.02  0.6   0.    0.  ]-0.560
[393]-6:6-[ 0.  0.  0.  1.  0.  0.]-0.000
[394]-6:6-[ 0.    0.12  0.04  0.8   0.    0.04]-0.385
[395]-6:6-[ 0.    0.    0.12  0.72  0.    0.16]-0.438
[396]-6:8-[ 0.02  0.06  0.    0.08  0.02  0.82]-0.385
[397]-6:8-[ 0.06  0.06  0.    0.04  0.02  0.82]-0.395
[398]-6:6-[ 0.24  0.04  0.02  0.5   0.18  0.02]-0.716
[399]-6:6-[ 0.  0.  0.  1.  0.  0.]-0.000
[400]-6:6-[ 0.    0.    0.02  0.98  0.    0.  ]-0.055
[401]-6:6-[ 0.    0.    0.04  0.94  0.    0.02]-0.148
[402]-6:6-[ 0.    0.    0.18  0.66  0.    0.16]-0.489
[403]-6:6-[ 0.    0.    0.02  0.58  0.    0.4 ]-0.425
[404]-6:6-[ 0.02  0.    0.02  0.58  0.    0.38]-0.469
[405]-6:6-[ 0.26  0.04  0.02  0.5   0.16  0.02]-0.712
[406]-6:6-[ 0.06  0.02  0.06  0.48  0.04  0.34]-0.705
[407]-6:6-[ 0.    0.12  0.04  0.8   0.    0.04]-0.385
[408]-6:6-[ 0.    0.    0.12  0.68  0.    0.2 ]-0.468
[409]-6:6-[ 0.02  0.    0.02  0.58  0.    0.38]-0.469
[410]-6:6-[ 0.  0.  0.  1.  0.  0.]-0.000
[411]-6:6-[ 0.04  0.02  0.04  0.48  0.04  0.38]-0.661
[412]-6:6-[ 0.    0.12  0.04  0.8   0.    0.04]-0.385
[413]-6:6-[ 0.  0.  0.  1.  0.  0.]-0.000
[414]-6:6-[ 0.  0.  0.  1.  0.  0.]-0.000
[415]-6:6-[ 0.02  0.    0.02  0.58  0.    0.38]-0.469
[416]-6:6-[ 0.  0.  0.  1.  0.  0.]-0.000
[417]-6:6-[ 0.  0.  0.  1.  0.  0.]-0.000
[418]-6:6-[ 0.    0.12  0.04  0.8   0.    0.04]-0.385
[419]-6:6-[ 0.    0.    0.18  0.66  0.    0.16]-0.489
[420]-6:8-[ 0.02  0.1   0.02  0.02  0.    0.84]-0.341
[421]-6:6-[ 0.02  0.    0.02  0.58  0.    0.38]-0.469
[422]-6:6-[ 0.24  0.04  0.02  0.5   0.18  0.02]-0.716
[423]-6:6-[ 0.18  0.08  0.02  0.54  0.14  0.04]-0.740
[424]-6:6-[ 0.    0.12  0.04  0.8   0.    0.04]-0.385
[425]-6:6-[ 0.    0.    0.12  0.68  0.    0.2 ]-0.468
[426]-6:6-[ 0.06  0.04  0.04  0.48  0.    0.38]-0.640
[427]-6:8-[ 0.16  0.1   0.02  0.02  0.02  0.68]-0.570
[428]-6:6-[ 0.22  0.04  0.02  0.5   0.2   0.02]-0.718
[429]-6:6-[ 0.18  0.08  0.02  0.52  0.16  0.04]-0.754
[430]-6:6-[ 0.    0.12  0.04  0.8   0.    0.04]-0.385
[431]-6:6-[ 0.    0.    0.16  0.68  0.    0.16]-0.474
[432]-6:6-[ 0.    0.    0.02  0.6   0.    0.38]-0.420
[433]-6:6-[ 0.02  0.    0.02  0.58  0.    0.38]-0.469
[434]-6:6-[ 0.24  0.04  0.02  0.52  0.16  0.02]-0.704
[435]-6:6-[ 0.  0.  0.  1.  0.  0.]-0.000
[436]-6:6-[ 0.    0.12  0.04  0.8   0.    0.04]-0.385
[437]-6:6-[ 0.    0.    0.12  0.7   0.    0.18]-0.454
[438]-6:6-[ 0.06  0.04  0.04  0.48  0.    0.38]-0.640
[439]-6:8-[ 0.16  0.1   0.02  0.02  0.02  0.68]-0.570
[440]-6:6-[ 0.22  0.04  0.02  0.5   0.2   0.02]-0.718
[441]-6:6-[ 0.14  0.06  0.02  0.54  0.14  0.1 ]-0.759
[442]-6:6-[ 0.    0.2   0.02  0.72  0.    0.06]-0.450
[443]-6:6-[ 0.    0.    0.12  0.76  0.    0.12]-0.400
[444]-6:6-[ 0.    0.    0.02  0.58  0.    0.4 ]-0.425
[445]-6:8-[ 0.18  0.12  0.    0.    0.    0.7 ]-0.454
[446]-6:6-[ 0.  0.  0.  1.  0.  0.]-0.000
[447]-6:6-[ 0.08  0.02  0.04  0.46  0.1   0.3 ]-0.758
[448]-6:6-[ 0.  0.  0.  1.  0.  0.]-0.000
[449]-6:6-[ 0.    0.    0.04  0.94  0.    0.02]-0.148
[450]-6:6-[ 0.    0.04  0.02  0.64  0.    0.3 ]-0.477
[451]-6:6-[ 0.24  0.04  0.02  0.52  0.16  0.02]-0.704
[452]-6:6-[ 0.  0.  0.  1.  0.  0.]-0.000
[453]-6:6-[ 0.  0.  0.  1.  0.  0.]-0.000
[454]-6:6-[ 0.    0.    0.18  0.66  0.    0.16]-0.489
[455]-6:8-[ 0.04  0.04  0.    0.02  0.02  0.88]-0.294
[456]-6:6-[ 0.    0.    0.04  0.94  0.    0.02]-0.148
[457]-6:6-[ 0.24  0.04  0.02  0.52  0.16  0.02]-0.704
[458]-6:6-[ 0.  0.  0.  1.  0.  0.]-0.000
[459]-6:6-[ 0.    0.14  0.02  0.82  0.    0.02]-0.332
[460]-6:6-[ 0.    0.    0.12  0.68  0.    0.2 ]-0.468
[461]-6:6-[ 0.    0.    0.    0.94  0.    0.06]-0.127
[462]-6:6-[ 0.    0.02  0.02  0.58  0.    0.38]-0.469
[463]-6:6-[ 0.24  0.04  0.02  0.5   0.18  0.02]-0.716
[464]-6:6-[ 0.  0.  0.  1.  0.  0.]-0.000
[465]-6:6-[ 0.    0.12  0.04  0.8   0.    0.04]-0.385
[466]-6:6-[ 0.    0.    0.18  0.66  0.    0.16]-0.489
[467]-6:8-[ 0.06  0.06  0.02  0.02  0.02  0.82]-0.410
[468]-6:6-[ 0.    0.    0.02  0.58  0.    0.4 ]-0.425
[469]-6:6-[ 0.24  0.04  0.02  0.52  0.16  0.02]-0.704
[470]-6:6-[ 0.  0.  0.  1.  0.  0.]-0.000
[471]-6:6-[ 0.    0.12  0.04  0.8   0.    0.04]-0.385
[472]-6:6-[ 0.    0.    0.18  0.66  0.    0.16]-0.489
[473]-6:8-[ 0.08  0.22  0.02  0.02  0.    0.66]-0.539
[474]-6:6-[ 0.02  0.    0.02  0.58  0.    0.38]-0.469
[475]-6:6-[ 0.26  0.04  0.02  0.5   0.16  0.02]-0.712
[476]-6:6-[ 0.  0.  0.  1.  0.  0.]-0.000
[477]-6:6-[ 0.    0.2   0.02  0.72  0.    0.06]-0.450
[478]-6:6-[ 0.    0.    0.04  0.94  0.    0.02]-0.148
[479]-6:6-[ 0.    0.    0.12  0.68  0.    0.2 ]-0.468
[480]-6:8-[ 0.04  0.1   0.02  0.02  0.    0.82]-0.379
[481]-6:8-[ 0.08  0.1   0.02  0.02  0.    0.78]-0.437
[482]-6:6-[ 0.  0.  0.  1.  0.  0.]-0.000
[483]-6:6-[ 0.04  0.    0.04  0.46  0.02  0.44]-0.588
[484]-6:6-[ 0.    0.12  0.02  0.82  0.    0.04]-0.348
[485]-6:6-[ 0.    0.    0.04  0.94  0.    0.02]-0.148
[486]-6:6-[ 0.    0.    0.12  0.68  0.    0.2 ]-0.468
[487]-6:6-[ 0.    0.    0.02  0.58  0.    0.4 ]-0.425
[488]-6:6-[ 0.    0.    0.02  0.58  0.    0.4 ]-0.425
[489]-6:6-[ 0.24  0.04  0.02  0.52  0.16  0.02]-0.704
[490]-6:6-[ 0.04  0.    0.04  0.46  0.02  0.44]-0.588
[491]-6:6-[ 0.  0.  0.  1.  0.  0.]-0.000
[492]-6:6-[ 0.    0.    0.04  0.94  0.    0.02]-0.148
[493]-6:6-[ 0.    0.    0.18  0.68  0.    0.14]-0.472
[494]-6:8-[ 0.04  0.06  0.02  0.02  0.02  0.84]-0.379
[495]-6:6-[ 0.02  0.    0.02  0.58  0.    0.38]-0.469
[496]-6:6-[ 0.24  0.04  0.02  0.52  0.16  0.02]-0.704
[497]-6:6-[ 0.  0.  0.  1.  0.  0.]-0.000
[498]-6:6-[ 0.    0.    0.02  0.98  0.    0.  ]-0.055
[499]-6:6-[ 0.    0.    0.04  0.94  0.    0.02]-0.148
[500]-6:6-[ 0.    0.    0.12  0.7   0.    0.18]-0.454
[501]-6:8-[ 0.02  0.    0.    0.08  0.    0.9 ]-0.209
[502]-6:6-[ 0.02  0.    0.02  0.58  0.    0.38]-0.469
[503]-6:6-[ 0.18  0.04  0.02  0.5   0.24  0.02]-0.716
[504]-6:6-[ 0.06  0.02  0.06  0.48  0.04  0.34]-0.705
[505]-6:6-[ 0.    0.    0.02  0.98  0.    0.  ]-0.055
[506]-6:6-[ 0.    0.    0.04  0.94  0.    0.02]-0.148
[507]-6:6-[ 0.    0.02  0.1   0.68  0.    0.2 ]-0.498
[508]-6:6-[ 0.    0.02  0.02  0.58  0.    0.38]-0.469
[509]-6:6-[ 0.02  0.    0.02  0.58  0.    0.38]-0.469
[510]-6:6-[ 0.24  0.04  0.02  0.5   0.18  0.02]-0.716
[511]-6:6-[ 0.  0.  0.  1.  0.  0.]-0.000
[512]-6:6-[ 0.    0.    0.02  0.98  0.    0.  ]-0.055
[513]-6:6-[ 0.    0.    0.04  0.94  0.    0.02]-0.148
[514]-6:6-[ 0.    0.    0.12  0.7   0.    0.18]-0.454
[515]-6:6-[ 0.    0.04  0.02  0.6   0.    0.34]-0.491
[516]-6:6-[ 0.    0.02  0.02  0.58  0.    0.38]-0.469
[517]-6:6-[ 0.24  0.04  0.02  0.5   0.18  0.02]-0.716
[518]-6:6-[ 0.06  0.02  0.06  0.48  0.04  0.34]-0.705
[519]-6:6-[ 0.    0.12  0.02  0.82  0.    0.04]-0.348
[520]-6:6-[ 0.    0.    0.04  0.94  0.    0.02]-0.148
[521]-6:6-[ 0.    0.    0.12  0.68  0.    0.2 ]-0.468
[522]-6:6-[ 0.02  0.    0.02  0.58  0.    0.38]-0.469
[523]-6:6-[ 0.    0.    0.02  0.58  0.    0.4 ]-0.425
[524]-6:6-[ 0.  0.  0.  1.  0.  0.]-0.000
[525]-6:6-[ 0.  0.  0.  1.  0.  0.]-0.000
[526]-6:6-[ 0.    0.12  0.04  0.8   0.    0.04]-0.385
[527]-6:6-[ 0.    0.    0.18  0.66  0.    0.16]-0.489
[528]-6:6-[ 0.06  0.04  0.04  0.48  0.    0.38]-0.640
[529]-6:6-[ 0.02  0.    0.02  0.58  0.    0.38]-0.469
[530]-6:6-[ 0.  0.  0.  1.  0.  0.]-0.000
[531]-6:6-[ 0.  0.  0.  1.  0.  0.]-0.000
[532]-6:6-[ 0.    0.    0.02  0.98  0.    0.  ]-0.055
[533]-6:6-[ 0.    0.    0.04  0.94  0.    0.02]-0.148
[534]-6:6-[ 0.    0.    0.12  0.68  0.    0.2 ]-0.468
[535]-6:6-[ 0.02  0.    0.02  0.58  0.    0.38]-0.469
[536]-6:6-[ 0.    0.    0.    0.58  0.    0.42]-0.380
[537]-6:6-[ 0.  0.  0.  1.  0.  0.]-0.000
[538]-6:6-[ 0.06  0.02  0.06  0.48  0.04  0.34]-0.705
[539]-6:6-[ 0.    0.12  0.04  0.8   0.    0.04]-0.385
[540]-6:6-[ 0.    0.    0.18  0.66  0.    0.16]-0.489
[541]-6:8-[ 0.06  0.14  0.02  0.02  0.02  0.74]-0.503
[542]-6:6-[ 0.  0.  0.  1.  0.  0.]-0.000
[543]-6:6-[ 0.04  0.    0.02  0.5   0.    0.44]-0.511
[544]-6:6-[ 0.  0.  0.  1.  0.  0.]-0.000
[545]-6:6-[ 0.    0.    0.04  0.94  0.    0.02]-0.148
[546]-6:6-[ 0.  0.  0.  1.  0.  0.]-0.000
[547]-6:6-[ 0.04  0.    0.02  0.5   0.    0.44]-0.511
[548]-6:6-[ 0.  0.  0.  1.  0.  0.]-0.000
[549]-6:6-[ 0.    0.    0.04  0.94  0.    0.02]-0.148
[550]-6:6-[ 0.    0.    0.02  0.6   0.    0.38]-0.420
[551]-6:6-[ 0.24  0.04  0.02  0.5   0.18  0.02]-0.716
[552]-6:6-[ 0.06  0.02  0.06  0.48  0.04  0.34]-0.705
[553]-6:6-[ 0.    0.12  0.04  0.8   0.    0.04]-0.385
[554]-6:6-[ 0.    0.    0.18  0.66  0.    0.16]-0.489
[555]-6:8-[ 0.04  0.08  0.04  0.02  0.    0.82]-0.391
[556]-6:8-[ 0.06  0.08  0.    0.02  0.    0.84]-0.332
[557]-6:6-[ 0.28  0.04  0.02  0.5   0.14  0.02]-0.705
[558]-6:6-[ 0.04  0.    0.04  0.46  0.02  0.44]-0.588
[559]-6:6-[ 0.    0.12  0.02  0.82  0.    0.04]-0.348
[560]-6:6-[ 0.    0.    0.16  0.68  0.    0.16]-0.474
[561]-6:6-[ 0.    0.    0.02  0.64  0.    0.34]-0.408
[562]-6:8-[ 0.08  0.08  0.02  0.02  0.02  0.78]-0.465
[563]-6:6-[ 0.26  0.04  0.02  0.5   0.16  0.02]-0.712
[564]-6:6-[ 0.06  0.04  0.06  0.48  0.02  0.34]-0.705
[565]-6:6-[ 0.    0.12  0.02  0.82  0.    0.04]-0.348
[566]-6:6-[ 0.    0.    0.04  0.94  0.    0.02]-0.148
[567]-6:6-[ 0.    0.    0.18  0.66  0.    0.16]-0.489
[568]-6:6-[ 0.    0.    0.02  0.6   0.    0.38]-0.420
[569]-6:6-[ 0.02  0.    0.02  0.58  0.    0.38]-0.469
[570]-6:6-[ 0.  0.  0.  1.  0.  0.]-0.000
[571]-6:6-[ 0.  0.  0.  1.  0.  0.]-0.000
[572]-6:6-[ 0.    0.12  0.04  0.8   0.    0.04]-0.385
[573]-6:6-[ 0.    0.    0.18  0.66  0.    0.16]-0.489
[574]-6:8-[ 0.    0.    0.    0.02  0.    0.98]-0.055
[575]-6:6-[ 0.02  0.    0.02  0.58  0.    0.38]-0.469
[576]-6:6-[ 0.24  0.04  0.02  0.52  0.16  0.02]-0.704
[577]-6:6-[ 0.  0.  0.  1.  0.  0.]-0.000
[578]-6:6-[ 0.    0.2   0.02  0.72  0.    0.06]-0.450
[579]-6:6-[ 0.    0.    0.12  0.68  0.    0.2 ]-0.468
[580]-6:8-[ 0.04  0.06  0.    0.04  0.    0.86]-0.310
[581]-6:6-[ 0.  0.  0.  1.  0.  0.]-0.000
[582]-6:6-[ 0.  0.  0.  1.  0.  0.]-0.000
[583]-6:6-[ 0.    0.12  0.02  0.82  0.    0.04]-0.348
[584]-6:6-[ 0.  0.  0.  1.  0.  0.]-0.000
[585]-6:6-[ 0.06  0.04  0.04  0.48  0.    0.38]-0.640
[586]-6:6-[ 0.  0.  0.  1.  0.  0.]-0.000
[587]-6:6-[ 0.  0.  0.  1.  0.  0.]-0.000
[588]-6:6-[ 0.    0.12  0.04  0.8   0.    0.04]-0.385
[589]-6:6-[ 0.  0.  0.  1.  0.  0.]-0.000
[590]-6:6-[ 0.06  0.04  0.04  0.48  0.    0.38]-0.640
[591]-6:6-[ 0.    0.04  0.02  0.64  0.    0.3 ]-0.477
[592]-6:6-[ 0.32  0.04  0.02  0.54  0.06  0.02]-0.643
[593]-6:6-[ 0.04  0.    0.06  0.46  0.    0.44]-0.567
[594]-6:6-[ 0.    0.12  0.02  0.82  0.    0.04]-0.348
[595]-6:6-[ 0.    0.    0.18  0.66  0.    0.16]-0.489
[596]-6:6-[ 0.06  0.04  0.04  0.48  0.    0.38]-0.640
[597]-6:6-[ 0.    0.    0.02  0.58  0.    0.4 ]-0.425
[598]-6:6-[ 0.24  0.04  0.02  0.52  0.16  0.02]-0.704
[599]-6:6-[ 0.06  0.04  0.06  0.48  0.02  0.34]-0.705
[600]-6:6-[ 0.    0.12  0.02  0.82  0.    0.04]-0.348
[601]-6:6-[ 0.    0.    0.18  0.66  0.    0.16]-0.489
[602]-6:6-[ 0.06  0.04  0.04  0.48  0.    0.38]-0.640
[603]-6:8-[ 0.04  0.06  0.04  0.02  0.02  0.82]-0.416
[604]-6:6-[ 0.26  0.04  0.02  0.5   0.16  0.02]-0.712
[605]-6:6-[ 0.06  0.02  0.06  0.48  0.04  0.34]-0.705
[606]-6:6-[ 0.    0.2   0.02  0.72  0.    0.06]-0.450
[607]-6:6-[ 0.    0.    0.12  0.68  0.    0.2 ]-0.468
[608]-6:6-[ 0.02  0.    0.02  0.58  0.    0.38]-0.469
[609]-6:8-[ 0.1   0.06  0.02  0.02  0.02  0.78]-0.462
[610]-6:6-[ 0.26  0.04  0.02  0.5   0.16  0.02]-0.712
[611]-6:6-[ 0.06  0.02  0.06  0.48  0.04  0.34]-0.705
[612]-6:6-[ 0.    0.12  0.02  0.82  0.    0.04]-0.348
[613]-6:6-[ 0.    0.    0.14  0.68  0.    0.18]-0.472
[614]-6:6-[ 0.    0.    0.02  0.58  0.    0.4 ]-0.425
[615]-6:8-[ 0.06  0.08  0.04  0.02  0.    0.8 ]-0.422
[616]-6:6-[ 0.3   0.04  0.02  0.5   0.12  0.02]-0.696
[617]-6:6-[ 0.04  0.02  0.04  0.48  0.04  0.38]-0.661
[618]-6:6-[ 0.    0.    0.02  0.98  0.    0.  ]-0.055
[619]-6:6-[ 0.    0.    0.04  0.94  0.    0.02]-0.148
[620]-6:6-[ 0.    0.    0.02  0.6   0.    0.38]-0.420
[621]-6:6-[ 0.24  0.04  0.02  0.52  0.16  0.02]-0.704
[622]-6:6-[ 0.04  0.04  0.04  0.48  0.02  0.38]-0.661
[623]-6:6-[ 0.    0.12  0.04  0.8   0.    0.04]-0.385
[624]-6:6-[ 0.    0.    0.12  0.68  0.    0.2 ]-0.468
[625]-6:8-[ 0.06  0.08  0.02  0.02  0.02  0.8 ]-0.438
[626]-6:6-[ 0.    0.02  0.02  0.58  0.    0.38]-0.469
[627]-6:6-[ 0.24  0.04  0.02  0.52  0.16  0.02]-0.704
[628]-6:6-[ 0.08  0.06  0.02  0.56  0.06  0.22]-0.712
[629]-6:6-[ 0.    0.12  0.04  0.8   0.    0.04]-0.385
[630]-6:6-[ 0.    0.    0.12  0.68  0.    0.2 ]-0.468
[631]-6:6-[ 0.02  0.02  0.02  0.52  0.    0.42]-0.524
[632]-6:6-[ 0.    0.    0.02  0.58  0.    0.4 ]-0.425
[633]-6:6-[ 0.16  0.08  0.02  0.58  0.04  0.12]-0.710
[634]-6:6-[ 0.04  0.    0.04  0.46  0.02  0.44]-0.588
[635]-6:6-[ 0.    0.12  0.02  0.82  0.    0.04]-0.348
[636]-6:6-[ 0.    0.    0.16  0.68  0.    0.16]-0.474
[637]-6:6-[ 0.06  0.04  0.04  0.48  0.    0.38]-0.640
[638]-6:6-[ 0.02  0.    0.02  0.58  0.    0.38]-0.469
[639]-6:6-[ 0.22  0.04  0.02  0.5   0.2   0.02]-0.718
[640]-6:6-[ 0.04  0.02  0.06  0.48  0.04  0.36]-0.683
[641]-6:6-[ 0.    0.    0.02  0.98  0.    0.  ]-0.055
[642]-6:6-[ 0.    0.    0.04  0.94  0.    0.02]-0.148
[643]-6:6-[ 0.    0.    0.12  0.68  0.    0.2 ]-0.468
[644]-6:6-[ 0.    0.    0.02  0.6   0.    0.38]-0.420
[645]-6:6-[ 0.  0.  0.  1.  0.  0.]-0.000
[646]-6:6-[ 0.04  0.04  0.04  0.48  0.02  0.38]-0.661
[647]-6:6-[ 0.  0.  0.  1.  0.  0.]-0.000
[648]-6:6-[ 0.    0.    0.04  0.94  0.    0.02]-0.148
[649]-6:6-[ 0.    0.02  0.02  0.58  0.    0.38]-0.469
[650]-6:6-[ 0.  0.  0.  1.  0.  0.]-0.000
[651]-6:6-[ 0.04  0.    0.04  0.46  0.02  0.44]-0.588
[652]-6:6-[ 0.    0.14  0.02  0.8   0.    0.04]-0.369
[653]-6:6-[ 0.    0.    0.14  0.68  0.    0.18]-0.472
[654]-6:8-[ 0.06  0.06  0.02  0.02  0.02  0.82]-0.410
[655]-6:6-[ 0.02  0.    0.02  0.58  0.    0.38]-0.469
[656]-6:6-[ 0.26  0.04  0.02  0.5   0.16  0.02]-0.712
[657]-6:6-[ 0.06  0.02  0.06  0.48  0.04  0.34]-0.705
[658]-6:6-[ 0.    0.2   0.02  0.72  0.    0.06]-0.450
[659]-6:6-[ 0.    0.    0.12  0.68  0.    0.2 ]-0.468
[660]-6:6-[ 0.06  0.    0.04  0.46  0.    0.44]-0.567
[661]-6:8-[ 0.06  0.08  0.    0.02  0.    0.84]-0.332
[662]-6:6-[ 0.24  0.04  0.02  0.5   0.18  0.02]-0.716
[663]-6:6-[ 0.06  0.02  0.06  0.48  0.04  0.34]-0.705
[664]-6:6-[ 0.    0.12  0.04  0.8   0.    0.04]-0.385
[665]-6:6-[ 0.    0.    0.12  0.68  0.    0.2 ]-0.468
[666]-6:6-[ 0.02  0.    0.02  0.58  0.    0.38]-0.469
[667]-6:6-[ 0.  0.  0.  1.  0.  0.]-0.000
[668]-6:6-[ 0.04  0.    0.02  0.5   0.    0.44]-0.511
[669]-6:6-[ 0.  0.  0.  1.  0.  0.]-0.000
[670]-6:6-[ 0.    0.    0.04  0.94  0.    0.02]-0.148
[671]-6:8-[ 0.06  0.06  0.    0.08  0.    0.8 ]-0.401
[672]-6:6-[ 0.26  0.04  0.02  0.5   0.16  0.02]-0.712
[673]-6:6-[ 0.04  0.    0.04  0.46  0.    0.46]-0.542
[674]-6:6-[ 0.    0.12  0.04  0.8   0.    0.04]-0.385
[675]-6:6-[ 0.    0.    0.12  0.68  0.    0.2 ]-0.468
[676]-6:6-[ 0.    0.04  0.02  0.6   0.    0.34]-0.491
[677]-6:8-[ 0.04  0.08  0.    0.02  0.    0.86]-0.301
[678]-6:6-[ 0.26  0.04  0.02  0.5   0.16  0.02]-0.712
[679]-6:6-[ 0.04  0.    0.04  0.46  0.02  0.44]-0.588
[680]-6:6-[ 0.    0.12  0.04  0.8   0.    0.04]-0.385
[681]-6:6-[ 0.    0.    0.12  0.68  0.    0.2 ]-0.468
[682]-6:6-[ 0.    0.    0.02  0.6   0.    0.38]-0.420
[683]-6:6-[ 0.  0.  0.  1.  0.  0.]-0.000
[684]-6:6-[ 0.04  0.    0.02  0.5   0.    0.44]-0.511
[685]-6:6-[ 0.  0.  0.  1.  0.  0.]-0.000
[686]-6:6-[ 0.    0.    0.04  0.94  0.    0.02]-0.148
[687]-6:6-[ 0.04  0.    0.02  0.48  0.    0.46]-0.512
[688]-6:6-[ 0.26  0.04  0.02  0.5   0.16  0.02]-0.712
[689]-6:6-[ 0.06  0.02  0.06  0.48  0.04  0.34]-0.705
[690]-6:6-[ 0.    0.12  0.04  0.8   0.    0.04]-0.385
[691]-6:6-[ 0.    0.    0.12  0.68  0.    0.2 ]-0.468
[692]-6:6-[ 0.02  0.    0.02  0.58  0.    0.38]-0.469
[693]-6:8-[ 0.04  0.08  0.    0.02  0.    0.86]-0.301
[694]-6:6-[ 0.  0.  0.  1.  0.  0.]-0.000
[695]-6:6-[ 0.04  0.02  0.04  0.48  0.04  0.38]-0.661
[696]-6:6-[ 0.    0.12  0.04  0.8   0.    0.04]-0.385
[697]-6:6-[ 0.    0.02  0.1   0.68  0.    0.2 ]-0.498
[698]-6:6-[ 0.    0.    0.02  0.6   0.    0.38]-0.420
[699]-6:6-[ 0.    0.02  0.02  0.58  0.    0.38]-0.469
[700]-6:6-[ 0.24  0.04  0.02  0.52  0.16  0.02]-0.704
[701]-6:6-[ 0.06  0.04  0.06  0.48  0.02  0.34]-0.705
[702]-6:6-[ 0.    0.12  0.04  0.8   0.    0.04]-0.385
[703]-6:6-[ 0.    0.    0.12  0.68  0.    0.2 ]-0.468
[704]-6:6-[ 0.06  0.04  0.04  0.48  0.    0.38]-0.640
[705]-6:6-[ 0.  0.  0.  1.  0.  0.]-0.000
[706]-6:6-[ 0.06  0.04  0.06  0.48  0.02  0.34]-0.705
[707]-6:6-[ 0.    0.12  0.04  0.8   0.    0.04]-0.385
[708]-6:6-[ 0.  0.  0.  1.  0.  0.]-0.000
[709]-6:6-[ 0.    0.3   0.02  0.66  0.    0.02]-0.442
[710]-6:6-[ 0.    0.02  0.1   0.68  0.    0.2 ]-0.498
[711]-6:6-[ 0.    0.02  0.1   0.68  0.    0.2 ]-0.498
[712]-6:6-[ 0.    0.    0.08  0.9   0.    0.02]-0.209
[713]-6:6-[ 0.    0.    0.14  0.76  0.    0.1 ]-0.399
[714]-6:6-[ 0.  0.  0.  1.  0.  0.]-0.000
[715]-6:6-[ 0.  0.  0.  1.  0.  0.]-0.000
[716]-6:6-[ 0.  0.  0.  1.  0.  0.]-0.000
[717]-6:6-[ 0.  0.  0.  1.  0.  0.]-0.000
[718]-6:6-[ 0.  0.  0.  1.  0.  0.]-0.000
[719]-6:6-[ 0.04  0.02  0.04  0.48  0.04  0.38]-0.661
[720]-6:6-[ 0.  0.  0.  1.  0.  0.]-0.000
[721]-6:6-[ 0.  0.  0.  1.  0.  0.]-0.000
[722]-6:6-[ 0.08  0.02  0.04  0.46  0.1   0.3 ]-0.758
[723]-6:6-[ 0.  0.  0.  1.  0.  0.]-0.000
[724]-6:6-[ 0.    0.    0.04  0.94  0.    0.02]-0.148
[725]-6:6-[ 0.  0.  0.  1.  0.  0.]-0.000
[726]-6:6-[ 0.    0.12  0.02  0.52  0.    0.34]-0.580
[727]-6:8-[ 0.08  0.16  0.02  0.02  0.02  0.7 ]-0.547
[728]-6:6-[ 0.  0.  0.  1.  0.  0.]-0.000
[729]-6:6-[ 0.04  0.02  0.06  0.48  0.04  0.36]-0.683
[730]-6:6-[ 0.    0.12  0.02  0.82  0.    0.04]-0.348
[731]-6:6-[ 0.  0.  0.  1.  0.  0.]-0.000
[732]-6:6-[ 0.04  0.02  0.04  0.48  0.04  0.38]-0.661
[733]-6:6-[ 0.    0.14  0.02  0.8   0.    0.04]-0.369
[734]-6:6-[ 0.    0.02  0.1   0.68  0.    0.2 ]-0.498
[735]-6:6-[ 0.02  0.    0.02  0.58  0.    0.38]-0.469
[736]-6:6-[ 0.  0.  0.  1.  0.  0.]-0.000
[737]-6:6-[ 0.04  0.    0.02  0.5   0.    0.44]-0.511
[738]-6:6-[ 0.  0.  0.  1.  0.  0.]-0.000
[739]-6:6-[ 0.  0.  0.  1.  0.  0.]-0.000
[740]-6:6-[ 0.04  0.    0.02  0.5   0.    0.44]-0.511
[741]-6:6-[ 0.  0.  0.  1.  0.  0.]-0.000
[742]-6:6-[ 0.    0.    0.02  0.58  0.    0.4 ]-0.425
[743]-6:6-[ 0.  0.  0.  1.  0.  0.]-0.000
[744]-6:6-[ 0.04  0.02  0.04  0.48  0.04  0.38]-0.661
[745]-6:6-[ 0.    0.12  0.04  0.8   0.    0.04]-0.385
[746]-6:6-[ 0.    0.    0.12  0.68  0.    0.2 ]-0.468
[747]-6:8-[ 0.04  0.04  0.    0.04  0.02  0.86]-0.332
[748]-6:6-[ 0.  0.  0.  1.  0.  0.]-0.000
[749]-6:6-[ 0.06  0.04  0.06  0.48  0.02  0.34]-0.705
[750]-6:6-[ 0.    0.12  0.04  0.8   0.    0.04]-0.385
[751]-6:6-[ 0.  0.  0.  1.  0.  0.]-0.000
[752]-6:6-[ 0.06  0.04  0.04  0.48  0.    0.38]-0.640
[753]-6:6-[ 0.  0.  0.  1.  0.  0.]-0.000
[754]-6:6-[ 0.04  0.    0.06  0.46  0.    0.44]-0.567
[755]-6:6-[ 0.    0.12  0.04  0.8   0.    0.04]-0.385
[756]-6:6-[ 0.  0.  0.  1.  0.  0.]-0.000
[757]-6:6-[ 0.  0.  0.  1.  0.  0.]-0.000
[758]-6:8-[ 0.02  0.12  0.04  0.02  0.    0.8 ]-0.401
[759]-6:6-[ 0.  0.  0.  1.  0.  0.]-0.000
[760]-6:6-[ 0.08  0.02  0.04  0.46  0.1   0.3 ]-0.758
[761]-6:6-[ 0.  0.  0.  1.  0.  0.]-0.000
[762]-6:6-[ 0.    0.    0.04  0.94  0.    0.02]-0.148
[763]-6:6-[ 0.  0.  0.  1.  0.  0.]-0.000
[764]-6:6-[ 0.    0.    0.1   0.46  0.    0.44]-0.529
[765]-6:6-[ 0.    0.18  0.02  0.62  0.    0.18]-0.554
[766]-6:6-[ 0.02  0.    0.02  0.58  0.    0.38]-0.469
[767]-6:8-[ 0.02  0.22  0.    0.    0.    0.76]-0.346
[768]-6:6-[ 0.    0.12  0.02  0.68  0.    0.18]-0.504
[769]-6:6-[ 0.02  0.    0.02  0.58  0.    0.38]-0.469
[770]-6:6-[ 0.24  0.08  0.02  0.56  0.02  0.08]-0.685
[771]-6:6-[ 0.04  0.    0.06  0.46  0.    0.44]-0.567
[772]-6:6-[ 0.    0.    0.02  0.98  0.    0.  ]-0.055
[773]-6:6-[ 0.    0.    0.04  0.94  0.    0.02]-0.148
[774]-6:6-[ 0.    0.    0.12  0.7   0.    0.18]-0.454
[775]-6:6-[ 0.06  0.04  0.04  0.48  0.    0.38]-0.640
[776]-6:6-[ 0.    0.    0.02  0.64  0.    0.34]-0.408
[777]-6:6-[ 0.  0.  0.  1.  0.  0.]-0.000
[778]-6:6-[ 0.04  0.    0.06  0.46  0.    0.44]-0.567
[779]-6:6-[ 0.    0.12  0.02  0.82  0.    0.04]-0.348
[780]-6:6-[ 0.    0.    0.18  0.66  0.    0.16]-0.489
[781]-6:6-[ 0.06  0.04  0.04  0.48  0.    0.38]-0.640
[782]-6:6-[ 0.    0.    0.02  0.58  0.    0.4 ]-0.425
[783]-6:6-[ 0.24  0.04  0.02  0.52  0.16  0.02]-0.704
[784]-6:6-[ 0.  0.  0.  1.  0.  0.]-0.000
[785]-6:6-[ 0.    0.12  0.02  0.82  0.    0.04]-0.348
[786]-6:6-[ 0.    0.    0.18  0.66  0.    0.16]-0.489
[787]-6:6-[ 0.06  0.04  0.04  0.48  0.    0.38]-0.640
[788]-6:6-[ 0.    0.02  0.02  0.58  0.    0.38]-0.469
[789]-6:6-[ 0.28  0.04  0.02  0.54  0.1   0.02]-0.672
[790]-6:6-[ 0.  0.  0.  1.  0.  0.]-0.000
[791]-6:6-[ 0.    0.12  0.02  0.82  0.    0.04]-0.348
[792]-6:6-[ 0.    0.    0.18  0.66  0.    0.16]-0.489
[793]-6:8-[ 0.08  0.2   0.02  0.02  0.    0.68]-0.526
[794]-6:6-[ 0.    0.04  0.02  0.6   0.    0.34]-0.491
[795]-6:6-[ 0.24  0.04  0.02  0.52  0.16  0.02]-0.704
[796]-6:6-[ 0.  0.  0.  1.  0.  0.]-0.000
[797]-6:6-[ 0.    0.12  0.02  0.82  0.    0.04]-0.348
[798]-6:6-[ 0.    0.    0.18  0.66  0.    0.16]-0.489
[799]-6:8-[ 0.08  0.16  0.02  0.02  0.02  0.7 ]-0.547
[800]-6:6-[ 0.    0.    0.02  0.58  0.    0.4 ]-0.425
[801]-6:6-[ 0.28  0.08  0.02  0.56  0.02  0.04]-0.652
[802]-6:6-[ 0.  0.  0.  1.  0.  0.]-0.000
[803]-6:6-[ 0.    0.12  0.04  0.8   0.    0.04]-0.385
[804]-6:6-[ 0.    0.    0.16  0.68  0.    0.16]-0.474
[805]-6:8-[ 0.04  0.1   0.02  0.02  0.    0.82]-0.379
[806]-6:6-[ 0.02  0.    0.02  0.58  0.    0.38]-0.469
[807]-6:6-[ 0.24  0.04  0.02  0.5   0.18  0.02]-0.716
[808]-6:6-[ 0.06  0.02  0.06  0.48  0.04  0.34]-0.705
[809]-6:6-[ 0.    0.12  0.02  0.82  0.    0.04]-0.348
[810]-6:6-[ 0.    0.    0.12  0.7   0.    0.18]-0.454
[811]-6:6-[ 0.06  0.04  0.04  0.48  0.    0.38]-0.640
[812]-6:6-[ 0.06  0.04  0.04  0.48  0.    0.38]-0.640
[813]-6:6-[ 0.  0.  0.  1.  0.  0.]-0.000
[814]-6:6-[ 0.08  0.02  0.06  0.46  0.1   0.28]-0.777
[815]-6:6-[ 0.    0.12  0.02  0.82  0.    0.04]-0.348
[816]-6:6-[ 0.02  0.    0.02  0.58  0.    0.38]-0.469
[817]-6:6-[ 0.26  0.04  0.02  0.5   0.16  0.02]-0.712
[818]-6:6-[ 0.1   0.02  0.06  0.46  0.1   0.26]-0.790
[819]-6:6-[ 0.    0.12  0.02  0.82  0.    0.04]-0.348
[820]-6:6-[ 0.    0.02  0.1   0.68  0.    0.2 ]-0.498
[821]-6:6-[ 0.    0.02  0.02  0.6   0.    0.36]-0.464
[822]-6:6-[ 0.06  0.04  0.04  0.48  0.    0.38]-0.640
[823]-6:6-[ 0.  0.  0.  1.  0.  0.]-0.000
[824]-6:6-[ 0.06  0.02  0.06  0.48  0.04  0.34]-0.705
[825]-6:6-[ 0.    0.12  0.02  0.82  0.    0.04]-0.348
[826]-6:6-[ 0.    0.04  0.02  0.6   0.    0.34]-0.491
[827]-6:6-[ 0.12  0.08  0.02  0.56  0.1   0.12]-0.750
[828]-6:6-[ 0.04  0.02  0.04  0.48  0.04  0.38]-0.661
[829]-6:6-[ 0.    0.12  0.04  0.8   0.    0.04]-0.385
[830]-6:6-[ 0.    0.    0.14  0.68  0.    0.18]-0.472
[831]-6:8-[ 0.06  0.06  0.02  0.02  0.02  0.82]-0.410
[832]-6:8-[ 0.14  0.14  0.02  0.02  0.    0.68]-0.541
[833]-6:6-[ 0.24  0.04  0.02  0.5   0.18  0.02]-0.716
[834]-6:6-[ 0.06  0.02  0.06  0.48  0.04  0.34]-0.705
[835]-6:6-[ 0.    0.12  0.02  0.82  0.    0.04]-0.348
[836]-6:6-[ 0.    0.    0.18  0.66  0.    0.16]-0.489
[837]-6:6-[ 0.    0.    0.02  0.6   0.    0.38]-0.420
[838]-6:6-[ 0.  0.  0.  1.  0.  0.]-0.000
[839]-6:6-[ 0.06  0.02  0.06  0.48  0.04  0.34]-0.705
[840]-6:6-[ 0.    0.12  0.02  0.82  0.    0.04]-0.348
[841]-6:6-[ 0.  0.  0.  1.  0.  0.]-0.000
[842]-6:6-[ 0.02  0.06  0.04  0.48  0.    0.4 ]-0.611
[843]-6:6-[ 0.02  0.    0.02  0.58  0.    0.38]-0.469
[844]-6:6-[ 0.24  0.04  0.02  0.52  0.16  0.02]-0.704
[845]-6:6-[ 0.  0.  0.  1.  0.  0.]-0.000
[846]-6:6-[ 0.    0.12  0.02  0.82  0.    0.04]-0.348
[847]-6:6-[ 0.    0.    0.18  0.66  0.    0.16]-0.489
[848]-6:8-[ 0.02  0.1   0.04  0.02  0.    0.82]-0.379
[849]-6:6-[ 0.  0.  0.  1.  0.  0.]-0.000
[850]-6:6-[ 0.04  0.    0.02  0.5   0.    0.44]-0.511
[851]-6:6-[ 0.  0.  0.  1.  0.  0.]-0.000
[852]-6:6-[ 0.    0.    0.02  0.58  0.    0.4 ]-0.425
[853]-6:6-[ 0.24  0.04  0.02  0.52  0.16  0.02]-0.704
[854]-6:6-[ 0.04  0.02  0.04  0.48  0.04  0.38]-0.661
[855]-6:6-[ 0.    0.12  0.02  0.82  0.    0.04]-0.348
[856]-6:6-[ 0.    0.    0.12  0.68  0.    0.2 ]-0.468
[857]-6:8-[ 0.04  0.04  0.    0.04  0.02  0.86]-0.332
[858]-6:6-[ 0.  0.  0.  1.  0.  0.]-0.000
[859]-6:6-[ 0.04  0.    0.02  0.5   0.    0.44]-0.511
[860]-6:6-[ 0.  0.  0.  1.  0.  0.]-0.000
[861]-6:8-[ 0.14  0.12  0.02  0.02  0.    0.7 ]-0.522
[862]-6:6-[ 0.3   0.04  0.02  0.5   0.12  0.02]-0.696
[863]-6:6-[ 0.06  0.02  0.06  0.48  0.04  0.34]-0.705
[864]-6:6-[ 0.    0.12  0.02  0.82  0.    0.04]-0.348
[865]-6:6-[ 0.    0.    0.18  0.66  0.    0.16]-0.489
[866]-6:6-[ 0.    0.    0.02  0.64  0.    0.34]-0.408
[867]-6:6-[ 0.02  0.    0.02  0.58  0.    0.38]-0.469
[868]-6:6-[ 0.  0.  0.  1.  0.  0.]-0.000
[869]-6:6-[ 0.  0.  0.  1.  0.  0.]-0.000
[870]-6:6-[ 0.    0.12  0.02  0.82  0.    0.04]-0.348
[871]-6:6-[ 0.    0.    0.18  0.68  0.    0.14]-0.472
[872]-6:8-[ 0.    0.    0.04  0.02  0.    0.94]-0.148
[873]-6:6-[ 0.    0.04  0.02  0.64  0.    0.3 ]-0.477
[874]-6:6-[ 0.24  0.04  0.02  0.52  0.16  0.02]-0.704
[875]-6:6-[ 0.  0.  0.  1.  0.  0.]-0.000
[876]-6:6-[ 0.    0.12  0.02  0.82  0.    0.04]-0.348
[877]-6:6-[ 0.    0.    0.12  0.68  0.    0.2 ]-0.468
[878]-6:8-[ 0.04  0.08  0.    0.02  0.    0.86]-0.301
[879]-6:6-[ 0.  0.  0.  1.  0.  0.]-0.000
[880]-6:6-[ 0.  0.  0.  1.  0.  0.]-0.000
[881]-6:6-[ 0.    0.12  0.02  0.82  0.    0.04]-0.348
[882]-6:6-[ 0.  0.  0.  1.  0.  0.]-0.000
[883]-6:6-[ 0.04  0.14  0.02  0.62  0.    0.18]-0.607
[884]-6:8-[ 0.08  0.06  0.    0.02  0.    0.84]-0.332
[885]-6:6-[ 0.24  0.04  0.02  0.5   0.18  0.02]-0.716
[886]-6:6-[ 0.04  0.02  0.06  0.48  0.04  0.36]-0.683
[887]-6:6-[ 0.    0.    0.02  0.98  0.    0.  ]-0.055
[888]-6:6-[ 0.    0.    0.04  0.94  0.    0.02]-0.148
[889]-6:6-[ 0.    0.    0.12  0.68  0.    0.2 ]-0.468
[890]-6:6-[ 0.02  0.    0.02  0.58  0.    0.38]-0.469
[891]-6:6-[ 0.    0.    0.02  0.6   0.    0.38]-0.420
[892]-6:6-[ 0.24  0.04  0.02  0.52  0.16  0.02]-0.704
[893]-6:6-[ 0.04  0.02  0.04  0.48  0.04  0.38]-0.661
[894]-6:6-[ 0.    0.12  0.04  0.8   0.    0.04]-0.385
[895]-6:6-[ 0.    0.    0.14  0.7   0.    0.16]-0.457
[896]-6:8-[ 0.08  0.14  0.02  0.02  0.02  0.72]-0.529
[897]-6:6-[ 0.    0.    0.02  0.62  0.    0.36]-0.414
[898]-6:6-[ 0.24  0.04  0.02  0.5   0.18  0.02]-0.716
[899]-6:6-[ 0.04  0.02  0.04  0.48  0.04  0.38]-0.661
[900]-6:6-[ 0.    0.12  0.02  0.82  0.    0.04]-0.348
[901]-6:6-[ 0.    0.    0.12  0.68  0.    0.2 ]-0.468
[902]-6:8-[ 0.06  0.14  0.02  0.02  0.02  0.74]-0.503
[903]-6:6-[ 0.  0.  0.  1.  0.  0.]-0.000
[904]-6:6-[ 0.02  0.    0.02  0.56  0.    0.4 ]-0.473
[905]-6:6-[ 0.  0.  0.  1.  0.  0.]-0.000
[906]-6:6-[ 0.    0.    0.04  0.94  0.    0.02]-0.148
[907]-6:6-[ 0.  0.  0.  1.  0.  0.]-0.000
[908]-6:6-[ 0.04  0.06  0.04  0.48  0.    0.38]-0.640
[909]-6:6-[ 0.  0.  0.  1.  0.  0.]-0.000
[910]-6:6-[ 0.  0.  0.  1.  0.  0.]-0.000
[911]-6:6-[ 0.  0.  0.  1.  0.  0.]-0.000
[912]-6:6-[ 0.    0.    0.04  0.94  0.    0.02]-0.148
[913]-6:6-[ 0.  0.  0.  1.  0.  0.]-0.000
[914]-6:6-[ 0.    0.2   0.02  0.58  0.    0.2 ]-0.579
[915]-6:6-[ 0.    0.    0.02  0.58  0.    0.4 ]-0.425
[916]-6:6-[ 0.24  0.04  0.02  0.52  0.16  0.02]-0.704
[917]-6:6-[ 0.04  0.04  0.04  0.46  0.02  0.4 ]-0.663
[918]-6:6-[ 0.  0.  0.  1.  0.  0.]-0.000
[919]-6:6-[ 0.    0.    0.04  0.94  0.    0.02]-0.148
[920]-6:6-[ 0.    0.    0.18  0.66  0.    0.16]-0.489
[921]-6:6-[ 0.06  0.04  0.04  0.48  0.    0.38]-0.640
[922]-6:6-[ 0.    0.    0.02  0.58  0.    0.4 ]-0.425
[923]-6:6-[ 0.32  0.04  0.02  0.54  0.06  0.02]-0.643
[924]-6:6-[ 0.04  0.    0.04  0.46  0.02  0.44]-0.588
[925]-6:6-[ 0.    0.12  0.04  0.8   0.    0.04]-0.385
[926]-6:6-[ 0.    0.    0.18  0.66  0.    0.16]-0.489
[927]-6:6-[ 0.06  0.04  0.04  0.48  0.    0.38]-0.640
[928]-6:8-[ 0.08  0.2   0.02  0.02  0.    0.68]-0.526
[929]-6:6-[ 0.3   0.04  0.02  0.52  0.1   0.02]-0.679
[930]-6:6-[ 0.  0.  0.  1.  0.  0.]-0.000
[931]-6:6-[ 0.    0.12  0.04  0.8   0.    0.04]-0.385
[932]-6:6-[ 0.    0.    0.16  0.68  0.    0.16]-0.474
[933]-6:6-[ 0.   0.   0.   0.6  0.   0.4]-0.376
[934]-6:6-[ 0.  0.  0.  1.  0.  0.]-0.000
[935]-6:6-[ 0.04  0.04  0.04  0.48  0.02  0.38]-0.661
[936]-6:6-[ 0.  0.  0.  1.  0.  0.]-0.000
[937]-6:6-[ 0.  0.  0.  1.  0.  0.]-0.000
[938]-6:6-[ 0.  0.  0.  1.  0.  0.]-0.000
[939]-6:6-[ 0.  0.  0.  1.  0.  0.]-0.000
[940]-6:6-[ 0.    0.12  0.04  0.8   0.    0.04]-0.385
[941]-6:6-[ 0.    0.    0.02  0.62  0.    0.36]-0.414
[942]-6:6-[ 0.  0.  0.  1.  0.  0.]-0.000
[943]-6:6-[ 0.04  0.    0.04  0.46  0.    0.46]-0.542
[944]-6:6-[ 0.    0.12  0.04  0.8   0.    0.04]-0.385
[945]-6:6-[ 0.    0.    0.18  0.66  0.    0.16]-0.489
[946]-6:6-[ 0.06  0.04  0.04  0.48  0.    0.38]-0.640
[947]-6:6-[ 0.    0.    0.02  0.58  0.    0.4 ]-0.425
[948]-6:6-[ 0.38  0.04  0.02  0.52  0.02  0.02]-0.598
[949]-6:6-[ 0.  0.  0.  1.  0.  0.]-0.000
[950]-6:6-[ 0.    0.12  0.04  0.8   0.    0.04]-0.385
[951]-6:6-[ 0.    0.    0.12  0.7   0.    0.18]-0.454
[952]-6:8-[ 0.04  0.06  0.    0.04  0.    0.86]-0.310
[953]-6:6-[ 0.    0.    0.04  0.88  0.    0.08]-0.247
[954]-6:6-[ 0.26  0.04  0.02  0.52  0.14  0.02]-0.698
[955]-6:6-[ 0.  0.  0.  1.  0.  0.]-0.000
[956]-6:6-[ 0.    0.12  0.04  0.8   0.    0.04]-0.385
[957]-6:6-[ 0.    0.    0.16  0.68  0.    0.16]-0.474
[958]-6:8-[ 0.04  0.1   0.02  0.02  0.    0.82]-0.379
[959]-6:6-[ 0.  0.  0.  1.  0.  0.]-0.000
[960]-6:6-[ 0.04  0.    0.02  0.5   0.    0.44]-0.511
[961]-6:6-[ 0.  0.  0.  1.  0.  0.]-0.000
[962]-6:6-[ 0.    0.    0.02  0.6   0.    0.38]-0.420
[963]-6:6-[ 0.24  0.04  0.02  0.5   0.18  0.02]-0.716
[964]-6:6-[ 0.04  0.02  0.04  0.46  0.04  0.4 ]-0.663
[965]-6:6-[ 0.    0.12  0.04  0.8   0.    0.04]-0.385
[966]-6:6-[ 0.    0.    0.12  0.7   0.    0.18]-0.454
[967]-6:8-[ 0.04  0.06  0.04  0.02  0.02  0.82]-0.416
[968]-6:6-[ 0.  0.  0.  1.  0.  0.]-0.000
[969]-6:6-[ 0.04  0.    0.02  0.5   0.    0.44]-0.511
[970]-6:6-[ 0.    0.    0.02  0.98  0.    0.  ]-0.055
[971]-6:6-[ 0.    0.    0.04  0.94  0.    0.02]-0.148
[972]-6:8-[ 0.08  0.08  0.02  0.02  0.    0.8 ]-0.413
[973]-6:6-[ 0.26  0.04  0.02  0.5   0.16  0.02]-0.712
[974]-6:6-[ 0.  0.  0.  1.  0.  0.]-0.000
[975]-6:6-[ 0.    0.12  0.04  0.8   0.    0.04]-0.385
[976]-6:6-[ 0.    0.    0.12  0.68  0.    0.2 ]-0.468
[977]-6:6-[ 0.    0.02  0.02  0.58  0.    0.38]-0.469
[978]-6:6-[ 0.    0.    0.04  0.92  0.    0.04]-0.187
[979]-6:6-[ 0.  0.  0.  1.  0.  0.]-0.000
[980]-6:6-[ 0.  0.  0.  1.  0.  0.]-0.000
[981]-6:6-[ 0.    0.12  0.04  0.8   0.    0.04]-0.385
[982]-6:6-[ 0.    0.    0.16  0.68  0.    0.16]-0.474
[983]-6:8-[ 0.02  0.    0.06  0.02  0.    0.9 ]-0.234
[984]-6:6-[ 0.    0.    0.    0.58  0.    0.42]-0.380
[985]-6:6-[ 0.  0.  0.  1.  0.  0.]-0.000
[986]-6:6-[ 0.  0.  0.  1.  0.  0.]-0.000
[987]-6:6-[ 0.    0.12  0.04  0.8   0.    0.04]-0.385
[988]-6:6-[ 0.    0.    0.18  0.66  0.    0.16]-0.489
[989]-6:8-[ 0.04  0.06  0.04  0.02  0.02  0.82]-0.416
[990]-6:6-[ 0.    0.02  0.02  0.58  0.    0.38]-0.469
[991]-6:6-[ 0.26  0.04  0.02  0.52  0.14  0.02]-0.698
[992]-6:6-[ 0.  0.  0.  1.  0.  0.]-0.000
[993]-6:6-[ 0.    0.12  0.04  0.8   0.    0.04]-0.385
[994]-6:6-[ 0.    0.    0.18  0.66  0.    0.16]-0.489
[995]-6:8-[ 0.04  0.08  0.04  0.02  0.    0.82]-0.391
[996]-6:8-[ 0.06  0.    0.04  0.    0.    0.9 ]-0.219
[997]-6:6-[ 0.    0.    0.02  0.6   0.    0.38]-0.420
[998]-6:6-[ 0.02  0.    0.02  0.58  0.    0.38]-0.469
[999]-6:6-[ 0.26  0.04  0.02  0.5   0.16  0.02]-0.712
[1000]-6:6-[ 0.  0.  0.  1.  0.  0.]-0.000
[1001]-6:6-[ 0.    0.    0.02  0.98  0.    0.  ]-0.055
[1002]-6:6-[ 0.    0.    0.04  0.94  0.    0.02]-0.148
[1003]-6:6-[ 0.    0.    0.12  0.7   0.    0.18]-0.454
[1004]-6:6-[ 0.02  0.    0.02  0.58  0.    0.38]-0.469
[1005]-6:6-[ 0.    0.02  0.02  0.58  0.    0.38]-0.469
[1006]-6:6-[ 0.24  0.04  0.02  0.52  0.16  0.02]-0.704
[1007]-6:6-[ 0.  0.  0.  1.  0.  0.]-0.000
[1008]-6:6-[ 0.    0.1   0.04  0.86  0.    0.  ]-0.273
[1009]-6:6-[ 0.    0.    0.14  0.72  0.    0.14]-0.439
[1010]-6:8-[ 0.08  0.16  0.02  0.02  0.02  0.7 ]-0.547
[1011]-6:8-[ 0.06  0.06  0.04  0.02  0.02  0.8 ]-0.447
[1012]-6:6-[ 0.24  0.04  0.02  0.5   0.18  0.02]-0.716
[1013]-6:6-[ 0.04  0.02  0.06  0.48  0.04  0.36]-0.683
[1014]-6:6-[ 0.    0.1   0.04  0.86  0.    0.  ]-0.273
[1015]-6:6-[ 0.    0.    0.12  0.68  0.    0.2 ]-0.468
[1016]-6:6-[ 0.02  0.    0.02  0.58  0.    0.38]-0.469
[1017]-6:6-[ 0.02  0.    0.02  0.58  0.    0.38]-0.469
[1018]-6:6-[ 0.24  0.04  0.02  0.5   0.18  0.02]-0.716
[1019]-6:6-[ 0.  0.  0.  1.  0.  0.]-0.000
[1020]-6:6-[ 0.    0.12  0.02  0.82  0.    0.04]-0.348
[1021]-6:6-[ 0.    0.    0.04  0.94  0.    0.02]-0.148
[1022]-6:6-[ 0.    0.    0.12  0.68  0.    0.2 ]-0.468
[1023]-6:6-[ 0.02  0.    0.02  0.58  0.    0.38]-0.469
[1024]-6:6-[ 0.02  0.    0.02  0.58  0.    0.38]-0.469
[1025]-6:6-[ 0.16  0.08  0.02  0.54  0.16  0.04]-0.741
[1026]-6:6-[ 0.04  0.    0.04  0.46  0.02  0.44]-0.588
[1027]-6:6-[ 0.    0.12  0.02  0.82  0.    0.04]-0.348
[1028]-6:6-[ 0.    0.    0.12  0.7   0.    0.18]-0.454
[1029]-6:6-[ 0.02  0.    0.02  0.58  0.    0.38]-0.469
[1030]-6:6-[ 0.    0.    0.02  0.58  0.    0.4 ]-0.425
[1031]-6:6-[ 0.24  0.04  0.02  0.52  0.16  0.02]-0.704
[1032]-6:6-[ 0.  0.  0.  1.  0.  0.]-0.000
[1033]-6:6-[ 0.    0.1   0.04  0.86  0.    0.  ]-0.273
[1034]-6:6-[ 0.    0.    0.18  0.66  0.    0.16]-0.489
[1035]-6:8-[ 0.    0.    0.    0.02  0.    0.98]-0.055
[1036]-6:6-[ 0.    0.02  0.02  0.58  0.    0.38]-0.469
[1037]-6:6-[ 0.  0.  0.  1.  0.  0.]-0.000
[1038]-6:6-[ 0.04  0.    0.04  0.46  0.    0.46]-0.542
[1039]-6:6-[ 0.    0.1   0.04  0.86  0.    0.  ]-0.273
[1040]-6:6-[ 0.    0.    0.18  0.66  0.    0.16]-0.489
[1041]-6:8-[ 0.06  0.06  0.02  0.02  0.02  0.82]-0.410
[1042]-6:6-[ 0.02  0.    0.02  0.58  0.    0.38]-0.469
[1043]-6:6-[ 0.24  0.04  0.02  0.52  0.16  0.02]-0.704
[1044]-6:6-[ 0.  0.  0.  1.  0.  0.]-0.000
[1045]-6:6-[ 0.    0.1   0.04  0.86  0.    0.  ]-0.273
[1046]-6:6-[ 0.    0.02  0.1   0.68  0.    0.2 ]-0.498
[1047]-6:6-[ 0.06  0.04  0.04  0.48  0.    0.38]-0.640
[1048]-6:8-[ 0.02  0.08  0.    0.08  0.    0.82]-0.360
[1049]-6:6-[ 0.26  0.04  0.02  0.5   0.16  0.02]-0.712
[1050]-6:6-[ 0.  0.  0.  1.  0.  0.]-0.000
[1051]-6:6-[ 0.    0.1   0.04  0.86  0.    0.  ]-0.273
[1052]-6:6-[ 0.    0.    0.12  0.68  0.    0.2 ]-0.468
[1053]-6:6-[ 0.02  0.    0.02  0.58  0.    0.38]-0.469
[1054]-6:8-[ 0.08  0.04  0.04  0.02  0.02  0.8 ]-0.443
[1055]-6:6-[ 0.22  0.04  0.02  0.5   0.2   0.02]-0.718
[1056]-6:6-[ 0.04  0.02  0.06  0.48  0.04  0.36]-0.683
[1057]-6:6-[ 0.    0.1   0.04  0.86  0.    0.  ]-0.273
[1058]-6:6-[ 0.    0.    0.12  0.68  0.    0.2 ]-0.468
[1059]-6:6-[ 0.    0.    0.02  0.58  0.    0.4 ]-0.425
[1060]-6:6-[ 0.  0.  0.  1.  0.  0.]-0.000
[1061]-6:6-[ 0.04  0.    0.02  0.5   0.    0.44]-0.511
[1062]-6:6-[ 0.  0.  0.  1.  0.  0.]-0.000
[1063]-6:6-[ 0.  0.  0.  1.  0.  0.]-0.000
[1064]-6:6-[ 0.04  0.    0.02  0.5   0.    0.44]-0.511
[1065]-6:6-[ 0.  0.  0.  1.  0.  0.]-0.000
[1066]-6:8-[ 0.08  0.08  0.02  0.02  0.02  0.78]-0.465
[1067]-6:6-[ 0.26  0.04  0.02  0.5   0.16  0.02]-0.712
[1068]-6:6-[ 0.04  0.02  0.04  0.46  0.02  0.42]-0.634
[1069]-6:6-[ 0.    0.2   0.02  0.72  0.    0.06]-0.450
[1070]-6:6-[ 0.    0.    0.14  0.68  0.    0.18]-0.472
[1071]-6:6-[ 0.02  0.    0.02  0.58  0.    0.38]-0.469
[1072]-6:6-[ 0.02  0.    0.02  0.58  0.    0.38]-0.469
[1073]-6:6-[ 0.26  0.04  0.02  0.5   0.16  0.02]-0.712
[1074]-6:6-[ 0.  0.  0.  1.  0.  0.]-0.000
[1075]-6:6-[ 0.    0.1   0.04  0.86  0.    0.  ]-0.273
[1076]-6:6-[ 0.    0.    0.12  0.68  0.    0.2 ]-0.468
[1077]-6:6-[ 0.02  0.    0.02  0.58  0.    0.38]-0.469
[1078]-6:6-[ 0.    0.02  0.02  0.58  0.    0.38]-0.469
[1079]-6:6-[ 0.  0.  0.  1.  0.  0.]-0.000
[1080]-6:6-[ 0.  0.  0.  1.  0.  0.]-0.000
[1081]-6:6-[ 0.    0.1   0.04  0.86  0.    0.  ]-0.273
[1082]-6:6-[ 0.    0.    0.18  0.66  0.    0.16]-0.489
[1083]-6:8-[ 0.02  0.    0.04  0.02  0.    0.92]-0.202
[1084]-6:6-[ 0.02  0.    0.02  0.58  0.    0.38]-0.469
[1085]-6:6-[ 0.24  0.04  0.02  0.52  0.16  0.02]-0.704
[1086]-6:6-[ 0.  0.  0.  1.  0.  0.]-0.000
[1087]-6:6-[ 0.    0.1   0.04  0.86  0.    0.  ]-0.273
[1088]-6:6-[ 0.    0.    0.12  0.7   0.    0.18]-0.454
[1089]-6:6-[ 0.06  0.04  0.04  0.48  0.    0.38]-0.640
[1090]-6:6-[ 0.  0.  0.  1.  0.  0.]-0.000
[1091]-6:6-[ 0.    0.    0.02  0.98  0.    0.  ]-0.055
[1092]-6:6-[ 0.  0.  0.  1.  0.  0.]-0.000
[1093]-6:6-[ 0.    0.    0.02  0.98  0.    0.  ]-0.055
[1094]-6:6-[ 0.  0.  0.  1.  0.  0.]-0.000
[1095]-6:6-[ 0.    0.    0.02  0.98  0.    0.  ]-0.055
[1096]-6:6-[ 0.  0.  0.  1.  0.  0.]-0.000
[1097]-6:6-[ 0.    0.    0.02  0.98  0.    0.  ]-0.055
[1098]-6:6-[ 0.  0.  0.  1.  0.  0.]-0.000
[1099]-6:6-[ 0.    0.    0.02  0.98  0.    0.  ]-0.055
[1100]-6:6-[ 0.  0.  0.  1.  0.  0.]-0.000
[1101]-6:6-[ 0.    0.    0.02  0.98  0.    0.  ]-0.055
[1102]-6:6-[ 0.  0.  0.  1.  0.  0.]-0.000
[1103]-6:6-[ 0.    0.    0.02  0.98  0.    0.  ]-0.055
[1104]-6:6-[ 0.  0.  0.  1.  0.  0.]-0.000
[1105]-6:6-[ 0.    0.    0.02  0.98  0.    0.  ]-0.055
[1106]-6:6-[ 0.  0.  0.  1.  0.  0.]-0.000
[1107]-6:6-[ 0.    0.    0.02  0.98  0.    0.  ]-0.055
[1108]-6:6-[ 0.  0.  0.  1.  0.  0.]-0.000
[1109]-6:6-[ 0.    0.    0.02  0.98  0.    0.  ]-0.055
[1110]-6:6-[ 0.  0.  0.  1.  0.  0.]-0.000
[1111]-6:6-[ 0.    0.    0.02  0.98  0.    0.  ]-0.055
[1112]-6:6-[ 0.  0.  0.  1.  0.  0.]-0.000
[1113]-6:6-[ 0.    0.    0.02  0.98  0.    0.  ]-0.055
[1114]-6:6-[ 0.  0.  0.  1.  0.  0.]-0.000
[1115]-6:6-[ 0.    0.    0.02  0.98  0.    0.  ]-0.055
[1116]-6:6-[ 0.  0.  0.  1.  0.  0.]-0.000
[1117]-6:6-[ 0.    0.    0.02  0.98  0.    0.  ]-0.055
[1118]-6:6-[ 0.  0.  0.  1.  0.  0.]-0.000
[1119]-6:6-[ 0.    0.    0.02  0.98  0.    0.  ]-0.055
[1120]-6:6-[ 0.    0.    0.02  0.98  0.    0.  ]-0.055
[1121]-6:6-[ 0.  0.  0.  1.  0.  0.]-0.000
[1122]-6:6-[ 0.    0.    0.02  0.98  0.    0.  ]-0.055
[1123]-6:6-[ 0.  0.  0.  1.  0.  0.]-0.000
[1124]-6:6-[ 0.    0.    0.02  0.98  0.    0.  ]-0.055
[1125]-6:6-[ 0.  0.  0.  1.  0.  0.]-0.000
[1126]-6:6-[ 0.    0.    0.02  0.98  0.    0.  ]-0.055
[1127]-6:6-[ 0.  0.  0.  1.  0.  0.]-0.000
[1128]-6:6-[ 0.    0.    0.02  0.98  0.    0.  ]-0.055
[1129]-6:6-[ 0.  0.  0.  1.  0.  0.]-0.000
[1130]-6:6-[ 0.    0.    0.02  0.98  0.    0.  ]-0.055
[1131]-6:6-[ 0.  0.  0.  1.  0.  0.]-0.000
[1132]-6:6-[ 0.    0.    0.02  0.98  0.    0.  ]-0.055
[1133]-6:6-[ 0.  0.  0.  1.  0.  0.]-0.000
[1134]-6:6-[ 0.    0.    0.02  0.98  0.    0.  ]-0.055
[1135]-6:6-[ 0.  0.  0.  1.  0.  0.]-0.000
[1136]-6:6-[ 0.    0.    0.02  0.98  0.    0.  ]-0.055
[1137]-6:6-[ 0.  0.  0.  1.  0.  0.]-0.000
[1138]-6:6-[ 0.    0.    0.02  0.98  0.    0.  ]-0.055
[1139]-6:6-[ 0.  0.  0.  1.  0.  0.]-0.000
[1140]-8:8-[ 0.    0.02  0.    0.02  0.    0.96]-0.109
[1141]-8:8-[ 0.    0.    0.04  0.    0.    0.96]-0.094
[1142]-8:8-[ 0.    0.    0.02  0.04  0.    0.94]-0.148
[1143]-8:8-[ 0.    0.    0.02  0.1   0.    0.88]-0.235
[1144]-8:8-[ 0.    0.    0.02  0.1   0.    0.88]-0.235
[1145]-8:8-[ 0.06  0.22  0.    0.    0.    0.72]-0.412
[1146]-8:6-[ 0.    0.    0.1   0.46  0.    0.44]-0.529
[1147]-8:6-[ 0.    0.    0.08  0.46  0.    0.46]-0.511
[1148]-8:8-[ 0.    0.    0.06  0.46  0.    0.48]-0.490
[1149]-8:8-[ 0.    0.    0.06  0.46  0.    0.48]-0.490
[1150]-8:6-[ 0.    0.    0.08  0.46  0.    0.46]-0.511
[1151]-8:8-[ 0.    0.02  0.    0.42  0.    0.56]-0.428
[1152]-8:8-[ 0.    0.02  0.02  0.02  0.    0.94]-0.163
[1153]-8:8-[ 0.   0.   0.   0.1  0.   0.9]-0.181
[1154]-8:8-[ 0.    0.    0.    0.04  0.    0.96]-0.094
[1155]-8:8-[ 0.    0.    0.    0.04  0.    0.96]-0.094
[1156]-8:8-[ 0.    0.    0.    0.04  0.    0.96]-0.094
[1157]-8:8-[ 0.    0.    0.06  0.44  0.    0.5 ]-0.489
[1158]-8:8-[ 0.    0.    0.02  0.04  0.    0.94]-0.148
[1159]-8:8-[ 0.    0.    0.02  0.04  0.    0.94]-0.148
[1160]-8:4-[ 0.    0.    0.92  0.    0.    0.08]-0.156
[1161]-8:8-[ 0.    0.    0.02  0.02  0.    0.96]-0.109
[1162]-8:4-[ 0.    0.02  0.7   0.08  0.    0.2 ]-0.475
[1163]-8:4-[ 0.    0.    0.54  0.38  0.    0.08]-0.504
[1164]-8:4-[ 0.    0.    0.62  0.32  0.    0.06]-0.463
[1165]-8:4-[ 0.    0.    0.72  0.04  0.    0.24]-0.395
[1166]-8:4-[ 0.    0.    0.76  0.    0.    0.24]-0.308
[1167]-8:4-[ 0.    0.    0.74  0.02  0.    0.24]-0.359
[1168]-8:4-[ 0.    0.    0.72  0.04  0.    0.24]-0.395
[1169]-8:4-[ 0.    0.    0.72  0.08  0.    0.2 ]-0.424
[1170]-8:4-[ 0.    0.02  0.78  0.    0.    0.2 ]-0.331
[1171]-8:4-[ 0.    0.02  0.62  0.    0.    0.36]-0.414
[1172]-8:4-[ 0.    0.02  0.68  0.    0.    0.3 ]-0.392
[1173]-8:4-[ 0.    0.    0.72  0.04  0.    0.24]-0.395
[1174]-8:4-[ 0.    0.    0.76  0.    0.    0.24]-0.308
[1175]-8:4-[ 0.    0.02  0.62  0.    0.    0.36]-0.414
[1176]-8:4-[ 0.    0.04  0.62  0.    0.    0.34]-0.442
[1177]-7:8-[ 0.16  0.08  0.02  0.02  0.28  0.44]-0.764
[1178]-7:8-[ 0.12  0.1   0.02  0.02  0.2   0.54]-0.723
[1179]-7:8-[ 0.18  0.08  0.02  0.02  0.26  0.44]-0.769
[1180]-7:8-[ 0.04  0.18  0.02  0.02  0.08  0.66]-0.597
[1181]-7:8-[ 0.16  0.08  0.02  0.02  0.28  0.44]-0.764
[1182]-7:8-[ 0.1   0.1   0.02  0.    0.24  0.54]-0.678
[1183]-7:8-[ 0.12  0.08  0.02  0.02  0.32  0.44]-0.747
[1184]-7:8-[ 0.12  0.06  0.02  0.02  0.12  0.66]-0.619
[1185]-7:8-[ 0.14  0.08  0.02  0.02  0.16  0.58]-0.694
[1186]-7:8-[ 0.12  0.12  0.02  0.02  0.16  0.56]-0.716
[1187]-7:8-[ 0.14  0.08  0.02  0.02  0.3   0.44]-0.757
[1188]-7:8-[ 0.12  0.1   0.02  0.02  0.2   0.54]-0.723
[1189]-7:8-[ 0.12  0.08  0.02  0.02  0.2   0.56]-0.703
[1190]-7:8-[ 0.18  0.08  0.02  0.02  0.26  0.44]-0.769
[1191]-7:8-[ 0.12  0.08  0.02  0.02  0.32  0.44]-0.747
[1192]-7:8-[ 0.12  0.08  0.02  0.02  0.32  0.44]-0.747
[1193]-7:8-[ 0.16  0.08  0.02  0.02  0.28  0.44]-0.764
[1194]-7:8-[ 0.12  0.08  0.02  0.02  0.32  0.44]-0.747
[1195]-7:7-[ 0.32  0.04  0.    0.    0.62  0.02]-0.484
[1196]-7:1-[ 0.5   0.04  0.    0.04  0.38  0.04]-0.614
[1197]-7:1-[ 0.34  0.26  0.    0.08  0.24  0.08]-0.817
[1198]-7:8-[ 0.1   0.08  0.02  0.    0.34  0.46]-0.689
[1199]-7:8-[ 0.12  0.1   0.02  0.    0.22  0.54]-0.686
[1200]-7:8-[ 0.16  0.08  0.02  0.02  0.28  0.44]-0.764
[1201]-7:8-[ 0.08  0.12  0.02  0.02  0.14  0.62]-0.661
[1202]-7:8-[ 0.12  0.08  0.02  0.    0.22  0.56]-0.666
[1203]-7:8-[ 0.16  0.1   0.02  0.    0.18  0.54]-0.694
[1204]-7:8-[ 0.1   0.1   0.02  0.02  0.22  0.54]-0.716
[1205]-7:8-[ 0.14  0.08  0.02  0.    0.3   0.46]-0.711
[1206]-7:8-[ 0.1   0.1   0.02  0.02  0.22  0.54]-0.716
[1207]-7:8-[ 0.12  0.12  0.02  0.02  0.16  0.56]-0.716
[1208]-7:8-[ 0.12  0.08  0.02  0.02  0.32  0.44]-0.747
[1209]-7:8-[ 0.1   0.06  0.02  0.02  0.04  0.76]-0.498
[1210]-7:8-[ 0.18  0.12  0.    0.    0.26  0.44]-0.711
[1211]-7:8-[ 0.14  0.18  0.    0.    0.06  0.62]-0.586
[1212]-7:1-[ 0.5   0.06  0.    0.02  0.4   0.02]-0.580
[1213]-7:8-[ 0.12  0.1   0.02  0.02  0.2   0.54]-0.723
[1214]-7:8-[ 0.16  0.08  0.02  0.02  0.28  0.44]-0.764
[1215]-7:8-[ 0.16  0.08  0.02  0.    0.28  0.46]-0.718
[1216]-7:8-[ 0.12  0.1   0.02  0.02  0.2   0.54]-0.723
[1217]-7:8-[ 0.1   0.12  0.02  0.02  0.12  0.62]-0.665
[1218]-7:8-[ 0.12  0.12  0.02  0.    0.12  0.62]-0.635
[1219]-7:8-[ 0.12  0.06  0.04  0.02  0.04  0.72]-0.556
[1220]-7:8-[ 0.12  0.1   0.02  0.02  0.2   0.54]-0.723
[1221]-7:8-[ 0.14  0.1   0.02  0.02  0.2   0.52]-0.739
[1222]-7:7-[ 0.24  0.08  0.    0.    0.36  0.32]-0.713
[1223]-7:8-[ 0.14  0.08  0.02  0.    0.3   0.46]-0.711
[1224]-7:8-[ 0.2   0.12  0.    0.    0.3   0.38]-0.728
[1225]-7:8-[ 0.12  0.1   0.02  0.02  0.2   0.54]-0.723
[1226]-7:8-[ 0.04  0.06  0.02  0.02  0.06  0.8 ]-0.447
[1227]-7:8-[ 0.12  0.1   0.02  0.    0.22  0.54]-0.686
[1228]-7:8-[ 0.08  0.2   0.02  0.02  0.    0.68]-0.526
[1229]-7:8-[ 0.06  0.08  0.02  0.02  0.06  0.76]-0.505
[1230]-7:8-[ 0.1   0.1   0.02  0.    0.24  0.54]-0.678
[1231]-7:8-[ 0.16  0.08  0.02  0.02  0.28  0.44]-0.764
[1232]-7:8-[ 0.12  0.1   0.02  0.02  0.2   0.54]-0.723
[1233]-7:8-[ 0.12  0.08  0.02  0.02  0.18  0.58]-0.691
[1234]-7:8-[ 0.12  0.1   0.02  0.    0.22  0.54]-0.686
[1235]-7:8-[ 0.08  0.06  0.02  0.02  0.02  0.8 ]-0.438
[1236]-7:8-[ 0.16  0.08  0.02  0.    0.32  0.42]-0.727
[1237]-7:8-[ 0.12  0.1   0.02  0.02  0.2   0.54]-0.723
[1238]-7:8-[ 0.14  0.1   0.02  0.02  0.18  0.54]-0.727
[1239]-7:8-[ 0.14  0.1   0.02  0.02  0.18  0.54]-0.727
[1240]-7:7-[ 0.44  0.04  0.    0.    0.5   0.02]-0.511
[1241]-7:8-[ 0.16  0.08  0.02  0.02  0.28  0.44]-0.764
[1242]-7:8-[ 0.16  0.08  0.02  0.02  0.28  0.44]-0.764
[1243]-7:8-[ 0.1   0.1   0.02  0.02  0.22  0.54]-0.716
[1244]-7:8-[ 0.14  0.06  0.02  0.    0.1   0.68]-0.566
[1245]-7:8-[ 0.1   0.06  0.04  0.02  0.    0.78]-0.446
[1246]-7:8-[ 0.12  0.08  0.02  0.02  0.2   0.56]-0.703
[1247]-7:8-[ 0.14  0.1   0.02  0.02  0.18  0.54]-0.727
[1248]-7:8-[ 0.14  0.06  0.02  0.    0.08  0.7 ]-0.544
[1249]-7:7-[ 0.36  0.04  0.    0.    0.58  0.02]-0.497
[1250]-7:8-[ 0.12  0.08  0.02  0.02  0.32  0.44]-0.747
[1251]-7:8-[ 0.12  0.08  0.02  0.02  0.32  0.44]-0.747
[1252]-7:7-[ 0.16  0.02  0.    0.    0.82  0.  ]-0.298
[1253]-7:8-[ 0.14  0.04  0.04  0.    0.08  0.7 ]-0.549
[1254]-7:8-[ 0.04  0.06  0.04  0.02  0.02  0.82]-0.416
[1255]-7:8-[ 0.14  0.1   0.02  0.02  0.18  0.54]-0.727
[1256]-7:8-[ 0.16  0.1   0.02  0.    0.18  0.54]-0.694
[1257]-7:8-[ 0.18  0.12  0.    0.    0.26  0.44]-0.711
[1258]-7:8-[ 0.24  0.24  0.    0.08  0.08  0.36]-0.813
[1259]-7:7-[ 0.24  0.12  0.    0.02  0.32  0.3 ]-0.782
[1260]-7:7-[ 0.26  0.1   0.    0.    0.44  0.2 ]-0.705
[1261]-7:1-[ 0.36  0.08  0.    0.02  0.32  0.22]-0.751
[1262]-7:8-[ 0.16  0.08  0.02  0.02  0.28  0.44]-0.764
[1263]-7:8-[ 0.16  0.1   0.02  0.    0.16  0.56]-0.681
[1264]-7:8-[ 0.12  0.08  0.02  0.    0.32  0.46]-0.701
[1265]-7:8-[ 0.18  0.1   0.02  0.    0.2   0.5 ]-0.718
[1266]-7:8-[ 0.16  0.1   0.02  0.    0.18  0.54]-0.694
[1267]-7:8-[ 0.12  0.04  0.04  0.02  0.08  0.7 ]-0.582
[1268]-7:8-[ 0.12  0.1   0.    0.    0.24  0.54]-0.647
[1269]-7:8-[ 0.08  0.04  0.06  0.02  0.02  0.78]-0.474
[1270]-7:8-[ 0.14  0.08  0.02  0.    0.3   0.46]-0.711
[1271]-7:8-[ 0.18  0.08  0.02  0.02  0.26  0.44]-0.769
[1272]-7:8-[ 0.14  0.1   0.02  0.02  0.18  0.54]-0.727
[1273]-7:8-[ 0.08  0.12  0.02  0.02  0.14  0.62]-0.661
[1274]-7:8-[ 0.14  0.1   0.02  0.02  0.2   0.52]-0.739
[1275]-7:8-[ 0.12  0.1   0.    0.    0.26  0.52]-0.656
[1276]-7:8-[ 0.12  0.1   0.02  0.02  0.2   0.54]-0.723
[1277]-7:8-[ 0.08  0.04  0.    0.02  0.02  0.84]-0.354
[1278]-7:8-[ 0.08  0.12  0.02  0.02  0.14  0.62]-0.661
[1279]-7:8-[ 0.2   0.08  0.    0.    0.14  0.58]-0.622
[1280]-7:8-[ 0.12  0.08  0.02  0.    0.06  0.72]-0.525
[1281]-7:8-[ 0.14  0.08  0.02  0.    0.3   0.46]-0.711
[1282]-7:8-[ 0.08  0.18  0.02  0.02  0.    0.7 ]-0.512
[1283]-7:8-[ 0.16  0.08  0.02  0.02  0.28  0.44]-0.764
[1284]-7:8-[ 0.08  0.06  0.02  0.02  0.04  0.78]-0.474
[1285]-7:8-[ 0.14  0.1   0.02  0.02  0.16  0.56]-0.714
[1286]-7:8-[ 0.08  0.12  0.02  0.02  0.14  0.62]-0.661
[1287]-7:8-[ 0.3   0.22  0.    0.02  0.1   0.36]-0.765
[1288]-7:8-[ 0.12  0.1   0.02  0.02  0.2   0.54]-0.723
[1289]-7:8-[ 0.28  0.18  0.    0.06  0.1   0.38]-0.799
[1290]-7:8-[ 0.16  0.08  0.02  0.02  0.28  0.44]-0.764
[1291]-7:8-[ 0.18  0.08  0.02  0.02  0.26  0.44]-0.769
[1292]-7:8-[ 0.06  0.14  0.02  0.02  0.12  0.64]-0.637
[1293]-7:8-[ 0.08  0.12  0.02  0.02  0.14  0.62]-0.661
[1294]-7:8-[ 0.12  0.1   0.02  0.    0.22  0.54]-0.686
[1295]-7:8-[ 0.12  0.1   0.02  0.    0.22  0.54]-0.686
[1296]-7:8-[ 0.14  0.08  0.02  0.02  0.3   0.44]-0.757
[1297]-7:8-[ 0.12  0.08  0.02  0.02  0.32  0.44]-0.747
[1298]-7:8-[ 0.12  0.06  0.02  0.    0.16  0.64]-0.603
[1299]-7:1-[ 0.38  0.14  0.    0.02  0.24  0.22]-0.780
[1300]-7:8-[ 0.06  0.08  0.02  0.02  0.02  0.8 ]-0.438
[1301]-7:8-[ 0.12  0.1   0.02  0.    0.22  0.54]-0.686
[1302]-7:8-[ 0.14  0.08  0.02  0.    0.3   0.46]-0.711
[1303]-7:8-[ 0.1   0.08  0.02  0.    0.34  0.46]-0.689
[1304]-7:8-[ 0.12  0.08  0.02  0.02  0.    0.76]-0.459
[1305]-7:8-[ 0.08  0.04  0.06  0.02  0.04  0.76]-0.511
[1306]-7:8-[ 0.12  0.1   0.02  0.    0.26  0.5 ]-0.703
[1307]-7:8-[ 0.12  0.1   0.02  0.02  0.2   0.54]-0.723
[1308]-7:8-[ 0.18  0.08  0.02  0.02  0.26  0.44]-0.769
[1309]-7:8-[ 0.12  0.1   0.02  0.    0.24  0.52]-0.695
[1310]-7:6-[ 0.14  0.06  0.02  0.52  0.2   0.06]-0.755
[1311]-7:6-[ 0.18  0.04  0.02  0.52  0.22  0.02]-0.707
[1312]-7:7-[ 0.14  0.16  0.    0.04  0.62  0.04]-0.626
[1313]-7:7-[ 0.32  0.08  0.    0.02  0.5   0.08]-0.666
[1314]-7:7-[ 0.24  0.06  0.    0.02  0.58  0.1 ]-0.634
[1315]-7:7-[ 0.32  0.08  0.    0.02  0.5   0.08]-0.666
[1316]-7:7-[ 0.34  0.06  0.    0.02  0.48  0.1 ]-0.668
[1317]-7:7-[ 0.3   0.04  0.    0.02  0.6   0.04]-0.560
[1318]-7:7-[ 0.22  0.08  0.    0.02  0.6   0.08]-0.626
[1319]-7:7-[ 0.16  0.08  0.    0.02  0.66  0.08]-0.586
[1320]-7:7-[ 0.16  0.08  0.    0.02  0.66  0.08]-0.586
[1321]-7:7-[ 0.14  0.16  0.    0.04  0.62  0.04]-0.626
[1322]-7:6-[ 0.28  0.04  0.02  0.52  0.12  0.02]-0.690
[1323]-7:6-[ 0.28  0.04  0.02  0.52  0.12  0.02]-0.690
[1324]-7:7-[ 0.3   0.04  0.    0.02  0.6   0.04]-0.560
[1325]-7:6-[ 0.28  0.04  0.02  0.52  0.12  0.02]-0.690
[1326]-7:6-[ 0.22  0.06  0.02  0.52  0.12  0.06]-0.750
[1327]-7:7-[ 0.34  0.06  0.    0.02  0.48  0.1 ]-0.668
[1328]-7:7-[ 0.3   0.04  0.    0.02  0.6   0.04]-0.560
[1329]-7:7-[ 0.2   0.14  0.    0.04  0.56  0.06]-0.681
[1330]-7:7-[ 0.22  0.08  0.    0.02  0.6   0.08]-0.626
[1331]-7:7-[ 0.34  0.06  0.    0.02  0.48  0.1 ]-0.668
[1332]-7:6-[ 0.22  0.04  0.02  0.52  0.18  0.02]-0.707
[1333]-7:7-[ 0.32  0.08  0.    0.02  0.5   0.08]-0.666
[1334]-7:7-[ 0.28  0.14  0.    0.04  0.48  0.06]-0.715
