404.051696777344,539.061157226563,430.296783447266,495.651738621946,0,252.007335425669,3.09944152832031,537.974377153711,0,22.3388214111330,2.56347656250000,7.88772311016267,1
403.319274902344,500.975280761719,429.686431884766,485.575749074553,0,94.0157175076530,5.80134987955072,229.746492177091,0,13.5497589111330,3.29589843750000,7.31281497946682,1
400.145446777344,509.276046752930,426.390533447266,700.911365721094,0,117.678691944731,4.72863515218099,176.253137330701,0,18.3104858398440,3.23484039306612,5.96270172987587,1
382.309692382813,470.505187988281,419.083129882813,356.377788360253,0.186264514923096,219.884105030452,36.4297131734568,1611.99692424421,0.610351562500000,21.6674194335940,8.39227294921849,18.8644870646397,1
382.339706420899,557.816711425781,414.035339355469,1338.97661547683,0,279.091904599224,3.07273018360138,1430.59624336973,0,24.9669342041017,2.47900390625000,16.7153155399784,1
402.586853027344,503.660827636719,429.442291259766,484.262548695675,0,113.089154165241,5.54323196411133,225.819442720253,0,15.3808135986330,3.41796112060550,6.76136179556568,1
398.680603027344,515.623672485352,426.512603759766,708.660596744004,0,74.6045609327676,3.37759653727214,123.480207348988,0,14.4042358398440,2.68553161621074,5.60278460539557,1
387.497680664063,472.336242675781,417.862426757813,363.878635297835,0,883.259127552311,36.1353158950806,7720.80064580220,0,32.3485107421875,8.23974609375006,32.2217596715026,1
404.295837402344,540.526000976563,430.785064697266,488.362145535169,0,775.889262562916,2.94046849027912,3460.26106787811,0,41.7479324340818,2.50241851806612,14.4359556999174,1
399.411575317382,570.359039306641,435.152000427246,1876.98564906501,0.842413774412765,19646.2339682262,13.0709517317052,1864917.93297750,0.457855224610000,53.5677490234370,5.03628540039099,85.8284007567129,1
438.955307006836,520.761413574219,468.946449279785,307.310885320513,9098.80877913662,15693.8571330756,10422.0538584133,1647663.97712392,18.1910400390626,98.7180175781255,41.1116218566892,160.913001415192,1
389.127380371094,554.003417968750,423.283851623536,1168.00120437844,0,221.675010692315,6.56778717103067,580.426271435910,0,20.2501373291010,3.75004577636696,9.97840261425100,1
453.701324462891,599.465820312500,487.539520263672,1384.61606269101,0,302.030530334757,9.72509608666162,1533.09516819566,0,25.3786468505857,4.18329620361379,16.6761019871980,1
410.300003051757,539.799987792969,451.199996948243,1230.57510168674,0,529.773214111423,7.22006958024620,4043.42655667155,0,31.3499908447267,3.89997863769497,26.1154053965225,1
382.812515258789,519.999938964844,414.437484741211,1197.70705992019,0,306.286526998815,3.12507629441069,550.124448753780,0,23.5312728881835,2.50003051757801,8.21151233901794,1
415.274841308594,819.881164550781,456.001091003418,6347.13210209946,0,16320.7507351037,4.01331246644114,1954223.68692508,0,198.496170043945,2.83312988281199,521.081135940687,1
0.00485600166155183,0.00490923322245460,0.00490923322245460,3.94603959299064e-10,0,1.39936999555852e-10,0,8.80846113138277e-22,0,1.77442453498282e-05,0,2.22309945304534e-11,7
119.792112526033,143.800404355721,135.130976960890,28.2419434349135,13670.0178684760,18896.2273067476,15189.8293722383,1671404.92655791,87.5805652655565,122.737153584815,108.296219643478,29.4707361218615,7
0.614677231306217,607.516594022402,194.283564411369,29739.4309278676,0.779694710683245,71743.0229106505,46282.3748926515,570627806.384995,0.843427777695419,606.285972122806,411.666142637165,40738.2535766143,7
19.2909669922907,629.522756697377,614.803838178956,62188.4905021388,0.0730832347822380,118358.131215471,7.55973665449767,387655937.246793,0.398200254808277,448.692041176877,4.04843159387332,5787.67904801556,7
0.176968997175452,618.490985195451,572.475792552772,26529.7680745086,0.119487719546899,162179.998190694,12.6032853345912,409033458.542839,0.486695801556039,569.526115627184,5.11032752037227,6602.22032005118,7
-0.943921667872567,426.451396358830,184.385097612835,8579.01098927226,385840.582349873,1309208.56325822,601210.540088074,107534353170.299,67.1939436018012,2104.41978562367,557.531876964781,432145.331832386,7
1728.56443284601,2018.95890311155,1751.18656989483,2010.03211155493,3.83411000986291e-05,56599.4104865288,32.6630842231926,24889150.7068860,0.00875683733988808,293.516916495240,8.52097883817021,994.741454003593,7
992.602116660320,1163.16811120070,1069.92712195866,247.521896777009,0.00689264249170864,5216.29376009317,9.32210741506400,172773.686585135,0.117410753269951,102.140038771220,4.27849278532494,107.663183083726,7
2342.35593454001,2926.20642671482,2497.06689733344,11840.3491874097,0.0710663441979233,297149.529569976,64.9907832999054,501794721.259035,0.377004891739944,770.907944660030,11.6731810315912,5203.30141185013,7
1302.94757172716,1815.94153846903,1342.02176095280,7161.13214527454,0.129950233093529,28181.0482917472,37.3599837206584,15643369.7982672,0.471745806224817,218.626139144707,8.71818051060757,1526.54317495897,7
2140.09845597969,2334.40046303943,2266.43830278998,3932.66765021467,0.00203730905048871,100368.173585096,26.0706789176201,60490933.3055113,0.0638327353399291,322.342120583015,7.41070404087236,1100.00276325465,7
1276.71963407186,1677.61346612066,1545.93045065377,592.816364366637,1.65950051949879e-05,134310.296429959,49.3875562212625,123995711.166048,0.00576107719007268,518.286207476060,9.80736976536377,2035.93882778022,7
432.259109475178,585.921945091570,541.731487234707,1826.99028119390,0,4871.98360216756,2.46064879262093,465588.902871425,0,98.7115353154590,2.27778589654389,214.941907389353,7
1911.58855518599,1967.31637667954,1945.26642981788,115.258191117647,0.191134340189133,52550.6196775887,20.7186864342267,41067491.7167726,0.618278804729926,301.436150820248,6.36947575377735,1591.61151980430,7
40.3070926666260,46.2578849792480,43.6703805923462,1.36294232041894,1.22308847494423e-06,0.159712391706578,0.00282940189693727,0.000434099705216318,0.00156402587890625,0.589063644409194,0.0765638351440288,0.0107566295516504,2
39.5782470703125,44.6345138549805,43.0188865661621,1.07660614193032,0,0.0719060285919186,0.00247641444244800,8.64353933922712e-05,0,0.376564025878906,0.0726585388184198,0.00430491077601311,2
36.0531234741211,43.0265655517578,41.0015640258790,1.76973119310929,7.40496325302451e-05,0.512454863788094,0.00749421437649231,0.00374952857715036,0.0117187500000071,0.935156822204625,0.119532585144050,0.0315524789535486,2
40.0752487182617,45.4315338134766,43.5971450805665,1.19636647049102,1.95217144203676e-05,0.0737608480509576,0.00251314481526513,9.13797445466084e-05,0.00624847412099427,0.428127288818303,0.0726571083069025,0.00492105470924241,2
26.4159450531006,87.1579742431641,55.6273002624512,286.552002481351,0,166.166367786475,0.355639789876769,398.752784848858,0,16.8090391159057,0.878906250000000,6.59308103362342,2
73.5905532836914,76.8559188842773,76.0014419555664,0.355485769579562,0,0.135352214177450,0.0142802794774373,0.000600279656547423,0,0.549316406250000,0.171661376953125,0.0111205625276243,2
74.9065704345703,78.9043655395508,77.7599639892578,0.491110169033347,0,0.782776623964310,0.0188592821359634,0.00364766593538654,0,1.25122070312500,0.198364257812500,0.0190441533363401,2
75.5399017333984,92.9196319580078,92.7060089111328,19.5657942563542,0,48.8828821115027,0.00869234402974447,17.6279633664775,0,9.88765716552740,0.137329101562500,1.17338588311601,2
41.4976348876953,65.8200836181641,55.3220596313477,25.5021536173009,0,17.7611787804245,0.194025536378225,4.53152486349530,0,5.69914627075193,0.648498535156250,0.765774383393445,2
43.1079864501953,93.1872100830078,58.3056945800781,66.0251612338914,0,71.4395688850391,0.112845251957575,36.5907028558665,0,12.4053668975830,0.480651855468750,2.15813621404181,2
35.6102867126465,35.7811851501465,35.7323570251465,0.00147288575682557,0,0.00119209289550781,0,2.98145734735980e-08,0,0.0488281250000000,0,0.000138746778564832,2
34.2875022888184,44.4187469482422,40.3843746185303,3.50043724022438,552.997028230937,793.880987975320,646.343101298281,2381.05387454843,0.187496185302699,8.13281726837160,3.97343635559083,2.77177324749651,2
40.2326545715332,45.8103790283203,43.7165203094483,1.67257305750782,0,0.0714870742716346,0.00323994523205471,0.000120071731150699,0,0.398408889770550,0.0796823501587483,0.00559888354309517,2
38.9437522888184,52.3000030517578,43.8156261444092,6.55293151814732,1.95455577343574e-05,19.2306621519819,0.0717060303747295,4.60811470008691,0.00625228881840201,5.88749599456785,0.370312213897687,0.605783892702538,2
42.4750022888184,50.2062492370605,47.7000017166138,2.42393765100570,0,5.79812677383601,0.0222398225499391,0.289955971040081,0,3.46874999999999,0.213282108306895,0.221438024312135,2
40.0378780364990,45.2260456085205,43.2074394226074,1.14039008215228,0,5.59888239080224,0.00679328865225790,0.143808168902498,0,3.37319469451904,0.119522094726563,0.0727538766442651,2
36.7521591186523,93.4384155273438,86.7245712280273,251.206578589074,0,93.4487918862331,0.226885468466215,103.838404555115,0,12.8020858764649,0.671386718750000,4.91808348970913,2
37.2221069335938,46.3440361022950,41.0643157958984,3.30647221749117,0,2.68952211388392,0.0392855358125764,0.116029749135717,0,2.45939445495605,0.275784015655500,0.149701490633939,2
44.9954299926758,50.9463348388672,48.8558883666992,1.13811037366595,0,0.183780988057454,0.00822668274243673,0.000341262411485105,0,0.640869140625007,0.137329101562500,0.00834723886363418,2
46.3311157226563,51.3207244873047,49.6575241088867,0.921230400806563,0,0.145593813329483,0.00745058059692383,0.000263585726514492,0,0.572198867797873,0.122070312500000,0.00721741776878072,2
41.5434112548828,70.4739990234375,46.5330200195313,30.7571970947763,0,157.366915219017,0.0299575428167979,160.291634690060,0,16.8685455322265,0.251770019531250,2.73419274554141,2
40.5521354675293,66.8734703063965,54.4681129455566,31.9967868294789,0,12.9726499630098,0.0468756770812047,3.27051016772048,0,5.17271804809568,0.320434570312500,0.789361982622033,2
39.9500007629395,46.3968753814698,44.1046886444092,1.85588646273067,0,0.208606629375317,0.00354152282670390,0.000377800106567757,0,0.604688644409173,0.0843768119812118,0.00746459860608230,2
44.9200000762939,50.8999996185303,48.8475008010864,1.10753068287028,0,0.202109348552740,0.00781250000000000,0.000463847155157373,0,0.663751602172795,0.125000000000000,0.00972859412850234,2
46.2999992370605,51.2750015258789,49.6275005340576,0.933785066823946,0,0.115733239746401,0.00781250000000000,0.000252778508498094,0,0.479999542236378,0.125000000000000,0.00702225964975131,2
41.5600013732910,70.4575004577636,46.6175003051758,30.8738784786088,0,146.707709496817,0.0281334831258109,207.133756983127,0,16.2750005722046,0.244999885559103,3.89565304720036,2
35.6100006103516,35.7799987792969,35.7299995422363,0.00138178779526769,0,0.00124996185332122,0,2.41864984522499e-08,0,0.0499992370606037,0,0.000127157619014300,2
42.4589347839355,65.6827545166016,54.7498588562012,26.1975307179325,0.000465661287307739,23.8893926726378,0.172020586139601,7.35249668112732,0.0305175781250000,6.91222000122070,0.595091342926015,0.972067648879716,2
37.1437492370605,44.3937511444092,41.3937511444092,1.83312182802511,4.85393766576987,22.3448236268398,9.11830996703140,12.2760031909256,1.82270431518558,7.29927825927730,3.83440589904787,1.41238080811838,2
37.2471084594727,49.9409351348877,43.3080778121948,5.26059349273485,0.000377666160298847,4.30939296358649,0.0318705275885164,0.271206812507851,0.0187492370604971,3.63127136230460,0.262498855590795,0.211559823144090,2
31.0312480926514,51.1875000000000,35.2468757629395,23.6956242317247,1.94978856596252e-05,48.7280781126026,0.0217709159866592,26.3592538024599,0.00624465942379970,9.99843692779538,0.210937500000004,2.00085330572848,2
39.8252449035645,45.5815277099609,43.5158939361573,1.11597879218264,0,0.165507869722204,0.00442718664999005,0.000491250406009681,0,0.609374999999993,0.0984363555908239,0.0109208279368479,2
32.3906250000000,48.4375019073487,35.9062509536743,13.5507031136235,0.00338655520026758,31.0626107997942,2.06736757620505,25.6900202376616,0.103123664855950,10.0187492370605,2.51015567779543,3.98024338141561,2
37.5937500000000,43.7937507629395,41.6312503814697,1.58912081231466,0,0.516366181374911,0.00391926447628025,0.00325981357016779,0,0.999998092651353,0.0937499999999965,0.0202072660804176,2
34.6312484741211,42.6124992370605,38.9937515258789,3.37955380722068,120.640417538819,251.209634040992,163.564996744198,725.284979381368,0.106249809265144,11.5640630722045,3.05234289169309,4.83306194719360,2
36.7439727783203,44.1377716064453,40.8377513885498,2.24592358722047,0.0281771373750750,9.60134815265090,1.86622020728341,3.82845231123312,0.234375000000000,4.23752403259282,1.99454212188720,0.792701737950735,2
30.9874992370605,50.7437515258789,36.2312526702881,20.4512624269323,1.94978856596252e-05,43.9991009012886,0.0322006170002461,12.3944284268938,0.00624465942379970,8.89687442779545,0.267188072204590,1.19956618290401,2
34.2999992370605,53.4499969482422,37.9156246185303,24.5874040454268,1.94978856596252e-05,44.5381612014801,0.261646983626017,16.4700684792008,0.00624465942379970,9.38906478881835,0.735935211181612,1.65346085139431,2
34.8812484741211,52.7343769073487,39.4921884536743,23.2021395019416,0,41.8588326708513,0.0112502288829990,19.3378384229228,0,8.95625305175785,0.153122901916525,2.15110334215434,2
41.2077178955078,65.3012847900391,53.3536834716797,29.5667262987331,0,12.6775901299263,0.197362775603930,2.50756165265297,0,5.03539276123050,0.633239746093754,0.680893073988060,2
40.2312469482422,45.0843753814697,43.9203147888184,0.933872488043512,0,0.192225089078445,0.00141928514252444,0.000425109165117463,0,0.628123283386287,0.0562477111816122,0.00719288905321066,2
42.0596141815186,51.2065486907959,45.7346410751343,3.69800718940809,0,2.44977770813667,0.0146342591506301,0.100366547930812,0,2.36876487731935,0.177344799041720,0.117975768648322,2
39.8252449035645,45.6002807617188,43.5221433639526,1.11123310853680,1.95455577336910e-05,0.169963564883786,0.00433594227555248,0.000480834006397876,0.00625228881829543,0.614067077636697,0.0953140258788991,0.0108543617912827,2
39.7437515258789,43.8437500000000,42.5781250000000,0.662613058763477,0,0.689422295899353,0.000957231532082892,0.00445786370432388,0,1.23749542236330,0.0437545776366974,0.0175045214777201,2
36.5537948608398,93.4689331054688,86.8771591186523,251.263774045970,0.000465661287307739,75.3514852842978,0.374081234137217,100.666531353885,0.0305175781250000,12.9318008422852,0.869745254516587,4.68007396471236,2
36.4927597045898,93.4078979492188,86.6482772827148,252.583542023433,0.000465661287307739,146.543254222856,0.243229015429587,167.371533485088,0.0305175781250000,17.1660976409911,0.709530830383315,5.19482621130316,2
36.7674179077148,93.4078979492188,86.9229354858398,252.805647756048,0,212.052873569560,0.281020766182321,416.375885271850,0,19.7753505706787,0.759117126464822,7.79464992865501,2
36.7674179077148,93.4689331054688,86.6406478881836,252.899047973041,0,144.268658012908,0.296199383834998,198.055888381261,0,17.1660976409911,0.762939453125000,6.05244222219613,2
36.5537948608398,93.4689331054688,86.8771591186523,251.801387739827,0,80.5929244188595,0.402952233950297,107.109007002545,0,12.7486839294433,0.926965713500962,4.75219967509141,2
40.2609977722168,46.3532028198242,43.6688175201416,1.37142909691549,3.25759659360143e-06,0.219732116864179,0.00313564280804783,0.000607073431776323,0.00234603881835227,0.653909683227525,0.0802745819091371,0.0112264173228300,2
39.5782470703125,44.6548271179200,43.0298233032227,1.08421967952480,0,0.0571314060701671,0.00249224702565605,8.05880496408456e-05,0,0.328127861022978,0.0732436180114853,0.00417161724072099,2
35.9843750000000,42.9921875000000,41.0031242370606,1.74849475904921,4.88042860509190e-06,0.477034785749674,0.00704856038525255,0.00380289192647913,0.00312423706049714,1.02343940734870,0.119139194488486,0.0326051622517249,2
42.4589347839355,65.4080963134766,54.8032646179199,26.1464186925106,0.000116415321826935,23.8893926726378,0.155490832796192,5.40166468816906,0.0152587890625000,6.91222000122070,0.583645820617651,0.822650185793350,2
40.1266250610352,46.2813262939453,43.6516294479370,1.38459663529607,7.27595774970870e-12,0.188507912161501,0.00340493242159403,0.000655989950040136,3.81469730115214e-06,0.619923591613798,0.0826177597045827,0.0125997024173378,2
1,1,1,0,0,0,0,0,0,0,0,0,21
1,3,1,0.0398582639333761,0,2,0,0.0178571428571429,0,2,0,0.0178571428571429,21
1,1,1,0,0,0,0,0,0,0,0,0,21
1,1,1,0,0,0,0,0,0,0,0,0,21
1,1,1,0,0,0,0,0,0,0,0,0,21
1,1,1,0,0,0,0,0,0,0,0,0,21
1,1,1,0,0,0,0,0,0,0,0,0,21
1,1,1,0,0,0,0,0,0,0,0,0,21
1,1,1,0,0,0,0,0,0,0,0,0,21
1,1,1,0,0,0,0,0,0,0,0,0,21
1,1,1,0,0,0,0,0,0,0,0,0,21
1,1,1,0,0,0,0,0,0,0,0,0,21
1,1,1,0,0,0,0,0,0,0,0,0,21
1,2,1,0.193260530108904,0,0.500000000000000,0,0.0137281790518898,0,1,0,0.0549127162075591,21
1,1,1,0,0,0,0,0,0,0,0,0,21
1,1,1,0,0,0,0,0,0,0,0,0,21
1,1,1,0,0,0,0,0,0,0,0,0,21
1,2,1,0.229014854260090,0,0.500000000000000,0,0.00968429692504802,0,1,0,0.0387371877001921,21
1,1,1,0,0,0,0,0,0,0,0,0,21
1,2,1,0.229014854260090,0,0.500000000000000,0,0.00968429692504802,0,1,0,0.0387371877001921,21
1,1,1,0,0,0,0,0,0,0,0,0,21
1,1,1,0,0,0,0,0,0,0,0,0,21
1,1,1,0,0,0,0,0,0,0,0,0,21
1,2,1,0.193260530108904,0,0.500000000000000,0,0.0137281790518898,0,1,0,0.0549127162075591,21
1,2,1,0.199146180333120,0,0.500000000000000,0,0.0117262572069186,0,1,0,0.0469050288276744,21
105.084388946268,124.544478569632,108.976418748428,15.0771257900926,0,121.182243298293,0,305.726069329746,0,15.5680598212040,0,11.0709347901023,3
66.1642542401168,77.8402991060197,70.0562691954178,5.08362809960697,0,30.2955608245733,0,106.937024604235,0,7.78402991060200,0,7.05958376037052,3
105.084388946268,124.544478569632,108.976418748428,9.52437522423129,0,121.182243298293,0,117.520655976566,0,15.5680598212040,0,4.58024431066774,3
62.2722392848158,70.0562691954178,62.2722392848158,9.17867187538223,0,30.2955608245733,0,150.446796814349,0,7.78402991060200,0,9.93193674053516,3
15.5680598212039,70.0562691954178,62.2722392848158,467.396603373248,0,1484.48248040409,0,39432.9114537712,0,54.4882093742139,0,75.5678709084756,3
23.3520897318059,54.4882093742138,46.7041794636118,142.655750396203,0,484.728973193170,0,5614.55718978241,0,31.1361196424079,0,33.1485060143312,3
686.000120798870,709.000132120909,703.000100764647,38.0642943932938,0,2004.33220387211,2.33335112309156,29652.9738381191,0,59.2499681653321,2.25001175859751,34.1017221116939,3
674.000117473782,699.000119452096,692.000152155132,34.3255380092299,0,3087.99989009754,2.33331153165402,43632.9143151728,0,75.0000059349428,2.24998948830972,33.5711791790132,3
0,513.500110117874,490.000086284908,49888.8743166148,0,129032.031282043,1.99998131259366,149212650.807752,0,508.000061578822,1.99999065627503,4131.01914738645,3
28.0000046654437,159.000029210561,138.000023391656,2425.90987224589,0,11400.5033287774,2.00001100628312,1057399.73171483,0,151.000022044882,2.00000550313399,364.471031195661,3
373.000068712156,373.000068712156,373.000068712156,2.62898770917919e-25,0,0,0,0,0,0,0,0,3
373.000068712156,373.000068712156,373.000068712156,2.62898770917919e-25,0,0,0,0,0,0,0,0,3
373.000068712156,373.000068712156,373.000068712156,2.62898770917919e-25,0,0,0,0,0,0,0,0,3
373.000068712156,373.000068712156,373.000068712156,2.62898770917919e-25,0,0,0,0,0,0,0,0,3
25.7218460463321,336.338363933547,276.231828519589,12567.9682653395,21739.6980574602,100635.367771851,43105.7198302537,213168824.165664,103.043413536253,377.800977742021,148.322435599479,2659.65567899441,3
2445.14105453676,3670.74140997575,2942.51640701557,71608.0324878072,70204091.9049664,110833027.015161,77718075.1533131,10603195146816.2,7527.90958830712,14182.5473810268,9593.70412705044,1278677.55013681,3
508.219319989695,724.226150008900,527.056658120367,2946.57144179960,88245.5791689505,164590.825883114,129165.830137488,159045822.873829,492.884843275308,829.116011924086,686.181726589882,2059.43935176785,3
20.1120122274000,22.0672077602500,20.5920600891000,0.411384281001853,0,0.410881895631409,0.000399984403649106,0.00199669515356968,0,0.960095723475000,0.0299994150749985,0.0180753664301479,4
20.1022254096137,22.1622212727865,20.9372160169813,0.204380568328351,0,0.0905262145423133,0.00179980265840111,9.11761920277331e-05,0,0.449981689453125,0.0599967108832509,0.00453623468974778,4
20.4822285970052,23.3622190687392,21.9497288597955,0.608689479642789,0,0.180003153496870,0.00463335059160141,0.000370541074505176,0,0.600005255805097,0.0987392001681879,0.00918781402982912,4
19.5122294955784,21.2122090657552,20.5097177293566,0.0960437961811306,0,0.288808066191301,0.000799714626613191,0.000912000067441829,0,0.760010613335499,0.0400013393825756,0.0161504902991649,4
19.5222240024142,21.1422178480360,20.5672221713596,0.106170296374897,0,0.211246583740498,0.000799714626615109,0.000590653385944453,0,0.649994744194903,0.0400076972113741,0.0137419352134090,4
20.0322172376845,21.5122307671441,20.4522323608398,0.0321559205324664,0,0.121433691432097,0.000450014241646745,0.000165017285245327,0,0.517501831054723,0.0300057729085097,0.00574489213413527,4
19.6022245619032,21.3922034369575,20.7472229003906,0.0704457698885183,0,0.123892156778234,0.000233274821403392,0.000337336094315747,0,0.535017649332701,0.0224987665811991,0.0102577468636699,4
19.0122286478679,21.2022315131293,20.2422163221571,0.137350230587972,0,0.333105173092933,0.000262423678959928,0.00192853957953332,0,0.802507400512653,0.0237475501166635,0.0253504619420156,4
20.5622185601128,23.7972174750434,21.2072202894422,0.579678406987208,0,0.0536359396799918,0.000900410087810704,9.01178860668917e-05,0,0.337508519490527,0.0449975331624746,0.00531191525559966,4
21.0022184583876,22.8472052680122,21.4572207132975,0.147257720325578,0,0.0822013581706172,0.000933692644449524,0.000123388226110065,0,0.490004221598301,0.0449985928005781,0.00511865318523355,4
20.1172256469727,22.7722083197700,20.8322058783637,0.386873998901484,0,0.175893543557146,0.00123301688440613,0.000358931341613793,0,0.622488657633525,0.0499873691135502,0.00805274373589152,4
20.3922186957466,22.2372203403049,20.9272151523166,0.182655234298784,0,0.0550373828356081,0.00124145407736806,6.25986024972962e-05,0,0.337508519490527,0.0500043233235257,0.00402836436531124,4
20.0622177124023,22.5322172376845,20.7122124565972,0.287404908880150,0,0.0558367722733511,0.000933438267389552,6.89604995008331e-05,0,0.344991683959954,0.0450007120768134,0.00383166441317242,4
20.3722127278646,21.4822302924262,20.7897186279297,0.0509921687818477,0,0.0301672210803739,0.00123364555408953,2.32689050995707e-05,0,0.230013529459701,0.0500043233235488,0.00232626682038578,4
20.2222209506565,23.8322067260742,20.8672247992622,0.182375652906670,0,0.357728086870571,0.00129969509540301,0.00149636032150174,0,0.802504221598348,0.0525061289469377,0.0135345536770867,4
20.0722249348958,23.1022262573242,20.9672164916992,0.312737072751976,4.97757782002901e-05,0.220629540608625,0.00159942910650954,0.000582330113796226,0.00997755262579858,0.697495142618852,0.0599892934163222,0.00968932378731603,4
19.5422278510200,22.4372312757704,20.5772166781955,0.394992324706399,0,0.345240661306964,0.00206712306282708,0.00148861461938748,0,0.877510706583674,0.0674978892008973,0.0177080619604412,4
19.7122255961100,21.7972162034777,20.4847240447998,0.176486785498407,0,0.151761516205514,0.00279072964948630,0.000359724816823684,0,0.574997795952697,0.0750064849853249,0.00890580858629668,4
19.5122273763021,22.8322050306532,20.3947215610081,0.443014194670888,0,0.0552333906662467,0.00168340551150281,7.29915600410316e-05,0,0.352500279744525,0.0600115458170993,0.00480117703399076,4
19.7622299194336,22.1322080824110,20.4122151268853,0.184955931882924,0,0.135772470524960,0.00130028848118738,0.000428899612835948,0,0.620011223687051,0.0525061289469768,0.00901974333577890,4
19.6122360229492,23.5822041829427,20.6322224934896,0.644347202040506,0,0.276028750744066,0.00278303774139348,0.000904272591558060,0,0.787493387858021,0.0774961047702121,0.0137387006545108,4
19.8522271050347,22.3572285970053,20.5147245195177,0.251899537938465,0,0.129734406198894,0.00223311917317678,0.000268656982851445,0,0.540002187093148,0.0675090154012477,0.00769407896528646,4
19.8622343275282,22.5722249348958,20.7947222391765,0.334236958877213,0,0.193195094183442,0.00163355947988399,0.000425116858596181,0,0.679990980360298,0.0599967108833006,0.00912811400855418,4
20.0022210015191,21.3422139485677,20.5522155761719,0.103283636404739,0,0.0536302036383887,0.00103321537248933,2.87994937611932e-05,0,0.337486267089826,0.0450070699056262,0.00206682164334446,4
19.8322041829427,22.0422278510200,20.7172309027778,0.258247961982074,0,0.215550572407478,0.00159942910650954,0.000496178404148521,0,0.704983605278848,0.0599930021497617,0.00911602391134508,4
19.4322268168132,21.9722196790907,20.2372190687392,0.311022724425443,0,0.219633606194938,0.00133310483083775,0.000389951093320696,0,0.720002916124098,0.0574959648980276,0.00783178771825950,4
19.6922217475043,20.9022119310168,20.1547167036269,0.0866318539209790,0,0.107203957834574,0.000878638877612149,7.08532640358333e-05,0,0.480009714762375,0.0449970033433722,0.00291912130133316,4
19.5022201538086,23.1922213236491,20.6297206878662,0.648460243455166,0,0.197090114709505,0.00210002420657990,0.000537033519536903,0,0.684996710883247,0.0699827406141242,0.00969399323512787,4
21.3322067260742,23.8722144232856,22.1097331576877,0.369899977713452,0,0.0854310687195400,0.000800307918079419,8.50409551707290e-05,0,0.449996524386950,0.0400066375732475,0.00480271396611942,4
19.8772197299533,26.0822211371528,22.1222135755751,1.08709219871018,0,1.42811664271503,0.0134300920905286,0.0174671665439724,0,1.79251035054525,0.171233812967964,0.0585422211270558,4
20.9322102864583,23.5522227817112,21.9422213236491,0.314399023644946,0,0.152799919172587,0.00366652375118304,0.000379108523343254,0,0.619996388753251,0.0899950663248728,0.00893148402988986,4
20.7072215610080,23.8622368706597,22.0822058783637,0.476860182772605,0,0.131661151013613,0.00257946263940012,0.000325709770822131,0,0.610001881917299,0.0750033060709860,0.00896922212156321,4
21.5722274780273,23.2522201538086,22.1122360229492,0.173888653278877,0,0.0241929957054628,0.000449887092045193,1.92975301415546e-05,0,0.229994455973348,0.0300031238131862,0.00245943158403493,4
20.9722222222222,23.4622277153863,21.9822300804986,0.335935587464841,0,0.124637437950829,0.00340071522637432,0.000239218786950447,0,0.525010426839227,0.0899950663248745,0.00714703946053570,4
19.9222162034777,22.0822058783637,20.9122212727865,0.283019847829777,0,0.122638052795782,0.00103331431952279,0.000108197198677055,0,0.525010426839149,0.0450007120768490,0.00406508017269045,4
19.8222266303168,21.4122221204970,20.6222152709961,0.106216619449651,0,0.112304458329468,0.00168419680033523,0.000122455667614399,0,0.502510070800724,0.0599945916069853,0.00501855775687527,4
19.4822311401367,21.2622282240126,20.3172217475043,0.128589645727699,0,0.160040621024837,0.00203317636695719,0.000259846395071086,0,0.600013732910099,0.0674978892008245,0.00769524794029578,4
19.9472257826064,21.7022323608398,20.6697156694200,0.105261448903065,0,0.0882045715924548,0.00244243162226228,0.000171226579019133,0,0.420010884602899,0.0700081719292989,0.00688881111251648,4
20.1422034369575,22.2522184583876,20.7172171274821,0.149597457612303,0,0.103605454582804,0.000233303083858412,0.000282663408550600,0,0.480012893676751,0.0225003560383481,0.00996507717138338,4
19.8472213745117,21.5922164916992,20.5772166781955,0.157256343164458,0,0.0259010033615320,0.000433450682834800,1.08931583416720e-05,0,0.240004857381152,0.0300057729085488,0.00158308383540363,4
21.1622089809842,22.7922142876519,21.6122182210286,0.104495615892821,0,0.0362337924961157,0.000633033179441287,2.40495019136491e-05,0,0.285002390543625,0.0374889373779741,0.00225243638022849,4
21.0722266303168,23.4272215101454,21.7422103881836,0.270181573688321,0,0.0420341598564019,0.00143347525659885,4.75540475180441e-05,0,0.307502746581974,0.0525061289469360,0.00342876236522683,4
21.1022271050347,23.7672191196017,22.1272277832031,0.312131296773801,0,0.620563411068352,0.00179992981249687,0.00313436745839493,0,1.09500037299265,0.0600147247314364,0.0207953529865792,4
21.2722227308485,24.1522132025825,22.3022227817112,0.268758181359702,0,0.168328761391882,0.00251617658763039,0.000547816199477219,0,0.544997321234799,0.0750001271565743,0.0114468383942960,4
20.6172243754069,22.9522323608398,21.1722310384115,0.161112903854315,0,0.0671043278040504,0.000400196439552452,2.92398060490697e-05,0,0.430009629991297,0.0299972958035237,0.00214073526531459,4
19.9822150336372,23.2022306654188,20.7722091674805,0.347685921034846,0,0.162528916958845,0.00179980265840100,0.000340228043758802,0,0.659987131754551,0.0599967108833006,0.00882732151547760,4
20.3322050306532,25.1722335815430,22.6397164662679,1.08018251869342,0,0.474145066058884,0.00723360951078901,0.00450967128141508,0,0.974992116292299,0.127509435017924,0.0334244600678591,4
20.6722344292535,24.3922170003256,22.6222144232856,0.780187384926534,0,0.361761776077679,0.00426601293655107,0.00204195653021144,0,0.945006476508247,0.0975036621093750,0.0222765035462785,4
20.3822241889106,24.1672134399414,22.1672280629476,1.10878560923945,0,0.160295423413672,0.00362896608138947,0.000390550914366208,0,0.599991480509399,0.0899887084960866,0.0105975558244001,4
20.8122168646918,25.4072189331055,22.4122238159180,1.21836817483075,0,0.759626352849828,0.00320157083075091,0.00768123285552085,0,1.25251134236655,0.0824896494547467,0.0270716003683001,4
20.9022119310168,24.4572215610080,22.4422200520833,0.789128851331476,0,0.0851725222187308,0.00319885806630224,0.000169819009554938,0,0.450013478597000,0.0824896494547485,0.00742625497622841,4
19.2422103881836,21.3722144232856,20.3622351752387,0.154312330969008,0,0.362122094373874,0.000933198124858315,0.000752603913409930,0,0.899985631306947,0.0449975331624728,0.00887791409716952,4
19.4422234429253,21.4322111341688,19.8522271050347,0.214481861651086,0,0.0600390104443442,0.000632976675492667,2.70350489720139e-05,0,0.367517471313526,0.0374889373779368,0.00197165898897210,4
20.7672182718913,21.9572215610080,21.2047259012858,0.0859022637070210,0,0.123326404814492,0.000400154032396176,7.22624837084803e-05,0,0.524984995524072,0.0299835205078125,0.00236790851419414,4
21.6272184583876,22.9472117953830,21.9722207387288,0.0855259261718307,0,0.0307011976586559,0.000233402054846501,9.39127309100829e-06,0,0.262505213419576,0.0225003560383854,0.00152749663635809,4
19.3622334798177,21.0872099134657,20.4197300804986,0.0979150644726054,0,0.0756974932495826,0.000800307918077429,0.000121593868715602,0,0.412492752075224,0.0400076972113475,0.00583997491642762,4
22.3888863457574,25.8188798692491,23.3338928222656,0.392861997995230,0,0.811624918316301,0.000750384074140896,0.00667753578011288,0,1.34999275207523,0.0387610329522268,0.0334047473722599,4
21.2072202894422,22.9022132025825,21.8972078959148,0.146559821722035,0,0.0310334300877631,0.000632976675491507,1.57333975315649e-05,0,0.254999796549448,0.0374889373778977,0.00204700763231804,4
20.8122168646918,22.3522101508247,21.6872172885471,0.0935350967145512,0,0.0312506357861090,0.000199780333787700,1.56825901396973e-05,0,0.250002543131501,0.0199890136718999,0.00199966700547652,4
19.0822050306532,20.0022188822429,19.2822180853950,0.0605894575186177,0,0.0118002888709171,0.000899965032755826,3.88737751798225e-06,0,0.169999864366300,0.0449975331624728,0.000868008308678452,4
20.3922017415365,21.2222205268012,20.7422086927626,0.0345531460837189,0,0.0273032800604347,0.000100186924160781,5.63878534923805e-06,0,0.225013097127221,0.0150140126546248,0.000841893208127944,4
20.3922017415365,21.3622199164497,20.6972196367052,0.0256208456680371,0,0.0963981906558135,5.01146761378059e-05,6.09113404943029e-05,0,0.464995702107750,0.0100114610460018,0.00249455698169451,4
20.3222274780273,21.6922208997938,20.6022262573242,0.102839524819101,0,0.0225315504832357,0.000233246558950030,8.09888041481770e-06,0,0.224990844726523,0.0224971771240483,0.00139760579782555,4
20.3872129652236,21.6072294447158,20.9347131517198,0.0639976397080545,0,0.0706323097918032,9.98902627084326e-05,2.50701696291968e-05,0,0.397497812906920,0.0149917602539240,0.00145086899737627,4
19.7422112358941,21.2922286987305,20.4772249857585,0.0666392343632608,0,0.113227639287207,0.000441711282618384,0.000133727574501252,0,0.502487818400102,0.0300057729085488,0.00466022961300414,4
19.7722074720595,22.3122151692708,21.2972174750434,0.275078813038115,0,0.343443302852303,0.00143313625386436,0.00187588317909178,0,0.802504221598277,0.0525061289469750,0.0194526254943526,4
21.0855526394314,24.3305481804742,22.0255555046930,0.693957007351159,0,0.394298632939657,0.00123245190779177,0.00126777661006289,0,0.937500000000000,0.0500043233235505,0.0148709771660157,4
20.1622221204970,21.5922143724230,20.6822119818793,0.111645533340811,0,0.108696333531042,0.000799714626613192,0.000191869231348952,0,0.455002254909900,0.0400076972114007,0.00560229511116784,4
20.7122124565972,23.2322311401367,21.4622116088867,0.305609718246088,0,0.0562347080070019,0.00123363140938678,8.60881984764108e-05,0,0.352503458658902,0.0524806976318626,0.00484987388516032,4
20.3322219848633,23.1922234429253,20.9947130415175,0.342294724942808,0,1.04262050231773,0.000433535473191552,0.00783748383855580,0,1.51499112447105,0.0300057729085523,0.0296442073195882,4
20.8122168646918,23.3622360229492,21.8872133890788,0.339649512342212,0,0.0457297698949074,0.00103311646138525,4.40697188884589e-05,0,0.314985911051398,0.0449975331624781,0.00339743672204583,4
20.3572294447157,21.3822258843316,20.7122124565972,0.0617177633662744,0,0.0169344534072260,0.000400154032398201,4.63020894695873e-06,0,0.195007324218750,0.0300004747179017,0.00120280816009037,4
21.0822041829427,21.8622207641602,21.2722227308485,0.0379842458801494,0,0.00870004929281068,0.000199780333787700,1.90831084552549e-06,0,0.139999389648448,0.0199890136718999,0.000757766389447667,4
20.4222318861220,21.4372168646918,21.0022184583876,0.0709692766176495,0,0.0453027476733447,0.000199780333787700,1.18647163094899e-05,0,0.315008163452173,0.0199890136718999,0.00110724235243745,4
20.5722257826063,22.1122190687392,21.4522298177083,0.138681231233764,0,0.0272306678838374,0.000633831567576070,8.61013986473963e-06,0,0.247488021850646,0.0375111897786749,0.00128771787679167,4
18.8372251722547,20.5922147962782,19.5422278510200,0.105759809010648,0,0.0795991848466613,0.000917044331206543,0.000199673960239571,0,0.419998168945270,0.0449975331624017,0.00859546128288263,4
21.3822258843316,22.8922017415365,22.5672213236491,0.190685900236267,0,0.00123363140938645,5.00722510171967e-05,1.59804524519721e-08,0,0.0525061289468951,0.0100072224934991,6.53457710028165e-05,4
21.0622151692708,22.7922270033095,21.4222335815430,0.167083167964537,0,0.0210341732815406,0.000100208138218179,1.02035230400378e-05,0,0.217504501342798,0.0150156021118129,0.00186686199918942,4
19.9522315131293,20.7122124565972,20.0922139485677,0.0385946404480694,0,0.0612524329532945,0.00123363140939009,2.34406462291908e-05,0,0.350006951226099,0.0500170389810997,0.00143634781293340,4
20.8222283257378,22.3122151692708,21.2122090657552,0.127149055061412,0,0.0457026474783924,0.000100186924160781,2.00817844203192e-05,0,0.307502746582053,0.0150140126546248,0.00198194487625793,4
20.3922017415365,20.8072111341688,20.6197261810303,0.00677149573652794,0,0.00610101257581144,5.01146761378059e-05,2.37524620215158e-07,0,0.105012257893875,0.0100114610460018,0.000176020357804596,4
20.2172152201335,21.8622186448839,20.8747164408366,0.114740324411819,0,0.0944282876151838,0.000233303083858412,4.62140114458471e-05,0,0.457487106323249,0.0225003560383481,0.00196656384454158,4
19.4422234429253,22.6122368706597,21.4322111341688,0.544674716473862,0,1.02270841847026,0.00258293252561812,0.0112263787317615,0,1.46250724792477,0.0750033060709470,0.0368427674302577,4
19.9822319878472,20.9572219848633,20.4797204335530,0.0570247210100338,0,0.00435946507565440,0.000199780333787735,4.30514620556626e-07,0,0.105010138617651,0.0199964311387753,0.000382208013507157,4
20.4172282748753,21.0772154066297,20.6622229682075,0.0283869054343973,0,0.00249873707238645,9.98902207898323e-05,1.21507210808850e-07,0,0.0749810536702462,0.0149917602539240,0.000178263284552907,4
20.3322050306532,22.4222310384115,20.9872203403049,0.113723857393149,4.97757782002901e-05,0.198389550981388,0.00173340709590247,0.000523810441111886,0.00997755262579858,0.659980773925724,0.0600131352742874,0.0109886894011221,4
20.3472201029459,21.6422017415365,20.8122168646918,0.0734901879891587,0,0.0264521369518168,0.000233402054847224,1.04749977959148e-05,0,0.230009290907201,0.0225003560384245,0.00171938214029859,4
20.4522323608398,20.9122212727865,20.6822119818793,0.00991032657760483,0,0.00253213271177690,5.01146761377881e-05,1.57598518423694e-07,0,0.0750033060709470,0.0100114610460000,0.000220196647704271,4
20.1772223578559,21.3222249348958,20.8247227138943,0.0745728878387548,0,0.115904317945521,0.000233303083858412,7.68510679068681e-05,0,0.502510070800796,0.0225003560383854,0.00287609893412842,4
18.8922034369575,21.3222249348958,20.5972215864394,0.244195684641264,0,0.428940399655062,0.00123363140938844,0.00261204912646468,0,0.945008595784497,0.0525061289469022,0.0192365129718622,4
19.6722327338325,21.0222074720595,20.1272201538086,0.0835365201672327,0,0.0276318391429996,0.000399560667574406,1.33775276546539e-05,0,0.247491200764951,0.0299898783365755,0.00220632158231290,4
20.4122246636285,21.7522197299534,21.0522079467773,0.0403706838647023,0,0.0442301603755227,0.000899901330699209,2.47500963057706e-05,0,0.314989089965849,0.0449975331623982,0.00203097497195536,4
20.5372238159180,21.6322241889106,20.8372190263536,0.0884531901578026,0,0.0380970520595489,0.000450014241648184,4.77832337226528e-05,0,0.292488733927424,0.0300089518228859,0.00441000423683957,4
20.2072207132975,22.1572176615398,21.5022193060981,0.193966164708660,0,0.320230432165158,0.00160002247133426,0.00129191970011178,0,0.757484436035174,0.0599892934163258,0.0143134076390879,4
20.5020523071500,22.3322359721000,20.9270954131750,0.358697491888248,0,0.431645376772051,0.000200034589495423,0.00206708079820179,0,1.06510798140000,0.0200017294000006,0.0188383220337002,4
20.6722344292535,21.5822050306532,21.2822172376845,0.0355380671496830,0,0.0134308669568075,0.000100186924160781,2.15785704120619e-06,0,0.172484715779621,0.0150140126546248,0.000689878762194274,4
20.3903706868490,21.2518077426487,20.8935462103950,0.0367987818863511,0,0.00483119022986934,0.000171254211371024,5.46167998130672e-07,0,0.104255676269474,0.0190083185831629,0.000386763832118883,4
20.3872129652236,21.0622151692708,20.5572202470567,0.00940432568994994,0,0.00723188574360304,5.00722510171967e-05,3.49618532404713e-07,0,0.127487182617148,0.0100072224934991,0.000213488970637389,4
19.8709932963054,20.4984029134115,20.1826392279731,0.00718595252171465,2.41957928258911e-06,0.0421871100310416,0.00234348479300433,5.50220897113360e-05,0.00219980875650094,0.306266148885072,0.0684923595852247,0.00445207385963400,4
21.0635884602865,21.9089889526367,21.3774787055122,0.0259740174892320,0,0.0325775842054110,0.000196741893887520,8.15475844334977e-06,0,0.237693786621151,0.0198221206665004,0.000893127623020503,4
19.8972087436253,21.8422147962782,20.7897175682916,0.178484659330807,0,0.0487008348343139,0.000846165108789928,5.05963082355392e-05,0,0.330003102620474,0.0425026151868995,0.00386810875752427,4
20.4722213745117,23.2322311401367,20.8197254604763,0.444392620193288,0,0.0562312041453310,0.00123356076373115,7.49221759255608e-05,0,0.344994862874326,0.0499894883897500,0.00456795677627787,4
19.9922095404731,21.2822172376845,20.2022298177083,0.120550542799003,0,0.382631700538671,0.00323248675491750,0.000715672286206661,0,0.862496693929053,0.0825119018554510,0.00637208168175830,4
21.0022184583876,22.5622177124023,21.7197248670790,0.0510700541916568,0,0.178885194233161,0.00124947447473199,0.000737853537455759,0,0.615005493164098,0.0499894883898016,0.0111571900200740,4
18.5651482476128,21.0947799682617,19.2479451497396,0.118128133169505,2.47584668812538e-06,1.35952251202910,0.000721601486195699,0.0161822964250079,0.00222524007159919,1.74504280090335,0.0382343928019129,0.0482081053492410,4
21.2901518079970,22.0470788743760,21.5978601243760,0.0383913172312462,0,0.00630438408274246,9.84678219784425e-05,4.25268022173517e-07,0,0.123002794053853,0.0142966376410492,0.000316997981370992,4
19.0636189778646,21.8234761555990,20.2763281928168,0.599597934757790,0,0.251040125938589,0.00331588462096893,0.00111853031244639,0,0.696535110473626,0.0836801528930629,0.0150976415142772,4
19.0793991088867,21.4347754584418,19.9487007988824,0.189248550741047,0,0.387558905718470,0.00153107150867865,0.00159901391531579,0,0.909941991170250,0.0564543406168490,0.0130609673095564,4
19.1622246636285,22.1722327338325,21.1722310384115,0.439654765826571,0,1.05126892946068,0.00363409599081300,0.0106491206462459,0,1.45001305474170,0.0899950663248763,0.0335290112995459,4
19.8822233412001,22.3922051323785,20.9322102864583,0.348156509728759,0,0.219103091303184,0.00280044191883971,0.000634692647204080,0,0.690008799234970,0.0750048955281741,0.0127028646824337,4
19.7722074720595,21.5822050306532,20.3497219085693,0.139261924700781,0,0.0550319008297214,0.000749875596236843,4.77742634810670e-05,0,0.344994862874323,0.0399854448106751,0.00361148766048389,4
20.1922225952148,21.8422147962782,20.4647286732991,0.0991944694888539,0,0.0510289627733332,0.000433436562087491,3.67325786923518e-05,0,0.337486267089826,0.0300057729084742,0.00305087573626128,4
19.6822102864583,20.2822197808160,19.9072180853950,0.00796694493717965,0,0.0212361152933458,0.000291530014082149,3.08394964417946e-06,0,0.202515920003250,0.0249947441948741,0.000531452244079399,4
20.2822197808160,20.8922025892470,20.6122334798177,0.0123654443432859,0,0.0914275755603708,5.01146761377703e-05,3.73849796636955e-05,0,0.324997372097450,0.0100114610459983,0.000680661123283824,4
19.9522166781956,21.3322067260742,20.4122236039904,0.0589883757411189,0,0.192630010803857,0.000633782061122121,0.000223422945266446,0,0.577491124471049,0.0374921162923485,0.00356564636513533,4
19.9122238159180,21.4222335815430,21.0022184583876,0.101708920316807,0,0.286287161740301,0.00123356076373286,0.00100099265140026,0,0.802481969197572,0.0524934132894011,0.0155112530021401,4
18.5022205776639,20.4472266303168,19.4472122192383,0.156822963461709,0,0.0721300403175992,0.000866957890575316,8.30849761843120e-05,0,0.419998168945302,0.0400076972114007,0.00500001814434292,4
20.2272097269694,20.9272215101454,20.5922169155545,0.0251003571601012,0,0.0102320654603322,0.000233303083856701,1.90682753059178e-06,0,0.134995778401727,0.0224987665812009,0.000611407012334468,4
18.0822075737847,20.4822285970052,19.1222212049696,0.276516802965707,4.97757782002901e-05,0.283303978492893,0.00223287197626253,0.00148219330063443,0.00997755262579858,0.780007044474299,0.0674978892008618,0.0188630726437003,4
21.1222161187066,22.3572307162815,21.8172147538927,0.0954308947349986,0,0.00845063477754593,0.000433189365169335,1.68602971454443e-06,0,0.130004882812500,0.0300004747178999,0.000692154414052380,4
20.1472240024143,21.5022193060981,20.5222066243490,0.0820982344131484,0,0.154295063992244,0.000633089683391488,0.000180799375009581,0,0.577491124471052,0.0374921162922739,0.00392715110738394,4
20.1322258843316,21.6922208997938,20.6547228495280,0.146481335922429,0,0.0734355066636645,0.000933367618740019,6.12612361316358e-05,0,0.405006408691424,0.0449975331624000,0.00378819019828543,4
20.6822119818793,22.3722161187066,20.9822230868869,0.179486426249024,0,0.127896813986229,0.000750405267238745,0.000374394100978480,0,0.532493591308647,0.0387610329522268,0.0101288074790199,4
21.7422103881836,22.9122246636285,21.9822311401367,0.0431643082279721,0,0.0954890609555904,0.00190064654464711,0.000110559197334020,0,0.494995117187500,0.0600147247314027,0.00443023462957124,4
21.1222161187066,21.9522306654188,21.4422225952148,0.0275263286156596,0,0.111438461260578,0.000633089683391494,7.04110961983847e-05,0,0.457512537638401,0.0374921162923485,0.00193187330852871,4
19.9922095404731,21.6422017415365,20.2722083197700,0.174467230232844,0,0.0576028402776334,0.000983206715739300,3.80479374048688e-05,0,0.360008875528948,0.0449975331624746,0.00245187910286296,4
18.6272197299534,19.9522315131293,19.4372177124023,0.0574938635736776,0,0.0186018603170657,0.000491349111806419,6.64712110399785e-06,0,0.190003712972050,0.0349881913926993,0.00124830972960330,4
18.3422173394097,22.5522062513563,21.0147158304851,0.627655128382388,0,2.58664592740396,0.00251612710213599,0.0623369321785358,0,2.11500803629552,0.0749921798706001,0.0651025475546394,4
19.7222222222222,21.0522079467773,20.1747279696995,0.0945736269618100,0,0.144300285858325,0.000933254652760858,0.000169080448487400,0,0.539999008178771,0.0449975331624017,0.00452547908134137,4
20.9472274780274,22.7822197808160,21.4422225952148,0.222950748096622,0,0.0996346545270389,0.00124947447473457,6.94400091994765e-05,0,0.450003941853897,0.0500191582573990,0.00290304658809395,4
20.8822250366211,21.4222187466092,21.1672274271648,0.0124252441734216,0,0.00289165461699349,5.01146761377703e-05,1.67663403258124e-07,0,0.0850041707356510,0.0100114610459983,0.000257064827236185,4
20.5872111850315,21.1822128295898,20.8147197299533,0.0173276201124802,0,0.00373318788036043,9.98902207898323e-05,1.84551767033751e-07,0,0.0899950663248745,0.0149917602538494,0.000203494192265040,4
20.3522237141927,20.9722222222222,20.7922278510200,0.0133070264393687,0,0.00423366983479576,5.01146761378059e-05,4.11958021311075e-07,0,0.100006527370851,0.0100114610460018,0.000360275934465669,4
20.1922225952148,21.9872199164497,20.9122212727865,0.270205056051062,0,0.0786924710937552,0.000450904791913098,6.25727914347633e-05,0,0.425003899468297,0.0300301445854991,0.00270697816338034,4
20.5422295464410,21.9822311401367,21.5172195434571,0.0573244291371836,0,0.0170344564442837,0.000233797771126023,6.17289383975034e-06,0,0.195007324218750,0.0225226084391217,0.00132289087337960,4
19.5622168646918,21.1922200520833,20.0822067260742,0.105041132941951,0,0.178901818893538,0.00125074609654379,0.000411397321890934,0,0.615005493164102,0.0500170389810997,0.00752199794030903,4
20.7122124565972,21.4572207132975,21.2197176615397,0.0328136682798934,0,0.00600137683388583,9.98902207898323e-05,6.26331022506211e-07,0,0.120010375976548,0.0149917602539240,0.000428138505815678,4
19.0222231547038,21.6222127278646,19.8172208997938,0.202513883726779,0,0.441649759192124,0.00223336637009374,0.00244602769441894,0,0.960019429524749,0.0674978892008262,0.0220186475081636,4
20.8722305297852,22.0522054036458,21.4272223578559,0.0376290775256766,0,0.0124318101273366,0.000233324327858169,2.37442575269229e-06,0,0.157515207926473,0.0225003560383517,0.000667561360660626,4
20.2533170912001,20.9313880072700,20.6288358900282,0.0232734653574979,9.65967810319921e-06,0.0150701133191711,0.000647162166909221,2.71566433304847e-06,0.00439537896049913,0.183426539103149,0.0363222757974739,0.000683798176361093,4
20.1367823282878,21.0668139987522,20.8072577582465,0.0298075584163770,1.77538875152271e-06,0.216284307166505,0.000147425331313836,0.000833521007513193,0.00172085232199848,0.278121100531703,0.0158161587185504,0.000964919431814225,4
20.5349519517687,21.5776528252496,21.1739243401422,0.0550654618889244,2.53526700855741e-07,0.0564694174885489,0.000358058611331997,5.04624403405236e-05,0.000712076822900087,0.340073903401649,0.0275150934855368,0.00209875771424622,4
20.9174643622504,23.4092966715495,22.0239173041450,0.215784421249268,2.80983709606626e-07,0.326639890962747,0.000572168796922887,0.000675108498218562,0.000762939453075262,0.844418207804324,0.0345691045124994,0.00875701320546282,4
20.9857643975151,22.3116980658637,21.5714083777534,0.106954830989905,6.07228067538848e-07,0.0270307416955309,0.000455522039009711,1.01176098446853e-05,0.00110202365450007,0.243310928344727,0.0314903259277273,0.00161048704657380,4
20.3022087944878,22.1972274780273,20.7647228240967,0.402368631745714,0,0.384428917707960,0.000233246558950030,0.00241900362633225,0,0.929994583129879,0.0224971771240465,0.0218894782824287,4
20.5117628309462,21.0695648193359,20.8817058139378,0.00910066045391880,1.22972666340016e-06,0.0100375085574776,0.00162641925331546,2.34127595789006e-06,0.00156826443140190,0.141686333550400,0.0570901234944738,0.000613112716763996,4
19.6928024291992,23.5133277045356,21.8910132514106,0.442817100641157,2.41026426034232e-06,0.754136520096784,0.00240432144379280,0.00526345601382120,0.00219557020399819,1.20549519856770,0.0717083613077971,0.0249783681635562,4
20.8322058783637,23.1622229682075,21.5522087944878,0.282929973457112,0,0.304199709065841,0.0185855156942042,0.00484852009829873,0,0.787490208943726,0.195007324218750,0.0471258622235993,4
20.6464470757378,23.4569040934245,21.3268068101671,0.332796306436563,2.41026426034232e-06,0.477434010617424,0.00109190890269147,0.00414375895767717,0.00219557020399819,1.03514035542811,0.0493685404459523,0.0293498883399965,4
21.1422051323785,24.2622290717231,22.8497155507405,0.282513507225638,0,0.525720038185577,0.0162820803042733,0.0122657063050134,0,0.989983876546202,0.187498728434248,0.0784373254442228,4
21.2503899468316,23.2072215610080,21.8319543202718,0.199941118522981,0,0.117372870893796,0.000540278743296224,9.94105478365946e-05,0,0.666139390733498,0.0308524237739007,0.00547994744635688,4
21.5291976928711,23.3522245619032,22.4130853017171,0.163494008035271,0,0.422950071611376,0.000516597251383630,0.00135372192395143,0,0.930016835530651,0.0330066680907759,0.0127360271052538,4
22.8622351752387,25.8788681030273,23.7048551771376,0.294325130770365,0,0.836979557941912,0.00150343399028099,0.00393346110371802,0,1.23582522074385,0.0550079345702486,0.0198354516813213,4
24.1364373101128,28.0844921535916,25.0127474466960,1.31973592735123,0,8.01086455317178,0.00120790636597006,0.286840661264018,0,4.00271521674270,0.0491836335924010,0.0782648467035855,4
20.1120122273763,22.0672077602810,20.5920600891113,0.410820979463658,0,0.391112856125903,0.000200119375447873,0.00181757824854174,0,0.937595367431626,0.0200059678820033,0.0173678510489063,4
21.1925591362847,22.9401779174805,21.9707637363010,0.158805337166318,0.000612272270387708,1.04940752933568,0.262026438878489,0.0510277407594840,0.0329367319742246,1.44872877332900,0.752059618631998,0.111708756891596,4
20.7422086927626,23.1622229682075,21.5522087944878,0.282959467441082,0,0.312441021905607,0.0177404291810041,0.00513619415922873,0,0.817499160766577,0.192491743299685,0.0493807305167231,4
20.6464470757378,23.4569040934245,21.3257090250651,0.332650068079640,2.41026426034232e-06,0.465335132614740,0.00105269501235272,0.00391706578516038,0.00219557020399819,1.01380983988440,0.0477218627929510,0.0291157143403029,4
20.9822294447157,24.2622290717231,22.7822197808160,0.283073499536604,0,0.525720038185577,0.0161662340970710,0.0123598195087443,0,0.989983876546202,0.183757146199538,0.0795554412806449,4
1,1,1,0,0,0,0,0,0,0,0,0,5
1,1,1,0,0,0,0,0,0,0,0,0,5
1,1,1,0,0,0,0,0,0,0,0,0,5
1,1,1,0,0,0,0,0,0,0,0,0,5
1,1,1,0,0,0,0,0,0,0,0,0,5
2,2,2,0,0,0,0,0,0,0,0,0,5
1,1,1,0,0,0,0,0,0,0,0,0,5
1,1,1,0,0,0,0,0,0,0,0,0,5
3,3,3,0,0,0,0,0,0,0,0,0,5
3,3,3,0,0,0,0,0,0,0,0,0,5
3,3,3,0,0,0,0,0,0,0,0,0,5
3,3,3,0,0,0,0,0,0,0,0,0,5
3,3,3,0,0,0,0,0,0,0,0,0,5
4,4,4,0,0,0,0,0,0,0,0,0,5
4,4,4,0,0,0,0,0,0,0,0,0,5
4,4,4,0,0,0,0,0,0,0,0,0,5
4,4,4,0,0,0,0,0,0,0,0,0,5
2,4,2,0.726277226137089,0,2,0,0.154948750800768,0,2,0,0.154948750800768,5
2,2,2,0,0,0,0,0,0,0,0,0,5
2,2,2,0,0,0,0,0,0,0,0,0,5
2,2,2,0,0,0,0,0,0,0,0,0,5
2,2,2,0,0,0,0,0,0,0,0,0,5
4,4,4,0,0,0,0,0,0,0,0,0,5
1,1,1,0,0,0,0,0,0,0,0,0,5
1,1,1,0,0,0,0,0,0,0,0,0,5
1,1,1,0,0,0,0,0,0,0,0,0,5
1,1,1,0,0,0,0,0,0,0,0,0,5
1,1,1,0,0,0,0,0,0,0,0,0,5
1,1,1,0,0,0,0,0,0,0,0,0,5
1,1,1,0,0,0,0,0,0,0,0,0,5
1,1,1,0,0,0,0,0,0,0,0,0,5
1,2,1,0.193260530108904,0,0.500000000000000,0,0.0137281790518898,0,1,0,0.0549127162075591,5
1,1,1,0,0,0,0,0,0,0,0,0,5
1,1,1,0,0,0,0,0,0,0,0,0,5
1,1,1,0,0,0,0,0,0,0,0,0,5
1,2,1,0.229014854260090,0,0.500000000000000,0,0.00968429692504802,0,1,0,0.0387371877001921,5
1,1,1,0,0,0,0,0,0,0,0,0,5
1,2,1,0.229014854260090,0,0.500000000000000,0,0.00968429692504802,0,1,0,0.0387371877001921,5
1,1,1,0,0,0,0,0,0,0,0,0,5
1,1,1,0,0,0,0,0,0,0,0,0,5
1,1,1,0,0,0,0,0,0,0,0,0,5
1,2,1,0.193260530108904,0,0.500000000000000,0,0.0137281790518898,0,1,0,0.0549127162075591,5
1,2,1,0.199146180333120,0,0.500000000000000,0,0.0117262572069186,0,1,0,0.0469050288276744,5
3,3,3,0,0,0,0,0,0,0,0,0,5
3,3,3,0,0,0,0,0,0,0,0,0,5
3,3,3,0,0,0,0,0,0,0,0,0,5
3,3,3,0,0,0,0,0,0,0,0,0,5
3,3,3,0,0,0,0,0,0,0,0,0,5
3,3,3,0,0,0,0,0,0,0,0,0,5
3,3,3,0,0,0,0,0,0,0,0,0,5
3,3,3,0,0,0,0,0,0,0,0,0,5
2,2,2,0,0,0,0,0,0,0,0,0,5
2,2,2,0,0,0,0,0,0,0,0,0,5
2,2,2,0,0,0,0,0,0,0,0,0,5
2,2,2,0,0,0,0,0,0,0,0,0,5
2,2,2,0,0,0,0,0,0,0,0,0,5
2,2,2,0,0,0,0,0,0,0,0,0,5
2,2,2,0,0,0,0,0,0,0,0,0,5
2,2,2,0,0,0,0,0,0,0,0,0,5
57.5000000000000,65,65,2.35923777594396,0,28.1250000000000,0,10.5819575599029,0,7.50000000000000,0,0.856592011078966,6
54.5000000000000,83.8261947631836,62,55.0659305970547,0,264.500000000000,0,2760.42419904691,0,23,0,22.7132607002571,6
69.5000000000000,74,71.5000000000000,2.02637575004844,0,10.1250000000000,0,1.62961511748626,0,4.50000000000000,0,0.461036014903258,6
55,55,55,0,0,0,0,0,0,0,0,0,6
33,33,33,0,0,0,0,0,0,0,0,0,6
66.5000000000000,71,68.5000000000000,2.02715058234531,0,10.1250000000000,0,1.62983797459364,0,4.50000000000000,0,0.463508332336631,6
3,3,3,0,0,0,0,0,0,0,0,0,6
3.33333333333333,3.33333333333333,3.33333333333333,9.58802061664139e-29,0,0,0,0,0,0,0,0,6
65,65,65,0,0,0,0,0,0,0,0,0,6
30,30,30,0,0,0,0,0,0,0,0,0,6
1.37999998198615,1.37999998198615,1.37999998198615,9.70688037635182e-30,0,0,0,0,0,0,0,0,6
4.15999968846639,4.15999968846639,4.15999968846639,1.78289639565646e-28,0,0,0,0,0,0,0,0,6
23.6506271362305,23.6791610717773,23.6506271362305,8.33875100970560e-05,0,0.000407092738894480,0,1.59248396598920e-08,0,0.0285339355468004,0,7.82369133045122e-05,6
105,105,105,0,0,0,0,0,0,0,0,0,6
105,105,105,0,0,0,0,0,0,0,0,0,6
105,105,105,0,0,0,0,0,0,0,0,0,6
400,400,400,0,0,0,0,0,0,0,0,0,6
1300,1300,1300,0,0,0,0,0,0,0,0,0,6
300,300,300,0,0,0,0,0,0,0,0,0,6
60,60,60,0,0,0,0,0,0,0,0,0,6
36,36,36,0,628.916666666667,628.916666666667,628.916666666667,1.29826553539713e-24,31.5000000000000,31.5000000000000,31.5000000000000,0,6
68,71.5000000000000,71.2500000000000,0.610850278226730,0,4.50000000000000,0,0.253800850367016,0,3,0,0.183238746097116,6
74.5000000000000,74.5000000000000,74.5000000000000,0,0,0,0,0,0,0,0,0,6
69.5000000000000,69.5000000000000,69.5000000000000,0,0,0,0,0,0,0,0,0,6
60,60,60,0,0,0,0,0,0,0,0,0,6
8.32999971177843,8.32999971177843,8.32999971177843,1.82568590915221e-27,0,0,0,0,0,0,0,0,6
8.32999971177843,8.32999971177843,8.32999971177843,1.82568590915221e-27,0,0,0,0,0,0,0,0,6
8.32999971177843,8.32999971177843,8.32999971177843,1.82568590915221e-27,0,0,0,0,0,0,0,0,6
8.32999971177843,8.32999971177843,8.32999971177843,1.82568590915221e-27,0,0,0,0,0,0,0,0,6
8.32999971177843,8.32999971177843,8.32999971177843,1.82568590915221e-27,0,0,0,0,0,0,0,0,6
0,0.500000000000000,0,0.00111607142857143,0,0.500000000000000,0,0.00111607142857143,0,1,0,0.00446428571428571,6
0,0.500000000000000,0,0.00111607142857143,0,0.500000000000000,0,0.00111607142857143,0,1,0,0.00446428571428571,6
0,0.500000000000000,0,0.00111607142857143,0,0.500000000000000,0,0.00111607142857143,0,1,0,0.00446428571428571,6
0,0.500000000000000,0,0.00111607142857143,0,0.500000000000000,0,0.00111607142857143,0,1,0,0.00446428571428571,6
1,1,1,0,0,0,0,0,0,0,0,0,6
1,1,1,0,0,0,0,0,0,0,0,0,6
1,1,1,0,0,0,0,0,0,0,0,0,6
1,1,1,0,0,0,0,0,0,0,0,0,6
1,1,1,0,0,0,0,0,0,0,0,0,6
1,1,1,0,0,0,0,0,0,0,0,0,6
1,1,1,0,0,0,0,0,0,0,0,0,6
1,1,1,0,0,0,0,0,0,0,0,0,6
1,1,1,0,0,0,0,0,0,0,0,0,6
1,1,1,0,0,0,0,0,0,0,0,0,6
0,0.500000000000000,0,0.00111607142857143,0,0.500000000000000,0,0.00111607142857143,0,1,0,0.00446428571428571,6
0,0.500000000000000,0,0.00111607142857143,0,0.500000000000000,0,0.00111607142857143,0,1,0,0.00446428571428571,6
0,0.500000000000000,0,0.00111607142857143,0,0.500000000000000,0,0.00111607142857143,0,1,0,0.00446428571428571,6
49.1396064758301,100,100,11.5481233456849,0,872.853760917074,0,3401.22182119233,0,38.6083345413208,0,6.65447989310065,6
33.0688896179199,37.3094444274903,34.0299987792969,0.326087808573358,0,8.52812356574595,0,0.406061308430367,0,4.12992095947270,0,0.183083975919666,6
86.2811126708984,100,100,2.65347716549030,0,366.805820213629,0,765.614262305243,0,27.0852661132812,0,5.19970352239782,6
29.8638887405396,72.7111129760743,30.8208332061768,35.2581434362816,0,202.340179816355,0.0936039301932308,632.464270156576,0,20.1166687011719,0.429444313049300,10.4941392555982,6
86.6355590820313,100,100,13.5181926201543,0,75.2229255546697,0,48.3471308688760,0,12.1941661834717,0,1.53887186912316,6
42.0016660690308,60.5911121368408,58.9202766418457,3.02668908052996,0,550.235048375109,0.173469765131213,3437.62110694390,0,33.1733341217041,0.542498588562040,13.7724587668005,6
49.5922241210938,51.0405559539795,50.4388885498047,0.0763950826265037,0,4.19533019630010,0,0.136055036092976,0,2.89666366577140,0,0.0837350060215154,6
57.9277763366699,59.1333351135254,58.5333328247070,0.0523167655588136,0,1.04803434608757,0,0.0136637997939773,0,1.44778060913080,0,0.0469768863448033,6
5.55555555555556,5.55555555555556,5.55555555555556,5.07134974764503e-29,0,0,0,0,0,0,0,0,6
5.55555555555556,5.55555555555556,5.55555555555556,5.07134974764503e-29,0,0,0,0,0,0,0,0,6
5.55555555555556,5.55555555555556,5.55555555555556,5.07134974764503e-29,0,0,0,0,0,0,0,0,6
5.55555555555556,5.55555555555556,5.55555555555556,5.07134974764503e-29,0,0,0,0,0,0,0,0,6
5.55555555555556,5.55555555555556,5.55555555555556,5.07134974764503e-29,0,0,0,0,0,0,0,0,6
6973.33860207806,6973.33860207806,6973.33860207806,2.12707825319466e-22,0,0,0,0,0,0,0,0,6
6973.33860207806,6973.33860207806,6973.33860207806,2.12707825319466e-22,0,0,0,0,0,0,0,0,6
6973.33860207806,6973.33860207806,6973.33860207806,2.12707825319466e-22,0,0,0,0,0,0,0,0,6
6973.33860207806,6973.33860207806,6973.33860207806,2.12707825319466e-22,0,0,0,0,0,0,0,0,6
6973.33860207806,6973.33860207806,6973.33860207806,2.12707825319466e-22,0,0,0,0,0,0,0,0,6
12.7777777777778,12.7777777777778,12.7777777777778,6.21240344086517e-28,0,0,0,0,0,0,0,0,6
12.7777777777778,12.7777777777778,12.7777777777778,6.21240344086517e-28,0,0,0,0,0,0,0,0,6
12.7777777777778,12.7777777777778,12.7777777777778,6.21240344086517e-28,0,0,0,0,0,0,0,0,6
12.7777777777778,12.7777777777778,12.7777777777778,6.21240344086517e-28,0,0,0,0,0,0,0,0,6
12.7777777777778,12.7777777777778,12.7777777777778,6.21240344086517e-28,0,0,0,0,0,0,0,0,6
18.3333333333333,18.3333333333333,18.3333333333333,6.13633319465049e-27,0,0,0,0,0,0,0,0,6
18.3333333333333,18.3333333333333,18.3333333333333,6.13633319465049e-27,0,0,0,0,0,0,0,0,6
18.3333333333333,18.3333333333333,18.3333333333333,6.13633319465049e-27,0,0,0,0,0,0,0,0,6
18.3333333333333,18.3333333333333,18.3333333333333,6.13633319465049e-27,0,0,0,0,0,0,0,0,6
18.3333333333333,18.3333333333333,18.3333333333333,6.13633319465049e-27,0,0,0,0,0,0,0,0,6
65084.4936193952,65084.4936193952,65084.4936193952,3.32355977061665e-20,0,0,0,0,0,0,0,0,6
65084.4936193952,65084.4936193952,65084.4936193952,3.32355977061665e-20,0,0,0,0,0,0,0,0,6
65084.4936193952,65084.4936193952,65084.4936193952,3.32355977061665e-20,0,0,0,0,0,0,0,0,6
65084.4936193952,65084.4936193952,65084.4936193952,3.32355977061665e-20,0,0,0,0,0,0,0,0,6
65084.4936193952,65084.4936193952,65084.4936193952,3.32355977061665e-20,0,0,0,0,0,0,0,0,6
8.33333333333333,8.33333333333333,8.33333333333333,5.35661317095007e-28,0,0,0,0,0,0,0,0,6
8.33333333333333,8.33333333333333,8.33333333333333,5.35661317095007e-28,0,0,0,0,0,0,0,0,6
8.33333333333333,8.33333333333333,8.33333333333333,5.35661317095007e-28,0,0,0,0,0,0,0,0,6
8.33333333333333,8.33333333333333,8.33333333333333,5.35661317095007e-28,0,0,0,0,0,0,0,0,6
8.33333333333333,8.33333333333333,8.33333333333333,5.35661317095007e-28,0,0,0,0,0,0,0,0,6
9297.78480277074,9297.78480277074,9297.78480277074,4.78592606968798e-22,0,0,0,0,0,0,0,0,6
9297.78480277074,9297.78480277074,9297.78480277074,4.78592606968798e-22,0,0,0,0,0,0,0,0,6
9297.78480277074,9297.78480277074,9297.78480277074,4.78592606968798e-22,0,0,0,0,0,0,0,0,6
9297.78480277074,9297.78480277074,9297.78480277074,4.78592606968798e-22,0,0,0,0,0,0,0,0,6
9297.78480277074,9297.78480277074,9297.78480277074,4.78592606968798e-22,0,0,0,0,0,0,0,0,6
11.6666666666667,11.6666666666667,11.6666666666667,2.56737080974530e-28,0,0,0,0,0,0,0,0,6
11.6666666666667,11.6666666666667,11.6666666666667,2.56737080974530e-28,0,0,0,0,0,0,0,0,6
11.6666666666667,11.6666666666667,11.6666666666667,2.56737080974530e-28,0,0,0,0,0,0,0,0,6
11.6666666666667,11.6666666666667,11.6666666666667,2.56737080974530e-28,0,0,0,0,0,0,0,0,6
11.6666666666667,11.6666666666667,11.6666666666667,2.56737080974530e-28,0,0,0,0,0,0,0,0,6
15.5555555555556,15.5555555555556,15.5555555555556,2.31063372877077e-27,0,0,0,0,0,0,0,0,6
15.5555555555556,15.5555555555556,15.5555555555556,2.31063372877077e-27,0,0,0,0,0,0,0,0,6
15.5555555555556,15.5555555555556,15.5555555555556,2.31063372877077e-27,0,0,0,0,0,0,0,0,6
15.5555555555556,15.5555555555556,15.5555555555556,2.31063372877077e-27,0,0,0,0,0,0,0,0,6
15.5555555555556,15.5555555555556,15.5555555555556,2.31063372877077e-27,0,0,0,0,0,0,0,0,6
60435.6012180098,60435.6012180098,60435.6012180098,8.50831301277862e-20,0,0,0,0,0,0,0,0,6
60435.6012180098,60435.6012180098,60435.6012180098,8.50831301277862e-20,0,0,0,0,0,0,0,0,6
60435.6012180098,60435.6012180098,60435.6012180098,8.50831301277862e-20,0,0,0,0,0,0,0,0,6
60435.6012180098,60435.6012180098,60435.6012180098,8.50831301277862e-20,0,0,0,0,0,0,0,0,6
60435.6012180098,60435.6012180098,60435.6012180098,8.50831301277862e-20,0,0,0,0,0,0,0,0,6
0.555555555555556,0.555555555555556,0.555555555555556,7.92398398069537e-31,0,0,0,0,0,0,0,0,6
0.555555555555556,0.555555555555556,0.555555555555556,7.92398398069537e-31,0,0,0,0,0,0,0,0,6
0.555555555555556,0.555555555555556,0.555555555555556,7.92398398069537e-31,0,0,0,0,0,0,0,0,6
0.555555555555556,0.555555555555556,0.555555555555556,7.92398398069537e-31,0,0,0,0,0,0,0,0,6
0.555555555555556,0.555555555555556,0.555555555555556,7.92398398069537e-31,0,0,0,0,0,0,0,0,6
1.38888888888889,1.38888888888889,1.38888888888889,3.16959359227815e-30,0,0,0,0,0,0,0,0,6
1.38888888888889,1.38888888888889,1.38888888888889,3.16959359227815e-30,0,0,0,0,0,0,0,0,6
1.38888888888889,1.38888888888889,1.38888888888889,3.16959359227815e-30,0,0,0,0,0,0,0,0,6
1.38888888888889,1.38888888888889,1.38888888888889,3.16959359227815e-30,0,0,0,0,0,0,0,0,6
4.16666666666667,4.16666666666667,4.16666666666667,2.29003137042096e-28,0,0,0,0,0,0,0,0,6
4.16666666666667,4.16666666666667,4.16666666666667,2.29003137042096e-28,0,0,0,0,0,0,0,0,6
4.16666666666667,4.16666666666667,4.16666666666667,2.29003137042096e-28,0,0,0,0,0,0,0,0,6
4.17000002331204,4.17000002331204,4.17000002331204,3.49447693548666e-28,0,0,0,0,0,0,0,0,6
4.16666666666667,4.16666666666667,4.16666666666667,2.29003137042096e-28,0,0,0,0,0,0,0,0,6
2.22222222222222,2.22222222222222,2.22222222222222,3.34788323184379e-29,0,0,0,0,0,0,0,0,6
2.22222222222222,2.22222222222222,2.22222222222222,3.34788323184379e-29,0,0,0,0,0,0,0,0,6
2.22222222222222,2.22222222222222,2.22222222222222,3.34788323184379e-29,0,0,0,0,0,0,0,0,6
2.22222222222222,2.22222222222222,2.22222222222222,3.34788323184379e-29,0,0,0,0,0,0,0,0,6
2.22222222222222,2.22222222222222,2.22222222222222,3.34788323184379e-29,0,0,0,0,0,0,0,0,6
40,40,40,0,0,0,0,0,0,0,0,0,6
40,40,40,0,0,0,0,0,0,0,0,0,6
40,40,40,0,0,0,0,0,0,0,0,0,6
40,40,40,0,0,0,0,0,0,0,0,0,6
40,40,40,0,0,0,0,0,0,0,0,0,6
40,40,40,0,0,0,0,0,0,0,0,0,6
40,40,40,0,0,0,0,0,0,0,0,0,6
40,40,40,0,0,0,0,0,0,0,0,0,6
60,60,60,0,0,0,0,0,0,0,0,0,6
60,60,60,0,0,0,0,0,0,0,0,0,6
60,60,60,0,0,0,0,0,0,0,0,0,6
60,60,60,0,0,0,0,0,0,0,0,0,6
60,60,60,0,0,0,0,0,0,0,0,0,6
60,60,60,0,0,0,0,0,0,0,0,0,6
60,60,60,0,0,0,0,0,0,0,0,0,6
60,60,60,0,0,0,0,0,0,0,0,0,6
15.75222015,21.04222616,18.48722034,2.198640734,0,1.661654207,0.000933099,0.038503018,0,1.837511063,0.044997533,0.086171423,11
14.02220832,16.60222583,15.67722215,0.197651488,0,1.394475256,0.002062592,0.023385942,0,1.670015123,0.0674963,0.067232259,10
43.26222738,61.14220513,48.44722536,14.44893165,0.000450014,9.198263814,0.126919923,1.455908582,0.030000475,5.190001594,0.513758659,0.563811231,9
55.72221968,77.02220493,56.93221198,55.363362,0,18.68525589,0.032916517,1.84160216,0,5.789998372,0.254996618,0.296206164,8
15.79721769,21.03722254,18.5122278,2.20118565,0,2.395877886,0.000933212,0.050199261,0,2.152496974,0.044997533,0.094234063,11
13.99220996,16.66222254,15.67223231,0.192514901,0,1.566428304,0.00209977,0.02990886,0,1.769987742,0.067497889,0.071862574,10
42.50221676,61.02220323,48.40721554,14.12797476,0.000233346,19.79682284,0.098711938,3.061638524,0.022497177,6.450004578,0.441249212,0.648268914,9
54.76222568,76.94221497,56.93471273,55.68050537,0,18.68040089,0.039034927,2.027259859,0,5.069991218,0.282500585,0.286480895,8
19.90665436,23.96166272,22.17916913,0.897373764,0,1.248221645,0.002448199,0.014814791,0,1.580013699,0.069974264,0.036011808,12
21.76721785,24.42223443,22.79221323,0.441050392,0,0.032935751,0.000233303,4.91E-06,0,0.27001063,0.022500356,0.000462579,12
22.09221734,24.14722443,23.14471351,0.408181241,0,0.001250958,0.00019978,5.43E-08,0,0.052506129,0.019989014,0.000113898,12
16.53665437,23.14231449,17.76427693,4.698792314,0,9.373301164,0.004217523,1.440807053,0,4.042901993,0.09751002,0.374857444,11
72.67507172,78.64266968,75.62736702,3.32007135,0,0.036457334,0.005833833,6.53E-05,0,0.279029846,0.108016968,0.004215016,10
20.60221142,22.25722419,21.26222187,0.113300881,0,0.006051746,0.000233416,1.37E-06,0,0.112517675,0.022500356,0.000634244,11
20.45221753,22.18221029,21.18221283,0.122425292,0,0.008099493,0.000432843,2.86E-06,0,0.134995778,0.029996236,0.000941081,10
20.34221649,21.82222578,20.85222456,0.121055513,0,0.05523349,0.000233402,2.70E-05,0,0.35250028,0.022500356,0.001711897,11
20.34221649,21.79222955,20.83220588,0.113822562,0,0.053030834,0.000233374,2.63E-05,0,0.344991684,0.022500356,0.00166358,10
13.70137109,16.43164529,14.60146162,0.288967723,0.000200035,5.585249694,0.070347517,0.467244773,0.020001729,3.135313988,0.39004008,0.314026543,10
17.99221039,21.14220513,19.95221456,1.041612216,0,0.342624472,0.000849511,0.001246891,0,0.877488454,0.044997533,0.015085816,11
21.44722621,22.20722198,21.88721339,0.036025267,0,0.005699545,5.01E-05,4.02E-07,0,0.112495422,0.010011461,0.000297694,10
5.250526004,7.4507459,6.480649312,0.314932669,0,1.022654101,0.002450424,0.018408509,0,1.462645531,0.070007642,0.042861643,10
13.78972054,16.27442042,15.41961988,0.120175773,1.36E-05,6.443977806,0.016395551,0.195648177,0.005221897,4.295034409,0.190605323,0.109699419,11
4.822722541,6.67570644,5.327080621,0.092940679,3.34E-08,0.936140008,0.000318768,0.006487182,0.000258552,1.368312836,0.02401193,0.019415588,10
17.40721809,19.66222127,17.94471635,0.211128422,0,0.00729838,0.000433698,1.35E-06,0,0.127487183,0.030005773,0.000666664,11
16.33220673,17.46221119,16.9497135,0.058475044,0,0.011232507,0.000433451,1.94E-06,0,0.157492956,0.030005773,0.000652779,10
13.47134908,16.18161943,15.2515263,0.117229469,0.000200035,6.472329943,0.024121399,0.232486264,0.020001729,3.345335325,0.217521985,0.106605577,11
4.985498852,7.21072091,5.470547146,0.093409285,0,1.04944432,0.002500538,0.005414236,0,1.447645823,0.075008074,0.013912424,10
11.76912944,30.05096012,16.2945811,21.0561399,0,65.56438229,0.371274507,97.34005465,0,11.85118569,0.870087941,4.3803931,12
20.50465902,23.83339776,21.73351924,0.212496655,0.331194538,11.60571839,0.823448348,1.923698258,0.684083303,6.848083072,1.65254169,0.631963396,11
12.01422797,23.22496626,21.5969393,2.719672829,0.002409581,37.16135903,0.687347651,45.10999656,0.050994025,11.21859868,1.492144797,4.335702133,10
16.26162741,19.08190833,16.66666826,0.49277844,0,0.304260874,0.006051163,0.002083876,0,0.78007804,0.112508933,0.022226113,11
14.13141463,16.5116522,14.57145903,0.298378016,0,4.411332347,0.063654534,0.345626865,0,2.970297072,0.367536545,0.297497818,10
9.734973907,10.17001682,10.00000212,0.002105908,0,0.166332745,0.002233833,0.000222312,0,0.547553698,0.067507426,0.003286342,12
9.757727517,10.21777259,10.01275169,0.004588895,0,0.105821222,0.0072015,0.00014113,0,0.460046132,0.120011965,0.005365731,12
5.000500149,6.480648253,5.493049092,0.085730541,0,0.54013285,0.000883528,0.001469829,0,1.205120087,0.045004951,0.009711507,10
4.820482466,11.5611585,5.600560506,3.335996022,0,11.54960504,0.00353405,2.243802305,0,4.540456136,0.086259047,0.390099973,10
13.00130208,16.82668474,15.9190925,0.170187617,0,1.918618329,0.001275263,0.030943665,0,1.927693685,0.052504539,0.038251104,11
12.72127363,13.11131159,12.93129391,0.00540444,0,0.077216064,0.004142549,0.000100109,0,0.375038783,0.093759961,0.003999747,12
12.68126912,13.13131332,12.88128747,0.004169061,0,0.051210211,0.002233833,3.91E-05,0,0.365036858,0.067507426,0.002660229,12
6.945194668,21.65666792,10.13051351,25.28910262,0,41.06844059,0.007251604,16.36731931,0,8.44584465,0.125011868,1.584914446,12
18.21379768,21.45442963,20.79707887,0.206903705,22.66491363,60.54018434,28.15735631,82.23522217,3.435090383,8.522178332,4.212052027,0.591005123,12
9.802207947,10.34722116,10.01223034,0.00255944,0,0.224437698,0.002233045,0.000278585,0,0.669981639,0.067497889,0.003658029,12
9.782218933,10.21721628,10.00720872,0.005143561,0,0.211245206,0.007199465,0.00029724,0,0.649992625,0.119995541,0.006028359,12
7.027213838,21.68221368,10.18472989,25.28852294,0,40.717857,0.008471701,15.95123157,0,8.385016123,0.134993129,1.531686389,12
16.66721238,24.47722541,21.94222344,4.245908542,0,2.242507096,0.005034395,0.068073314,0,1.904983521,0.104986827,0.078153754,12
14.18721729,27.39220089,18.44222175,7.287683658,0.000200459,166.2845725,0.188527774,130.807067,0.020022922,8.684997559,0.732501348,1.962436427,12
21.76222907,34.17223189,31.07220968,15.86896325,5.01E-05,29.32108532,0.274079509,18.46841486,0.010007222,7.147521973,0.768744151,1.519852498,12
21.4022149,35.97221798,29.59221522,13.63136586,5.01E-05,48.68897095,0.249315122,39.11753988,0.010007222,10.45497576,0.719995499,3.791928631,12
17.02170478,17.56175571,17.36173842,0.011194787,0,0.033097955,0.002233815,3.10E-05,0,0.255024168,0.067507426,0.003164515,10
21.32713318,30.89308845,22.80728234,4.745896521,0.000400069,2.177930624,0.036456304,0.075776632,0.030002594,1.995197932,0.270029704,0.095688978,13
18.24402703,23.27453189,21.41184489,0.871923229,0,1.671034882,0.00130014,0.01609657,0,1.732673645,0.052506129,0.036326689,12
9.310932159,28.82288615,15.03150516,22.33589456,0,56.56498347,0.245416462,82.9992862,0,12.88128853,0.73132515,3.979399123,12
6.612205505,30.2972179,10.04721853,71.56763507,0.000900792,113.9046619,0.286234612,107.079205,0.045019786,14.54999447,0.783748627,4.17961628,11
5.872215695,8.422232734,6.872214741,0.424335506,0,1.729905934,0.006566757,0.038250825,0,1.972503662,0.120002429,0.087786136,11
21.13460541,22.66048008,21.73274994,0.102769383,0,0.064571699,0.000596046,6.68E-05,0,0.366210938,0.036621094,0.003745177,13
12.31123183,20.47204759,18.80688243,0.831068391,0,35.61555829,0.000716734,12.18632053,0,8.048305511,0.038752026,0.949475103,10
15.69222132,30.37221273,20.96722285,9.17120082,0.006586574,185.1744231,6.69353017,1419.26428,0.092492633,24.79000727,4.555009206,35.15792064,9
23.72722626,67.1322208,42.76472304,86.84034595,0.636329123,117.2284326,57.40396243,1118.830174,0.749999152,19.69000498,13.70499929,30.30341514,8
24.33220757,29.77220747,27.7022171,1.163072899,0,0.268627358,0.005666198,0.000970647,0,0.764993032,0.112495422,0.016310184,9
23.92223358,30.36221822,27.17722151,1.805476703,0,0.126430049,0.00168419,0.000280257,0,0.532493591,0.060014725,0.008903284,8
5.840585497,15.591561,7.558256785,7.706429389,0,36.2173042,0.013973673,9.558740115,0,8.51085239,0.170016819,0.94105755,11
70.1098175,89.40774536,73.30063438,15.6409653,0,120.1181413,0.004023387,325.9797186,0,15.4995575,0.090003967,7.058500267,8
60.30263689,85.44167413,62.16273838,79.05483607,4.35E-09,119.1880942,0.044921692,64.37848922,9.32E-05,14.8166487,0.303316116,1.311568443,9
86.57224443,87.51734416,86.8258667,0.037246209,5.05E-05,0.133705051,0.013593626,0.000595628,0.010045369,0.525182088,0.168537564,0.011507505,8
31.18221283,58.12221103,46.35721419,19.74628573,0.000100187,49.57852999,0.071633182,16.52877399,0.015014013,9.36000824,0.397497813,1.391227645,9
20.4822286,31.45222982,27.48721864,6.768744395,0,2.357029901,0.02248578,0.096452674,0,2.294998169,0.221260389,0.15332345,9
18.95722071,25.75722377,21.25721614,1.135441355,0.000758341,4.527525436,0.824671329,1.093736774,0.039991803,3.940001594,1.399993896,0.906350373,9
47.83478631,65.3165351,50.06500774,28.47129538,0,13.7621895,0.051356453,1.741236652,0,5.310529073,0.330030123,0.42052659,9
52.37221188,77.28221469,57.3172209,62.71486329,0.000400069,22.16814375,0.05676819,3.669207999,0.029983521,6.127487818,0.337491565,0.487895513,8
26.93221198,49.5522054,38.70222304,26.60071951,5.01E-05,12.32136247,0.016617435,1.365681441,0.010007222,5.265013377,0.191253026,0.403560794,8
21.18221283,68.53722466,36.34471681,146.0746373,0.001629511,676.6876799,232.9769184,27822.1088,0.04248831,46.80999332,27.8249836,138.0952916,8
58.24583266,81.40814887,60.02850638,60.71244585,0,116.6319942,0.118860088,60.73039968,0,14.64897156,0.477548175,1.131318561,8
14.64223438,47.73223029,22.73223029,108.7140692,0,131.261477,0.019130221,182.7922348,0,17.18250275,0.202490489,6.254094917,9
26.23223199,70.25221931,43.69721095,115.3026746,0,199.2356142,0.078466984,304.1538255,0,19.6875,0.401244164,4.32740232,8
58.71587118,81.21812609,60.00600179,60.52787474,0.000800138,88.21741835,0.142211985,34.7602873,0.040003459,13.38134342,0.54380099,0.929253721,8
34.32343377,52.795283,49.31493441,30.22434742,0,0.947824672,0.006001207,0.010023576,0,1.290130615,0.112514496,0.034918394,14
38.74887678,63.78638373,60.74607849,91.5483721,0,1.369573559,0.008451737,0.012157425,0,1.672668457,0.132518344,0.0373144,15
29.25093842,39.81761932,30.14739227,11.96194567,0.000727596,19.06427642,0.11107962,1.627888034,0.038146973,4.787437439,0.486373901,0.160739835,16
48.06480832,65.33653683,49.94499736,27.85740568,0,11.52227713,0.040141101,1.476182602,0,5.545548333,0.29252847,0.445273591,14
47.9447937,81.62817213,59.74097782,130.0491702,0,95.34639501,0.051544118,42.81581192,0,11.39613681,0.330034892,0.938984265,15
31.04384613,35.62147522,32.0356636,1.243546011,0,1.852332474,0.095557577,0.041627373,0,1.735685349,0.457763672,0.09052149,16
20.78221639,58.31721836,22.25971116,16.66693057,0.000466324,378.983921,0.455068882,3696.718585,0.029983521,35.82998064,1.138761838,52.57360499,9
20.86223602,65.41222043,22.46971766,36.1236772,0.000429841,584.170151,0.744045189,8357.971051,0.034996668,41.91000197,1.404999627,80.61455491,8
17.10725996,23.15786786,18.43489541,3.311574009,0,3.435484729,0.006051279,0.234114603,0,2.415240606,0.112511317,0.212824182,8
14.04800627,27.63936361,18.5534562,7.492395505,0.00019995,56.19122104,0.218709821,25.08269015,0.019997491,10.60105854,0.667568843,1.521705656,8
5.302206675,34.90221235,11.11222055,115.7672783,4.98E-05,265.0800027,0.690294298,671.8031534,0.009977553,21.157492,1.218750477,9.310707974,8
2.702231937,8.162222968,6.197226842,1.900137037,0,24.88175238,0.028316421,17.69258022,0,7.260015806,0.247500738,2.292116743,8
60.5460612,86.39864604,63.16632589,82.36015859,0,134.9953334,0.057228052,87.43121971,0,17.89178636,0.330032772,1.897061551,8
86.65867276,87.54876031,86.88369327,0.029872665,0,0.192235867,0.016203565,0.000733272,0,0.620057848,0.180019802,0.012571468,8
19.42194197,21.04210324,20.00700209,0.143872494,0,0.031255934,0.001250322,8.49E-06,0,0.250023736,0.050006443,0.001438632,17
20.2050209,21.93519592,20.86508645,0.149501016,0,0.031256994,0.002500432,1.83E-05,0,0.250027974,0.075006485,0.002019625,17
19.83698527,25.08751127,23.04730521,1.566309941,0,0.948013485,0.011251628,0.00896681,0,1.295127869,0.150016149,0.030267724,17
18.02721235,23.77722846,21.76222907,1.205195086,0,1.944690352,0.005000865,0.020931946,0,1.830002467,0.100008647,0.040313043,17
18.04740482,23.79798041,21.74527698,1.171399514,0,2.026434273,0.005834483,0.022087895,0,1.867685318,0.112511317,0.03861891,17
17.43829515,30.11956533,19.09595701,9.587128849,0,36.41064798,0.056794764,32.32005569,0,7.875792185,0.345034599,1.848305797,12
21.4421463,24.45244683,22.82228364,0.843174058,0,0.00130031,0.000200035,6.41E-08,0,0.052506129,0.020001729,0.000186039,9
4.985498852,7.330733405,5.478048325,0.094814011,0,0.847403486,0.000633443,0.004051213,0,1.297629674,0.037503242,0.013353015,10
20.95209757,22.08221012,21.59216139,0.072248613,0,0.204840844,0.031255934,0.001170414,0,0.640063816,0.250027975,0.015061873,13
20.67206913,21.75217946,21.2071228,0.056911971,0,0.296509428,0.048134372,0.00419279,0,0.770077175,0.315032005,0.031429075,13
20.95209757,25.28753069,21.78218206,1.011550846,0,1.775455014,0.003033858,0.030284528,0,1.890188853,0.080006917,0.052010478,13
22.03760571,24.13781908,22.39014308,0.401591902,0.000200035,0.353703562,0.006434623,0.002115029,0.020001729,0.877587001,0.112511317,0.016287513,13
21.28356086,22.05037647,21.59676234,0.038322668,0,517.1888511,0.000120537,1194.124875,0,29.55315272,0.016468366,3.894066537,8
18.48222944,20.54222955,19.45722156,0.161402726,0,481.3334013,0.000917108,1034.274846,0,28.50750605,0.044999123,3.614341645,8
28.26222738,46.59221225,33.70722029,12.18901264,0.004633796,47.47068614,2.047167575,47.17311557,0.097503662,9.225012461,2.009992599,3.031283126,9
42.70222982,56.56221178,43.72722414,19.72890669,0.00019978,33.52683728,0.064135283,5.4227735,0.019989014,7.82998085,0.352503459,0.505908948,8
22.28221893,49.26222907,44.49722714,39.60251674,0.000349895,81.93221728,0.051040358,54.00137294,0.029996236,16.55001746,0.31498803,3.977106105,9
40.88722653,68.40220981,52.00722165,37.56086075,0.00086676,52.47477125,0.045798125,18.03273926,0.039992862,13.9300198,0.272516674,1.803861112,8
23.93221113,53.80220201,42.37721125,43.62261049,34.64686241,273.461761,103.8908957,1507.188068,2.5,28.63000658,8.393750721,31.10803168,9
25.36722395,68.72222053,50.49972322,100.4557445,40.48459607,474.820988,153.3753253,8079.912894,1.665009393,47.09500207,19.2275042,130.3263265,8
6.271661123,29.75666046,9.486657778,71.28957145,0.00070046,115.9134294,0.463458601,128.3073893,0.037514369,16.42750581,0.893742243,4.361730527,14
5.422234005,34.88222334,10.94222175,115.5903622,4.98E-05,229.6146828,1.337362414,872.4266762,0.009977553,28.19000032,1.372506089,15.72823005,15
4.891108407,7.086101108,5.738604863,0.418433238,0,0.80216998,0.021198982,0.014214498,0,1.550002628,0.190001594,0.063735397,14
2.122215695,8.167227639,5.837226974,1.620413569,0,15.79165139,0.832244621,8.437919781,0,6.970000797,0.924994946,1.778963383,15
-6.365637249,15.02150218,2.967796856,30.69674156,0.001790297,28.06237002,0.036045963,9.149927891,0.060007307,8.005801307,0.295028951,1.430334038,8
-6.28062884,15.12151294,2.955295775,31.00750615,0,37.00617738,0.033806948,12.73822516,0,7.315732108,0.262526406,1.298884435,8
-3.20532057,16.87168863,8.973397679,26.3886461,0.000633443,38.96339214,0.008719856,12.73530734,0.037503242,12.81128168,0.142514441,1.669086882,18
-0.965096156,17.13671472,5.763077206,25.31888957,0.000891874,17.49649849,0.011681235,2.590174832,0.045004951,6.780680021,0.180016889,0.500127158,19
5.560557048,17.60176129,8.653365771,13.27431733,0.000200035,32.44840276,0.019740078,18.90897343,0.020001729,11.00110001,0.20127164,2.067259174,8
8.106189304,10.01486672,9.06361368,0.109639491,5.34E-06,0.100605786,0.000922274,8.08E-05,0.003439585,0.473688444,0.043201447,0.0035131,20
8.085962931,10.48897107,9.270396762,0.16015888,1.97E-07,0.479650845,0.000514643,0.001388641,0.000638962,0.981491407,0.032103856,0.012083,20
9.750038783,13.74803967,10.89327706,1.176211673,2.31E-06,0.643350445,0.001867326,0.002122308,0.002151065,0.857810974,0.062860648,0.00856814,20
7.709524367,14.31463454,11.34066158,2.082874743,0,2.056956092,0.011392576,0.048490311,0,2.043660482,0.151898596,0.066056079,20
7.398692237,10.37254757,9.14325926,0.267057621,5.35E-05,0.802205257,0.19616296,0.025799186,0.009673436,1.266653273,0.613884131,0.068048189,20