410.1552124,538.572876,428.2215881,898.0661316,0,393.9259152,3.258387248,4221.885127,410.1552124,538.0845947,425.2919006,823.7353371,412.1083374,541.9908447,429.6864319,1021.212867,1
425.04776,500.9752808,450.6824646,565.7164992,0,94.01571751,12.59631912,496.4057862,423.094635,499.6325073,449.2176208,543.4741914,425.7801819,505.8580933,451.9031677,621.2498575,1
419.4325256,511.7174225,449.9500427,866.0230379,0,156.6398144,8.742014567,492.6527265,417.6014709,508.2994995,449.6448631,861.2295438,419.9208069,514.1588135,453.8562775,905.8909149,1
399.7045898,470.505188,426.2547607,455.7664232,2.607703209,264.1221508,37.37671922,3265.54699,396.5002441,464.2490845,423.050415,421.9794371,405.1977539,475.3879395,436.9359131,468.9791441,1
396.6824341,543.651062,435.9920959,1244.283353,4.85E-27,615.6667076,6.521632758,4094.337135,395.354393,532.2299957,434.6640701,1162.314565,397.0365601,576.9403076,438.4710999,1377.50023,1
424.8036194,501.463562,448.363121,581.2572388,0,157.5938165,13.50034773,859.5920357,422.6063538,499.9987183,445.4334412,536.5011253,425.7801819,508.7877808,453.8562775,627.872426,1
417.4794006,510.7408752,450.1941833,905.985656,0.07947286,69.22027469,7.03330338,271.2305965,417.1131897,510.0084534,449.0955505,879.2401229,419.4325256,520.5064697,456.0535278,996.6064919,1
397.2631836,477.5242004,428.5435791,491.6939384,0.186264515,419.5905725,47.35775292,6819.594272,392.9907227,472.3362427,423.8133545,449.2555903,402.7563477,482.7121582,435.4100342,521.2332584,1
410.8876343,540.526001,429.6864319,898.2666924,0,493.762061,3.417305648,5589.370346,410.6434937,523.6802979,423.888092,800.8886013,411.1317749,541.5025635,433.3485413,990.8023803,1
418.5837708,568.9855042,473.2388916,1894.419856,1.379996579,17422.66306,21.03193431,5486165.338,417.5536499,564.0636597,464.4826355,1746.68008,420.4151611,882.3796387,479.3625488,5235.788422,1
469.8981934,480.1682129,476.1177673,16.28628723,19083.36834,32554.68661,24566.83932,9430895.477,419.6105042,459.1854706,439.7963867,54.56368578,500,585.0819092,508.5967484,682.8672469,1
394.2524109,550.253418,445.3777466,1578.936503,3.69E-27,131.9383484,5.761435769,560.4305507,394.2524109,550.253418,442.8777161,1508.186651,396.6274414,557.753418,449.0652618,1699.533245,1
461.1383057,597.2347412,528.6287537,2024.510683,0.120668552,367.4825949,8.648276048,3620.882846,455.1887207,596.862915,524.352478,1900.422602,461.8819885,601.3250732,530.6739197,2071.196352,1
428.3000031,539,474.3000031,1434.08069,0.011422992,72.21332682,5.531489956,181.9144866,427.7999878,538.7999878,471.5000153,1443.787005,428.8000183,540.7999878,475.7999878,1454.949454,1
397.375,521,444.1562424,1426.899049,0,75.07916565,4.658370319,203.0291622,397.25,518.625,439.8749847,1384.689327,399.7499695,523.374939,445.9999847,1466.314215,1
432.9819031,723.2006226,483.0928802,4826.135544,1.48E-26,1787.696545,5.159973171,61207.64297,432.8048401,701.9521484,478.4890442,4255.856671,435.2838135,733.4707642,489.8215637,4948.248535,1
1.131580431,408.1496135,398.7691072,27881.75725,1.020118626,62365.54338,46142.37891,386232001.8,0.44754118,200.6765238,190.9617381,6847.730217,2.609515923,625.1494827,602.9203807,62188.4454,7
603.9784861,620.3787174,614.0664203,14.988906,0.128768319,72.83848896,7.77598237,237.6452251,600.7485525,617.9305476,611.8393751,13.2655289,605.2173481,621.617637,616.9570984,13.68251016,7
17.7571162,594.0085387,580.8528885,12633.78881,0.11948772,162179.9982,7.141564119,848462339.5,5.014455798,592.1944475,578.4046611,22163.14308,20.35283614,600.8518343,584.2155716,11229.18679,7
2081.788981,2135.870286,2135.870286,376.0733206,859989.7152,1124111.073,885440.1326,7169625379,-1.002915886,205.2836392,194.3255555,4863.056176,2092.717053,2146.523209,2140.131455,243.6705351,7
1738.14303,2018.958903,1749.86953,2237.130527,0.26403367,3896.953537,25.03152397,299885.5396,1720.73196,1995.43631,1746.126587,1958.474038,1740.130256,2127.629872,1754.627085,3528.340393,7
1036.816109,1093.679554,1070.978605,72.20551773,0.056089684,325.3161191,6.656912754,1948.961262,1025.520998,1090.006176,1069.011269,86.33643719,1057.673397,1097.087692,1074.432947,53.86528252,7
2443.429079,2919.203722,2497.196752,12388.79904,0.393809263,132443.8085,56.58718643,241057544.5,2009.943307,2885.764644,2492.32144,11434.20553,2443.637861,2932.195412,2503.903798,14377.54489,7
1306.562532,1650.873196,1340.21575,4769.647142,0.027352658,24119.57699,44.6300556,14599182.07,1220.161094,1647.849927,1335.614291,3074.301674,1317.156232,1662.450311,1345.858033,6326.132139,7
2142.291122,2335.979229,2288.178534,4291.844035,0.2774342,9373.67622,20.18597654,1840131.626,2138.270005,2319.618461,2284.203362,4323.191079,2144.556378,2337.55569,2295.420323,4426.992218,7
1525.939513,1588.764405,1543.238069,213.213839,0.047676786,91516.58245,37.20329773,154902352.5,1164.771707,1585.710545,1540.01659,2861.334748,1529.257778,1623.414058,1549.93365,277.8080868,7
439.6142911,553.2787023,545.8685744,771.7474948,0.000573762,3416.523655,2.163045671,408041.8718,438.8466348,550.5045708,544.7610649,852.8230923,442.3348446,564.6440978,547.4179585,600.9129888,7
1925.741102,1964.14548,1943.930782,67.64765399,0.481372782,16514.36476,31.24923551,4934125.085,1816.152682,1957.076638,1938.956322,347.2422468,1932.766045,1979.493681,1948.462675,84.52584722,7
42.95475388,45.24069977,43.74381638,0.337224879,1.37E-05,0.07739863,0.001945992,0.00022662,42.90943909,45.08757019,43.72506714,0.328238912,42.98600388,45.36882401,43.85006714,0.367309795,2
42.79701233,43.91732788,43.24544907,0.077230587,0,0.027988752,0.001273426,3.45E-05,42.73763657,43.89388657,43.20482254,0.085240747,42.80794907,43.93450928,43.2720108,0.075225753,2
40.60312653,42.52890778,41.41953087,0.188807829,3.99E-05,0.121880479,0.0047503,0.000815214,40.4140625,42.45156288,41.38788986,0.182422553,40.72968674,42.609375,41.49921799,0.208622866,2
43.22526932,44.51277924,43.92839813,0.139042785,9.11E-05,0.020716561,0.003554645,2.22E-05,43.21589088,44.43777752,43.86120987,0.129074837,43.28151321,44.56277847,43.98152542,0.142069074,2
49.85338593,86.91384125,83.8864975,69.68919114,0.000298023,165.6293313,0.134309133,517.8555153,46.37439346,86.82839203,83.32192993,78.43747517,53.14927292,87.03591156,84.44802094,62.84521923,2
75.45212555,76.33713531,76.06247711,0.037466128,0.000465661,0.10477379,0.010981845,0.000707354,75.36057281,76.18454742,75.97092438,0.047001385,75.60471344,76.52024078,76.12351227,0.043124596,2
77.11909485,78.18721008,77.85151672,0.057326126,0,0.225380063,0.015677263,0.001801335,76.99702454,78.04225159,77.79048157,0.065625884,77.18013,78.33979797,77.97358704,0.065087147,2
83.73386383,92.91963196,92.7212677,5.5566484,0.000310441,11.26804226,0.005898376,3.585287727,83.52787018,92.87385559,92.65641785,6.30272794,83.79489899,93.04170227,92.79756165,5.167806272,2
44.56464386,65.82008362,60.87624359,21.01936887,0.000465661,18.81308807,0.35420844,12.54809868,41.49763489,65.39283752,60.47951508,23.12771927,47.63165283,66.24732971,61.30348969,19.16775217,2
48.84527588,93.9654007,67.03370667,78.36570522,0.000310441,86.9990479,0.084747793,186.0594338,48.57061768,93.18721008,66.97267151,73.88556503,49.08940887,94.74359131,67.30836487,87.67821484,2
35.70794296,35.78118515,35.73235703,0.000241792,0,0.000198682,0,7.26E-09,35.70794296,35.7628746,35.73235703,0.000236755,35.70794296,35.78118515,35.73235703,0.000330929,2
37.95000076,42.32500076,40.44375229,1.069523607,1006.16928,1097.173596,1050.018056,550.183099,-24.68000031,-24.68000031,-24.68000031,2.06E-28,42.06187553,45.38062515,43.91562691,0.553256709,2
43.80948067,45.82808685,44.85419846,0.233960928,0,0.070546508,0.001358633,0.000104054,43.7563591,45.80152512,44.83648968,0.22878595,43.86260223,45.88120651,44.88961029,0.24023763,2
42.63749886,50.02500153,44.50312614,3.110742585,0.000822922,14.93576785,0.094089092,4.375931499,41.91875076,49.95000076,44.10312462,2.596250498,42.68124771,51.29374695,44.78749847,3.942845406,2
41.64374924,50.13124847,47.671875,2.233275297,7.29E-05,2.960063624,0.016468843,0.20652535,41.44374847,50.08749771,47.42187309,2.720957704,42.61249924,50.26250076,47.90937424,1.807471896,2
42.2866745,44.23445129,43.16317368,0.20950383,7.60E-05,5.811624256,0.002546356,0.623834901,42.25125885,44.05738068,43.12775803,0.203895553,42.33979416,47.56337738,43.29597664,0.58709344,2
77.5388031,93.34686279,93.1942749,9.713634071,0,5.594357926,0.004035731,0.637235188,77.37858582,93.32397461,93.13323975,10.81746018,77.5388031,93.40789795,93.25531006,8.719498454,2
40.68462753,44.5658989,42.23932362,0.962367816,0.000117178,1.72879552,0.025121145,0.058851499,40.50650024,44.51277542,41.99088478,1.066495818,40.73150253,44.65027618,42.44088554,0.872375951,2
48.5354538,49.78667068,49.12291718,0.090475758,0,0.064571699,0.007605801,0.000217556,48.51256561,49.71038055,49.06569672,0.090432353,48.56597137,50.00028992,49.2220993,0.103707661,2
49.07769012,50.14580536,49.55071259,0.062538864,0.000310441,0.098099311,0.008226683,0.000268564,49.03191376,49.90929413,49.49349213,0.059689251,49.16924286,50.23735809,49.62700653,0.067913331,2
45.03766632,70.56555176,50.71391296,42.78612803,0,4.513467507,0.025533761,0.823959006,44.96900177,70.33666992,50.6681366,42.55151044,45.12921906,70.79443359,51.0801239,42.69224382,2
45.66381454,66.58355713,60.9683342,24.81538326,0.001241763,6.793342958,0.100582838,1.132877848,45.34337997,66.28601074,60.72419357,25.16391414,45.98424911,67.62114716,61.27350998,25.29042047,2
42.03125,45.35000229,43.875,0.573653464,4.17E-05,0.166885304,0.00290649,0.000519513,41.76874924,45.18125153,43.80625153,0.566860226,42.0625,45.41875076,43.94374847,0.548511701,2
41.10000229,45.11882019,43.2859993,1.082216775,6.682061445,13.669461,9.949448799,1.399171285,40.68750381,42.75,41.48750305,0.142370797,48.49624977,50,50,0.041113905,2
39.7314949,46.75966263,42.57213593,2.409837575,0.001031276,3.917629967,0.081072816,0.290665632,39.61274338,46.5315361,42.36275864,2.294678987,40.20024872,47.08153915,42.80651474,2.550511122,2
31.02500153,51.25,35.31562424,25.3549043,1.04E-05,36.46802063,0.020838428,13.34247829,30.99374962,51.17499924,35.07812691,23.25966145,31.03124809,51.48749924,35.51249695,27.68678522,2
43.1627655,45.12527847,43.72526932,0.224468875,5.21E-05,0.104083424,0.004856609,0.000374609,43.14870358,45.0924654,43.70183182,0.20740485,43.21276474,45.27528,43.90652466,0.229704794,2
32.390625,48.43750191,36.44374943,14.55028474,0.002335532,30.34936713,1.846709157,23.07745222,31.16250038,45.82499695,35.05937386,11.32547306,32.79375076,51.6875,38.45625305,21.81097509,2
40.75,43.07500076,42.05312729,0.478755753,1.04E-05,0.36801074,0.001760345,0.004412665,40.66874695,43.03749847,42.02812386,0.478596249,40.78125381,43.34375,42.10625076,0.497493604,2
35.13124847,41.0625,40.02500153,0.945392985,370.9860404,516.8017086,434.481183,856.7306767,0,0,0,0,40.68750381,51.96875381,44.69374847,7.722289323,2
38.73773956,42.98151779,41.01275253,1.174637847,0.029114402,6.112946199,1.521113904,3.177840983,38.00023651,42.46276093,39.93306065,1.123695223,39.13149261,43.48151779,42.36275864,1.015429557,2
30.98749924,51.00000381,36.50937653,21.81653914,0,16.51580532,0.026067454,3.115574741,30.75625038,49.66875458,36.31874847,19.69696735,31.48125076,51.01875305,37.40000153,23.3654335,2
36.96249771,53.19375229,45.03125,16.03004387,0.000791763,18.47663818,0.461389572,11.73702163,36.11874771,52.95625305,43.97500229,16.44204113,37.70625305,53.58125305,46.20000076,16.20657402,2
40.45624924,52.80625153,46.37500381,11.41512196,0,16.68521193,0.007209911,10.49107217,40.30625248,52.78125,46.28125381,11.90087873,40.51250076,52.89374924,46.60625076,11.46112609,2
43.60625076,44.79375076,44.36875534,0.096909749,0,0.02034404,0.0013229,1.94E-05,43.59843731,44.79375076,44.25,0.099138355,43.63750076,44.79375076,44.44374847,0.092932203,2
44.46275711,49.86903763,46.11745358,1.926695614,1.30E-05,2.253357137,0.015008968,0.094873534,44.4377594,49.36278534,45.98151493,1.877457448,44.47525787,50.40654373,46.25339127,2.190123285,2
43.1627655,45.08152771,43.77214622,0.220615731,1.11E-05,0.062570993,0.00261833,0.000198636,43.15026855,45.02527618,43.68152046,0.20273252,43.21901703,45.26902771,43.94714737,0.231965366,2
41.63125229,43.23124695,42.61249924,0.130685268,0,0.057593227,0.000593784,0.000108891,41.38125229,43.22500229,42.57500458,0.15860188,41.64374924,43.26250076,42.68124771,0.122984518,2
77.59983826,93.37738037,93.20953369,8.606649471,0,1.167934952,0.002394829,0.053297092,76.88267517,93.34686279,93.16375732,9.582507798,79.03416443,93.40789795,93.25531006,7.069844043,2
77.32518005,93.34686279,93.20953369,9.013587578,0.000248353,2.416640387,0.003227716,0.12260983,77.24888611,93.31634521,93.13323975,9.680423072,77.5388031,93.40789795,93.28582764,7.866352514,2
77.02000427,93.36212158,93.1942749,9.456172572,0,3.252366458,0.002793968,0.301318977,76.8368988,93.34686279,93.14086914,10.52921931,77.59983826,93.40789795,93.25531006,8.305085013,2
79.03416443,93.37738037,93.1942749,7.420424481,0,3.443892797,0.003601114,0.295899491,77.59983826,93.31634521,93.13323975,8.647091177,80.43796539,93.40789795,93.25531006,5.870623606,2
79.03416443,93.34686279,93.1942749,7.187033615,0,3.370877542,0.003849068,0.340124011,77.59983826,93.28582764,93.13323975,8.666647383,80.43796539,93.37738037,93.27056885,5.291040345,2
42.94225311,45.23835373,43.80319405,0.340745545,6.96E-07,0.079153292,0.001854294,0.000229717,42.92506409,45.09225845,43.73131561,0.333568829,42.95475388,45.36882401,43.86725616,0.371903155,2
42.79701233,43.90482712,43.24544907,0.079846906,0,0.045705125,0.001322894,5.25E-05,42.73763657,43.8970108,43.20638657,0.085128905,42.80794907,43.93920135,43.27513885,0.077370677,2
40.55781555,42.58593941,41.43906212,0.186704191,3.26E-06,0.134144526,0.003437735,0.000733795,40.47187805,42.47500038,41.36796951,0.184404682,40.65937805,42.65468979,41.52187347,0.191693994,2
46.89923096,65.33180237,60.07515812,17.91504031,7.76E-05,12.94508851,0.31669058,4.025418862,41.30308247,64.00428772,59.42666245,20.00437126,47.18914795,65.68275452,60.98305511,18.86721752,2
42.95162964,45.25632477,43.7602253,0.347594627,2.41E-05,0.068801423,0.003253041,0.000239483,42.90631104,45.11882019,43.73053551,0.331889882,42.96881485,45.45475769,43.86100578,0.372034074,2
20.23202684,21.99220022,20.5620575,0.269929326,0,0.228944927,0.000133356,0.001226795,20.20202213,21.97719892,20.53955714,0.250743671,20.23202684,21.99220022,20.60206095,0.284322624,4
21.35222541,23.04222955,22.43971931,0.234607855,0,0.071633147,0.004049747,0.000236742,21.33971956,22.99722883,22.34722137,0.233329264,21.38222588,23.0922148,22.51222822,0.22435556,4
19.81221517,21.15221447,20.57222578,0.044801878,0,0.288808066,0.000300009,0.001846461,19.75222588,20.77220917,20.5522071,0.038804463,19.98223199,21.53221978,20.61223348,0.056878614,4
19.92223104,21.06720606,20.64220428,0.038867361,0,0.211246584,0.000291728,0.000963169,19.8547109,20.78720835,20.63222249,0.036446992,20.07222493,21.39220344,20.66222297,0.045960518,4
20.292227,21.23223199,20.47222137,0.028894062,0,0.097146953,0.000560368,0.000241272,20.1922226,20.97222222,20.45223236,0.019505541,20.34221649,21.53221978,20.53221809,0.044169924,4
19.95221456,21.20221668,20.73223114,0.048466795,0,0.061941071,0.00010655,0.000135993,19.94222005,21.09221564,20.71221246,0.048489494,19.96220907,21.45222982,20.77220917,0.055904193,4
19.50722377,21.00221846,20.36223518,0.063741029,0,0.114362928,3.34E-05,0.000513745,19.50222015,20.89220259,20.33220503,0.063968822,19.51222738,21.23223199,20.37221273,0.080417358,4
20.62221527,21.63222419,21.0172187,0.073444861,0,0.00640009,0.000233381,1.55E-06,20.60722351,21.62471559,21.01347711,0.073972495,20.65221151,21.64220174,21.04222616,0.072296873,4
21.0172187,21.72222137,21.38970905,0.037601612,0,0.014233591,0.000400154,4.89E-06,21.00722419,21.71721564,21.36972004,0.038076231,21.03221893,21.76222907,21.41222212,0.038299562,4
20.21221161,21.33220673,20.94222175,0.085212195,0,0.009030629,0.000233303,2.90E-06,20.20472527,21.33220673,20.93846745,0.088793924,20.24220785,21.33220673,20.96721649,0.080956007,4
20.51721785,21.86722438,21.46472825,0.157875448,0,0.016934651,0.000491381,8.65E-06,20.4922231,21.85722987,21.44596789,0.161489611,20.60222626,21.88222249,21.48223029,0.156983048,4
20.27220832,21.10222711,20.61223348,0.044305377,0,0.007298677,0.000299925,1.96E-06,20.24970796,21.08720991,20.60222414,0.044302916,20.30220879,21.11223433,20.62221527,0.042246691,4
20.45221753,21.17223104,20.82971149,0.03017879,0,0.011198885,0.000545559,2.85E-06,20.42221917,21.15721703,20.79721663,0.030056935,20.51222907,21.19222005,20.84722095,0.029405198,4
20.47222137,21.33222156,20.7947233,0.046806255,5.01E-05,0.449495291,0.00143303,0.004081573,20.35471386,21.20722241,20.74721336,0.043666637,20.51222907,21.82222578,20.8272171,0.079211945,4
20.21221161,21.55220879,20.78221639,0.070915318,3.34E-05,0.063098959,0.001333599,0.000125008,20.19721985,21.22971429,20.74596988,0.061223915,20.24220785,21.56221602,20.86223602,0.071299935,4
19.78221893,21.58220503,20.37721846,0.114666265,0,0.078532899,0.002166413,0.000413925,19.76722717,21.24471876,20.30846437,0.090491178,19.83220418,21.60222371,20.50221761,0.125928146,4
20.03221724,21.31221771,20.50722334,0.074231652,3.32E-05,0.065102908,0.001899693,0.000206674,20.02471182,21.28971736,20.45847681,0.066307955,20.11223687,21.34221395,20.56722217,0.085052138,4
19.80220795,20.82222833,20.25221931,0.040148559,0,0.09322979,0.000767145,0.000174895,19.78721619,20.79221937,20.23846626,0.038613795,19.82222663,20.87221358,20.28722339,0.045144916,4
19.95223151,20.76222738,20.2972179,0.030651646,3.32E-05,0.075433903,0.00121675,0.000216326,19.9372175,20.68722407,20.25721603,0.030746009,19.97222053,20.99221124,20.35222371,0.034613853,4
20.22221883,21.53221978,20.68721771,0.112313613,3.32E-05,0.087099422,0.000916599,0.000184807,20.13222377,21.48721907,20.64722008,0.106981296,20.36223518,21.60222371,20.72221968,0.111676898,4
20.11223687,21.66222466,20.82222833,0.143423243,3.32E-05,0.05612959,0.001633348,0.000197827,20.04471673,21.60721567,20.78471661,0.139214582,20.26223077,21.83220757,20.91222127,0.14675929,4
20.30220879,21.72221926,20.90222889,0.069994093,0,0.222156793,0.000633825,0.000914596,20.28721703,21.60222371,20.86346785,0.065414817,20.30220879,21.8422148,20.93721602,0.083399684,4
20.45223236,21.4022149,20.88220808,0.065967344,0,0.123337284,0.000700185,0.0002896,20.42222659,21.29722489,20.85222191,0.063343018,20.4822286,21.56221602,20.94222175,0.076233938,4
19.86223433,21.47720973,20.70223067,0.073474952,0,0.298434023,0.000508206,0.001662238,19.85472891,21.33220673,20.69347647,0.070962245,19.90221235,21.62221273,20.70722156,0.08563273,4
19.42223443,20.8022054,20.10222541,0.058637391,0,0.152632998,0.000429056,0.000435957,19.41472583,20.71221034,20.07971817,0.055367199,19.46221246,20.99221124,20.11223687,0.06851019,4
19.80220795,20.62221527,20.13222588,0.01947964,3.34E-05,0.065236349,0.000566659,9.19E-05,19.78721619,20.45721372,20.12346586,0.017026776,19.84221564,20.74220869,20.17221663,0.023206047,4
19.51222738,20.83220588,20.35222371,0.069841895,0,0.137195413,0.000650254,0.000353036,19.49721336,20.76471647,20.33221245,0.067928894,19.5522054,21.03221893,20.37221273,0.074737179,4
21.33220673,22.04222785,21.58220503,0.035129254,0,0.002666902,0.000186597,3.93E-07,21.32222493,22.03221639,21.56221602,0.033795991,21.36223687,22.06221686,21.59221649,0.035562366,4
20.20222982,26.08222114,22.24972513,1.237922316,3.34E-05,1.428116643,0.016377503,0.05473055,19.9472332,25.94222175,22.11471505,1.190672543,20.26223077,26.22222053,22.41222382,1.384678599,4
21.10222711,22.88222419,21.93721559,0.26181919,3.34E-05,0.099433165,0.006292794,0.000590572,21.04221238,22.87471559,21.81097084,0.254067298,21.13222334,22.96220991,22.1172248,0.271769627,4
21.24220954,23.127221,22.18721602,0.181570924,2.51E-05,0.108036093,0.003445845,0.00041365,21.17221832,23.09971491,22.15471639,0.183515236,21.39220344,23.22221968,22.23222944,0.181980069,4
21.96721607,23.06221856,22.41220898,0.116676338,0,0.033802539,0.000862284,2.64E-05,21.9497225,23.01721785,22.37846798,0.107062608,21.97221968,23.17223443,22.4672148,0.125433004,4
21.22222053,23.07222578,22.16222339,0.250645643,0,0.110423832,0.003741208,0.000500972,21.20221456,23.01222907,22.12721931,0.249068298,21.28221724,23.23223114,22.26221508,0.26986534,4
20.16222212,21.61223518,20.94722748,0.1545474,1.89E-29,0.05262996,0.001083464,7.74E-05,20.12473318,21.60472658,20.90597418,0.153925507,20.18221113,21.61223518,20.97722583,0.143360543,4
19.99220954,21.41222212,20.64220428,0.087567807,0,0.067729675,0.001599429,0.000163996,19.89472813,21.36972851,20.62221527,0.086768839,20.05220625,21.46221161,20.70223067,0.087953494,4
19.65221405,21.00221846,20.38222419,0.086759102,0,0.093438132,0.001600616,0.000330116,19.53221003,20.9872267,20.33721182,0.088902762,19.69222175,21.07222663,20.43221368,0.08567503,4
20.14220344,22.25221846,20.71221246,0.151146247,0,0.103605455,0.000233303,0.000278848,20.08971956,22.18222724,20.70347839,0.129859411,20.17223358,22.31221517,20.73721992,0.18537312,4
19.85222711,21.62221273,20.67223443,0.134948762,0,0.011232507,0.000433635,5.55E-06,19.84471851,21.58472379,20.65221151,0.133982951,19.86223433,21.63222419,20.69222344,0.136464172,4
21.14220513,21.8022071,21.38222588,0.026692799,1.51E-29,0.006588439,0.000346749,1.99E-06,21.13222334,21.8022071,21.35222541,0.027720695,21.18221283,21.83220757,21.39220344,0.026450483,4
21.28221724,22.97222137,22.52222273,0.297724591,5.01E-05,0.174694438,0.001949977,0.000638468,21.24222438,22.9422209,22.47222424,0.297890676,21.32222493,23.15221151,22.61221992,0.305487209,4
21.59221649,22.57222493,22.2222201,0.068737561,0,0.048049769,0.001716992,8.11E-05,21.53723187,22.47972065,22.17096965,0.061951192,21.6922209,22.74220785,22.2772132,0.076447139,4
20.70223067,21.64220174,21.12721973,0.0651756,0,0.003933703,9.99E-05,8.31E-07,20.70223067,21.64220174,21.11722522,0.063930146,20.70223067,21.64220174,21.13221063,0.065245889,4
20.34221649,21.41222212,20.72222922,0.063384638,0,0.151623752,0.001683406,0.000525293,20.34221649,21.38972494,20.69846736,0.061066559,20.34221649,21.42223358,20.74722926,0.072250072,4
20.36720912,25.11223687,22.12721083,0.768102011,0,0.60729048,0.011630261,0.012188655,20.33220503,24.90972095,21.99721495,0.732739162,20.4022132,25.17223358,22.27722804,0.808381364,4
20.72221968,24.13222419,22.14722421,0.444820685,3.34E-05,0.416104946,0.005212644,0.004549863,20.70223067,23.9222251,22.06720564,0.442328705,20.74220869,24.29222955,22.31221517,0.46428816,4
20.9222179,22.62722015,22.13222504,0.17267713,0,0.058291324,0.000983207,0.000114765,20.90221405,22.60721419,22.09847238,0.183993329,20.94222175,22.66222212,22.15721766,0.158366172,4
21.2722079,22.92722278,22.17722257,0.139217463,0,0.031800272,0.001799803,3.80E-05,21.21221754,22.91722827,22.15471639,0.143342421,21.30220625,22.93221368,22.23722034,0.131451876,4
21.05721156,22.85222371,22.42223104,0.158779845,0,0.050636862,0.002549805,0.000107337,21.03221893,22.82721625,22.37972154,0.175877055,21.08220418,22.86223518,22.46222602,0.141071974,4
19.50222015,21.37221442,20.41222254,0.129675653,0,0.278937207,0.000983207,0.001477364,19.49471156,21.13971498,20.39721913,0.124607075,19.50222015,21.42223358,20.46220991,0.123876928,4
19.47221968,21.43221113,19.95223151,0.234366292,0,0.044402592,0.000633669,3.03E-05,19.46471426,21.43221113,19.92722829,0.225743529,19.49220869,21.50221931,19.97222053,0.2434833,4
20.75222015,21.70223236,21.02220747,0.083130398,0,0.098661124,0.00034693,0.000175968,20.75222015,21.70223236,20.99221124,0.08197439,20.78221639,21.72222137,21.04222616,0.087037717,4
21.67223189,22.0522054,21.81221856,0.012549578,0,0.013944444,2.67E-05,3.62E-06,21.61223518,22.0522054,21.8022071,0.013209999,21.68221368,22.0522054,21.82222578,0.011867569,4
19.36223348,20.95223321,20.07222493,0.096421022,0,0.075697493,0.00070046,0.000247839,19.35472806,20.88473532,20.04222764,0.082625618,19.41222297,21.12221612,20.10222541,0.114430462,4
22.38888635,25.45889113,22.97888014,0.521075652,0,0.571884926,0.000933297,0.008176119,22.37389459,25.1888805,22.92888535,0.421302534,22.45889452,25.75887892,23.07888879,0.661782777,4
21.20223151,22.9022132,21.8972079,0.146655045,0,0.03103343,0.000533539,1.57E-05,21.20223151,22.87971285,21.86972936,0.143541876,21.21220907,22.93221368,21.96721607,0.14954247,4
20.82222833,22.37221612,21.62221273,0.097185953,0,0.028899233,0.000133187,1.68E-05,20.80721113,22.34220717,21.62221273,0.092618834,20.83220588,22.40221235,21.63222419,0.103290812,4
19.1522132,19.99220954,19.23971494,0.030856034,3.32E-05,0.008881943,0.000733607,2.88E-06,19.14220174,19.90221235,19.20222388,0.026708997,19.18221368,20.002221,19.25722334,0.033279963,4
20.61223348,21.24220954,21.02220959,0.044821,0,0.030303502,5.01E-05,1.81E-05,20.59721947,21.24220954,20.99721591,0.044426028,20.61223348,21.24220954,21.05220795,0.046605487,4
20.38721297,21.36221992,20.69722705,0.025443113,0,0.089864914,5.01E-05,5.27E-05,20.38222419,21.26222822,20.68221198,0.024687583,20.41222466,21.46221161,20.70223067,0.028684979,4
20.50221761,21.4422226,20.71721607,0.099366129,0,0.026091753,0.00019978,1.56E-05,20.48721949,21.35222541,20.71221246,0.093975751,20.50221761,21.4422226,20.74220869,0.103188467,4
20.39220174,21.15221235,20.65221151,0.019107137,0,0.07063231,9.99E-05,9.64E-05,20.38471858,21.06221729,20.63721975,0.017110506,20.39220174,21.17223104,20.65221151,0.022301207,4
19.74221124,21.18221283,20.50221761,0.069998876,0,0.078038026,0.000233247,0.000237759,19.73472489,21.11471494,20.46472867,0.062985046,19.81221517,21.38222588,20.57222578,0.072901638,4
19.77220747,22.31221517,21.32222493,0.27839734,0,0.343443303,0.001432776,0.002577155,19.73471853,22.24722968,21.30721092,0.272843562,19.88222334,22.32222663,21.42223358,0.238156632,4
21.25556522,22.91553921,21.91555447,0.210568108,0,0.152133165,0.001233631,0.000463005,21.25556522,22.88055844,21.87430276,0.194838452,21.28556569,23.26554616,21.95554945,0.226553675,4
20.17221663,21.33220673,20.65221151,0.092915635,0,0.11520568,0.000899901,0.000236178,20.14220344,21.32472038,20.59471766,0.093225488,20.1922226,21.33220673,20.69222344,0.096107669,4
20.82222833,21.82222578,21.22222053,0.049712592,0,0.056234708,0.000300009,6.37E-05,20.82222833,21.81472037,21.20973163,0.04715869,20.82222833,21.82222578,21.252221,0.05160665,4
20.39220174,21.11220466,20.67223443,0.037102376,0,0.01569996,0.000100187,7.24E-06,20.38471858,21.04721705,20.66472583,0.033966226,20.39220174,21.22222053,20.69222344,0.041793579,4
20.81221686,23.36223602,21.88721339,0.337831922,0,0.04572977,0.001033116,4.26E-05,20.78221109,23.3022213,21.86847846,0.333904426,20.83220588,23.39220259,21.91222297,0.351898251,4
20.36223518,21.38222588,20.70722156,0.057006737,0,0.015633565,0.000233741,5.08E-06,20.35472658,21.32971976,20.69222344,0.054629863,20.37221273,21.4022149,20.74220869,0.059944761,4
21.17223104,21.6922209,21.34221395,0.01164414,0,0.001657018,2.77E-05,1.10E-07,21.17223104,21.64220174,21.34221395,0.010512176,21.18221283,21.6922209,21.35222541,0.012301517,4
20.42223189,20.84221734,20.54222955,0.01485138,1.51E-29,0.036242198,0.000133187,2.38E-05,20.41222466,20.83220588,20.53221809,0.015075513,20.4422209,20.91222127,20.5522071,0.016780709,4
20.57222578,21.24220954,20.97222222,0.049310123,0,0.009706831,0.000826889,2.57E-06,20.5522071,21.23223199,20.92223273,0.051916983,20.63222249,21.27221002,21.00221846,0.047701054,4
18.92223358,20.5922148,19.72222222,0.100370682,0,0.064794422,0.001800057,0.000272645,18.89971097,20.43472184,19.69472461,0.087755646,18.9422226,20.88222504,19.76222992,0.119318953,4
21.38222588,22.89220174,22.57222493,0.190791663,0,0.001233631,3.34E-05,1.60E-08,21.38222588,22.89220174,22.56471952,0.191321212,21.38222588,22.89220174,22.57222493,0.189752223,4
21.06221517,22.81221602,21.43221113,0.18633178,0,0.022636004,0.000200006,1.14E-05,21.05470975,22.77222315,21.42223358,0.176912166,21.07222663,22.86223518,21.4422226,0.195944059,4
19.95722029,20.71221246,20.03722297,0.024003213,0.000133583,0.009146033,0.001573572,3.10E-06,19.94222005,20.63222249,20.002221,0.021928661,19.98223199,20.73223114,20.11223687,0.024541695,4
21.04222616,22.31221517,21.4422226,0.149821275,0,0.047368415,0.00019978,4.85E-05,21.04222616,22.31221517,21.4422226,0.147750054,21.06221517,22.31221517,21.4422226,0.158866185,4
20.51721785,20.77220917,20.5922148,0.004925322,0,0.003532814,3.34E-05,5.99E-07,20.47720909,20.77220917,20.58220757,0.005023097,20.52220662,20.77220917,20.5922148,0.005140368,4
20.21221161,21.18221283,20.51222907,0.031154305,0,0.094428288,0.000100187,0.000176962,20.21221161,21.03971163,20.48972872,0.025558309,20.22221883,21.20223151,20.54222955,0.037109244,4
19.44222344,21.90221151,21.04222616,0.335630815,9.99E-05,0.662803231,0.00429837,0.008701662,19.36721696,21.87222799,20.96722285,0.324633907,19.59221734,21.96221246,21.13222334,0.307893969,4
19.98223199,20.95223321,20.51222907,0.05702284,0,0.004692284,0.000233247,5.11E-07,19.98223199,20.93222724,20.50221761,0.054896574,19.98223199,20.96221076,20.53221809,0.059395371,4
20.42223189,20.65221151,20.53221809,0.003870884,0,0.000426831,2.67E-05,6.48E-09,20.42223189,20.64220428,20.52220662,0.003869596,20.42223189,20.66222297,20.5522071,0.003944119,4
20.35222371,22.42223104,21.14220513,0.141085445,0.000233247,0.198389551,0.004633796,0.001222804,20.3447183,22.20472654,21.08222855,0.117413985,20.41222466,22.6522149,21.19222005,0.168730917,4
20.35222371,21.64220174,20.8022054,0.083302528,0,0.021029921,0.000300009,1.22E-05,20.3372097,21.64220174,20.77721384,0.079499349,20.37221273,21.6522132,20.81221686,0.089689794,4
20.5522071,20.90221405,20.73223114,0.008358024,0,0.001967176,3.34E-05,1.55E-07,20.54472393,20.88722229,20.73223114,0.008280553,20.5522071,20.90221405,20.74220869,0.008567794,4
20.18221113,21.18221283,20.4822286,0.032269072,0,0.115904318,0.000233303,0.000276534,20.17472797,20.99471092,20.46471278,0.024126675,20.18221113,21.23223199,20.50221761,0.039698579,4
19.26222907,21.32222493,20.68221198,0.195154333,0,0.411112559,0.001300437,0.003190194,19.19473118,21.23971303,20.62721252,0.210088984,19.3422148,21.47221883,20.74220869,0.177524272,4
19.67223273,21.02220747,20.16222212,0.080753022,0,0.032702222,0.000300603,1.94E-05,19.66472414,21.01472431,20.12221442,0.077058742,19.67223273,21.04222616,20.1922226,0.086185887,4
20.41222466,21.70223236,21.10222711,0.048111817,0,0.04423016,0.000633782,8.27E-05,20.40471607,21.5972201,21.09221564,0.045480566,20.51222907,21.85222626,21.13222334,0.048275132,4
20.53221809,21.65222804,20.87221358,0.090417647,0,0.030634519,0.000699909,3.75E-05,20.52470949,21.62721846,20.8422078,0.082067822,20.54222955,21.71220991,20.93221029,0.100683279,4
20.1922226,22.01222738,21.34221395,0.170937131,0,0.320230432,0.001800057,0.001919269,20.1922226,22.00222015,21.29221916,0.158381918,20.22221883,22.03221639,21.37221442,0.15599198,4
20.92722151,21.45222982,21.24220954,0.016937624,0,0.002699831,9.99E-05,1.92E-07,20.91222127,21.4447244,21.22472339,0.017408726,20.94222175,21.46221161,21.26222822,0.0165496,4
20.5383216,21.16805183,20.93987147,0.033127626,0,0.005941208,0.000118755,7.95E-07,20.53500281,21.16585414,20.91506958,0.032430509,20.54271698,21.17357466,20.96193526,0.034225609,4
20.44722663,20.74220869,20.62221527,0.008890544,0,0.000333165,3.34E-05,4.69E-09,20.43721729,20.74220869,20.62221527,0.008955203,20.47222137,20.74220869,20.62221527,0.008517051,4
19.9063619,20.49840291,20.12963189,0.011980881,0.000151528,0.04218711,0.00919597,6.79E-05,19.83008491,20.31626066,20.06334517,0.009694013,19.92186652,20.66390144,20.24007161,0.015158925,4
21.07680427,21.56572554,21.25084771,0.022165452,1.65E-06,0.020418524,0.000176626,1.00E-05,21.06854227,21.53764301,21.22441716,0.022514281,21.08562469,21.62514581,21.27947066,0.025925597,4
20.02222273,21.20223151,20.20221498,0.109143567,0,0.068820792,0.003092742,8.46E-05,19.98223199,21.19472292,20.14721553,0.103442446,20.03221724,21.46221161,20.27220832,0.119467313,4
19.18819427,21.51711358,19.54219818,0.120648656,4.39E-05,0.559126734,0.001285122,0.01156769,19.14999326,20.75605604,19.51897621,0.063020129,19.24132453,21.96111043,19.58089405,0.181534346,4
21.28574159,22.04707887,21.59786012,0.038439346,0,0.006304384,9.81E-05,4.25E-07,21.28133138,22.04158571,21.58467823,0.037516188,21.30113814,22.05476973,21.60884857,0.039449975,4
19.64186774,21.82347616,21.07482062,0.206355443,1.29E-06,0.303906802,0.002563233,0.001975774,19.55113729,21.79488288,21.05940925,0.236310303,19.66179742,21.93569183,21.18279351,0.191187396,4
19.38313802,21.43477546,20.29898749,0.146855028,9.79E-06,0.240214177,0.000473098,0.001260685,19.32607015,21.25137117,20.28959698,0.143198444,19.46956635,21.58452352,20.31224569,0.154185831,4
19.75221846,22.13222504,21.45222982,0.298101444,0,0.700845953,0.005835049,0.008965308,19.69222175,22.05721855,21.37721062,0.292161083,19.81221517,22.28221893,21.49220785,0.286530247,4
20.53221809,22.39220513,21.43221113,0.205564884,0.00010655,0.175282473,0.004826654,0.001109813,20.51222907,22.28221893,21.34221395,0.192003798,20.58220757,22.81221602,21.61223518,0.233179161,4
20.26223077,20.89220259,20.61223348,0.012313972,0,0.05423172,3.34E-05,1.53E-05,20.26223077,20.88471942,20.61222076,0.012392181,20.26223077,21.16222382,20.62221527,0.013720588,4
20.1922226,21.11722522,20.82221137,0.07489773,0,0.028299087,0.000433437,5.02E-05,20.07972717,21.04471525,20.74722926,0.07640686,20.32222748,21.2922287,20.83220588,0.075640401,4
20.51222907,21.38222588,21.11223433,0.029998107,0,0.208432828,0.000433599,0.001282858,20.37972344,21.26972834,21.08846876,0.033085564,20.5522071,21.74221039,21.15221235,0.033947736,4
18.50222058,20.44722663,19.44722705,0.157697963,0,0.07213004,0.000866167,8.24E-05,18.49221124,20.39722231,19.43221198,0.154436074,18.51222992,20.54222955,19.49220869,0.160041731,4
20.36222034,20.85222456,20.5922148,0.006170166,0,0.006999091,0.000100187,1.76E-06,20.31722175,20.81471019,20.58721224,0.006531322,20.49221039,20.92223273,20.60222626,0.005746046,4
18.45223321,20.4822286,19.37221527,0.269297175,2.65E-05,0.320376114,0.002426736,0.003136778,18.42223273,20.26223077,19.25221761,0.213900691,18.46221076,21.03221893,19.58220588,0.322268208,4
21.45222982,22.33220418,21.92223443,0.068279029,0,0.008450635,0.000400154,2.62E-06,21.45222982,22.29471525,21.89222548,0.065486712,21.46221161,22.35222711,21.97221968,0.069403088,4
20.21221161,21.32222493,20.4822286,0.08349021,3.34E-05,0.154295064,0.000633782,0.00046084,20.19721985,21.11971219,20.4822286,0.070442462,20.21221161,21.41222212,20.54222955,0.091822209,4
21.34221395,21.95223067,21.68221368,0.03711767,0,0.087901652,0.000800308,0.000140446,21.34220865,21.90221151,21.67223189,0.037248846,21.35222541,21.96221246,21.71220991,0.038334414,4
20.13222588,21.64220174,20.49222522,0.239831595,3.34E-05,0.038801115,0.000933198,5.35E-05,20.11722459,21.6047128,20.4672167,0.223584424,20.1522149,21.74221039,20.53221809,0.258321505,4
18.62721973,19.95223151,19.43472332,0.057630905,0,0.01860186,0.000458614,6.58E-06,18.59221564,19.95223151,19.42223443,0.060860664,18.66222382,19.96220907,19.46221246,0.052840534,4
19.1922209,22.55220625,21.31221771,0.512521608,2.67E-05,2.069316742,0.001963884,0.078273924,19.10222371,22.51222822,21.21220907,0.53043249,19.32222578,22.61223687,21.37221442,0.448234472,4
19.83220418,21.05220795,20.01221339,0.120872246,0,0.144300286,0.000832842,0.00045069,19.79471525,20.80471675,19.98722076,0.10249562,19.84221564,21.17223104,20.05220625,0.130999495,4
21.23223199,22.78722339,21.77220662,0.261567376,0,0.077101705,0.000933297,0.000123225,21.16471185,22.78221978,21.74471219,0.262936649,21.24220954,22.792227,21.79222955,0.266258311,4
20.17722236,21.99220869,20.91222127,0.270849532,0,0.078692471,0.000450905,6.26E-05,20.16222212,21.98721992,20.8822155,0.268696299,20.23223029,21.99220869,20.95223321,0.272225669,4
21.15221235,22.04222785,21.53221766,0.034359742,0,0.010531538,0.000233374,3.41E-06,21.12971518,21.98972172,21.52471066,0.032797438,21.16222382,22.04222785,21.55220879,0.035729068,4
19.70223321,21.19222005,19.92223104,0.115290805,0,0.178901819,0.001199868,0.00096326,19.69471508,20.73471069,19.88722059,0.086944929,19.73222944,21.23223199,19.97222053,0.126891162,4
19.09221649,21.62221273,19.93221283,0.235486217,0,0.353319807,0.002879684,0.004410231,18.98223029,21.35222541,19.86223433,0.178026701,19.12221273,22.00222015,20.0422287,0.319746212,4
21.05220795,22.05721113,21.46721522,0.041020838,0,0.027421919,0.000166667,1.52E-05,21.05220795,22.0522054,21.46221161,0.038372389,21.06221517,22.06221686,21.52220832,0.043179042,4
20.43175591,20.85439046,20.69266425,0.014194988,0,0.008436541,0.000901669,2.99E-06,20.37723435,20.85439046,20.66515181,0.01458825,20.49782647,20.86098565,20.72676765,0.014372909,4
20.60914146,21.02509816,20.90932634,0.010810559,4.44E-06,0.165270453,6.10E-05,0.000495558,20.60210334,21.02097193,20.90399424,0.011412037,20.61865489,21.02742852,20.92007785,0.010334307,4
20.52796258,21.52463701,21.15799374,0.05264233,1.87E-06,0.075221729,0.000504197,0.00010533,20.51080598,21.4906417,21.15019162,0.055144168,20.54707421,21.57765283,21.18439992,0.047508006,4
21.60191854,22.65574985,22.08029005,0.055567412,1.31E-05,0.02538003,0.000290269,2.06E-05,21.57961951,22.65196906,22.02974955,0.058910095,21.63958655,22.67072466,22.10898081,0.052663137,4
21.19470808,22.04029083,21.59150336,0.048042624,4.18E-06,0.011766514,0.000237311,5.02E-06,21.18765407,21.97052638,21.58131546,0.046668702,21.21033986,22.06301795,21.61210378,0.049044089,4
20.37221273,22.11223602,20.73223114,0.272093131,0,0.18303619,0.000133583,0.001113229,20.35222371,22.11223602,20.70222537,0.247820123,20.38222419,22.11223602,20.81221686,0.277050005,4
20.73830075,21.06273227,20.92469533,0.006095118,9.84E-05,0.006368306,0.001660736,2.93E-06,20.73373265,21.04932043,20.89138985,0.005544698,20.77368842,21.14387088,20.95745087,0.006862128,4
20.82045661,22.39537557,21.64366828,0.182747498,1.29E-06,0.1476351,0.000702076,0.000464035,20.82045661,22.3799981,21.59746382,0.198214657,20.84248861,22.41075728,21.65685018,0.184286768,4
21.15221235,22.28221893,21.41222212,0.078031012,0,0.182486905,0.013947214,0.00264918,21.06221517,22.27220747,21.32222493,0.088472237,21.16222382,22.29222616,21.75221761,0.085308664,4
20.64644708,23.45690409,21.21709612,0.433746926,5.15E-06,0.381947208,0.001720724,0.00852603,20.53884294,23.16500346,21.16661919,0.360171952,20.67498101,23.74892765,21.44964006,0.519169201,4
22.19222175,23.51222992,22.73223029,0.183799365,0,0.466919639,0.0201584,0.010256788,22.02220917,23.51222992,22.42223104,0.190805557,22.32222663,23.55220795,23.18221198,0.149403237,4
21.45082686,22.14848836,21.72893524,0.031036236,1.47E-29,0.050413097,0.000123594,4.65E-05,21.44200643,22.00707965,21.72673543,0.02918211,21.47063361,22.30245633,21.74934472,0.034664782,4
21.53038873,23.42223273,22.37184736,0.164351572,1.61E-06,0.338714788,0.000640382,0.001239281,21.52297232,23.34471915,22.3309697,0.150455609,21.53859456,23.59026167,22.40703583,0.179885852,4
23.15202925,25.01848433,23.97686005,0.32186654,1.56E-05,0.072612324,0.002726003,0.000340344,23.12257979,25.01408895,23.88112386,0.342246083,23.26610565,25.02290938,24.06032562,0.303774702,4
24.4903628,28.05672328,27.61407958,1.748355352,1.66E-06,5.515601801,0.000862011,0.565220923,24.46837531,28.04895613,27.59634866,1.80506936,24.55632528,28.11559041,27.68724653,1.742099204,4
20.23202684,21.99220022,20.5620575,0.276176835,0,0.185794892,0.000200035,0.000895849,20.20202213,21.97719892,20.53955714,0.254823058,20.23202684,21.99220022,20.62206692,0.281829175,4
21.5139389,22.94017792,21.92592621,0.154419026,0.001277198,0.572644541,0.225217665,0.035361776,21.35518392,22.10178375,21.82471487,0.03190701,21.63863288,23.34160699,22.54308065,0.160783656,4
21.15221235,22.28221893,21.41222212,0.078031012,0,0.17066182,0.016643149,0.002511632,21.06221517,22.27220747,21.32222493,0.088602832,21.16222382,22.29222616,21.75221761,0.083889583,4
20.64644708,23.45690409,21.20394389,0.344154714,1.29E-06,0.372268106,0.00087347,0.004385652,20.53884294,23.16500346,21.14907159,0.271540491,20.67498101,23.74892765,21.25438902,0.427934308,4
22.08220588,23.51222992,22.75221931,0.16348772,0,0.36791964,0.028188444,0.007704903,22.02220917,23.51222992,22.39220513,0.190271013,22.25221846,23.55220795,23.19222344,0.144815737,4
57.5,65,65,2.775376289,0,28.125,0,20.48026677,57.5,65,65,3.849571677,60.6615448,65,65,1.299588468,6
55.41133118,85,62,37.77021708,0,257.3521543,0,2003.969414,54.5,79.68574333,62,30.54202114,57.9765625,85,62,46.67672108,6
69.5,74,71.5,1.488925791,0,10.125,0,2.697161643,69.5,74,71.5,1.517431554,69.5,74,71.5,1.563015657,6
55,55,55,0,0,0,0,0,55,55,55,0,55,55,55,0,6
373.0000687,373.0000687,373.0000687,0,0,0,0,0,373.0000687,373.0000687,373.0000687,0,373.0000687,373.0000687,373.0000687,0,6
373.0000687,373.0000687,373.0000687,0,0,0,0,0,373.0000687,373.0000687,373.0000687,0,373.0000687,373.0000687,373.0000687,0,6
373.0000687,373.0000687,373.0000687,0,0,0,0,0,373.0000687,373.0000687,373.0000687,0,373.0000687,373.0000687,373.0000687,0,6
373.0000687,373.0000687,373.0000687,0,0,0,0,0,373.0000687,373.0000687,373.0000687,0,373.0000687,373.0000687,373.0000687,0,6
33,33,33,0,0,0,0,0,33,33,33,0,33,33,33,0,6
66.5,71,68.5,1.408415345,0,10.125,0,2.697161643,66.5,71,68.5,1.517431554,66.5,71,68.5,1.563015657,6
3,3,3,0,0,0,0,0,3,3,3,0,3,3,3,0,6
3.333333333,3.333333333,3.333333333,7.23E-30,0,0,0,0,3.333333333,3.333333333,3.333333333,7.23E-30,3.333333333,3.333333333,3.333333333,7.23E-30,6
65,65,65,0,0,0,0,0,65,65,65,0,65,65,65,0,6
30,30,30,0,0,0,0,0,30,30,30,0,30,30,30,0,6
1.379999982,1.379999982,1.379999982,5.02E-32,0,2.14E-31,5.38E-32,5.06E-63,1.379999982,1.379999982,1.379999982,5.02E-32,1.379999982,1.379999982,1.379999982,5.02E-32,6
4.159999688,4.159999688,4.159999688,1.29E-29,0,8.77E-31,8.61E-31,1.35E-62,4.159999688,4.159999688,4.159999688,1.29E-29,4.159999688,4.159999688,4.159999688,1.29E-29,6
23.65062714,23.65062714,23.65062714,2.06E-28,0,0,0,0,23.65062714,23.65062714,23.65062714,2.06E-28,23.65062714,23.65062714,23.65062714,2.06E-28,6
105,105,105,0,0,0,0,0,105,105,105,0,105,105,105,0,6
105,105,105,0,0,0,0,0,105,105,105,0,105,105,105,0,6
105,105,105,0,0,0,0,0,105,105,105,0,105,105,105,0,6
400,400,400,0,0,0,0,0,400,400,400,0,400,400,400,0,6
1300,1300,1300,0,0,0,0,0,1300,1300,1300,0,1300,1300,1300,0,6
300,300,300,0,0,0,0,0,300,300,300,0,300,300,300,0,6
60,60,60,0,0,0,0,0,60,60,60,0,60,60,60,0,6
45,45,45,0,146.825,288.1354386,215.6501136,2159.01624,45,45,45,0,45,45,45,0,6
69.5,71.5,71.5,0.450374165,0,0.75,0,0.023069529,69.5,71.5,71.5,0.528104357,69.5,71.5,71.5,0.408587328,6
74.5,74.5,74.5,0,0,0,0,0,74.5,74.5,74.5,0,74.5,74.5,74.5,0,6
69.5,69.5,69.5,0,0,0,0,0,69.5,69.5,69.5,0,69.5,69.5,69.5,0,6
60,60,60,0,0,0,0,0,60,60,60,0,60,60,60,0,6
1,1,1,0,0,0,0,0,1,1,1,0,1,1,1,0,6
1,1,1,0,0,0,0,0,1,1,1,0,1,1,1,0,6
1,1,1,0,0,0,0,0,1,1,1,0,1,1,1,0,6
1,1,1,0,0,0,0,0,1,1,1,0,1,1,1,0,6
1,1,1,0,0,0,0,0,1,1,1,0,1,1,1,0,6
1,1,1,0,0,0,0,0,1,1,1,0,1,1,1,0,6
1,1,1,0,0,0,0,0,1,1,1,0,1,1,1,0,6
1,1,1,0,0,0,0,0,1,1,1,0,1,1,1,0,6
0,0,0,0,0,0,0,0,0,0,0,0,0,0,0,0,6
0,0,0,0,0,0,0,0,0,0,0,0,0,0,0,0,6
0,0,0,0,0,0,0,0,0,0,0,0,0,0,0,0,6
0,0,0,0,0,0,0,0,0,0,0,0,0,0,0,0,6
0,0,0,0,0,0,0,0,0,0,0,0,0,0,0,0,6
0,0,0,0,0,0,0,0,0,0,0,0,0,0,0,0,6
1,1,1,0,0,0,0,0,1,1,1,0,1,1,1,0,6
1,1,1,0,0,0,0,0,1,1,1,0,1,1,1,0,6
1,1,1,0,0,0,0,0,1,1,1,0,1,1,1,0,6
1,1,1,0,0,0,0,0,1,1,1,0,1,1,1,0,6
1,1,1,0,0,0,0,0,1,1,1,0,1,1,1,0,6
1,1,1,0,0,0,0,0,1,1,1,0,1,1,1,0,6
1,1,1,0,0,0,0,0,1,1,1,0,1,1,1,0,6
1,1,1,0,0,0,0,0,1,1,1,0,1,1,1,0,6
8.329999712,8.329999712,8.329999712,5.14E-29,0,0,0,0,8.329999712,8.329999712,8.329999712,5.14E-29,8.329999712,8.329999712,8.329999712,5.14E-29,6
8.329999712,8.329999712,8.329999712,2.03E-28,0,0,0,0,8.329999712,8.329999712,8.329999712,2.03E-28,8.329999712,8.329999712,8.329999712,2.03E-28,6
8.329999712,8.329999712,8.329999712,5.14E-29,0,0,0,0,8.329999712,8.329999712,8.329999712,5.14E-29,8.329999712,8.329999712,8.329999712,5.14E-29,6
8.329999712,8.329999712,8.329999712,5.14E-29,0,0,0,0,8.329999712,8.329999712,8.329999712,5.14E-29,8.329999712,8.329999712,8.329999712,5.14E-29,6
8.329999712,8.329999712,8.329999712,5.14E-29,0,0,0,0,8.329999712,8.329999712,8.329999712,5.14E-29,8.329999712,8.329999712,8.329999712,5.14E-29,6
0,0,0,0,0,0,0,0,0,0,0,0,0,0,0,0,6
0,0,0,0,0,0,0,0,0,0,0,0,0,0,0,0,6
0,0.5,0,0.00462963,0,0.5,0,0.00462963,0,0,0,0,0,1,0,0.018518519,6
0,0,0,0,0,0,0,0,0,0,0,0,0,0,0,0,6
1,1,1,0,0,0,0,0,1,1,1,0,1,1,1,0,6
1,1,1,0,0,0,0,0,1,1,1,0,1,1,1,0,6
1,1,1,0,0,0,0,0,1,1,1,0,1,1,1,0,6
1,1,1,0,0,0,0,0,1,1,1,0,1,1,1,0,6
1,1,1,0,0,0,0,0,1,1,1,0,1,1,1,0,6
1,1,1,0,0,0,0,0,1,1,1,0,1,1,1,0,6
1,1,1,0,0,0,0,0,1,1,1,0,1,1,1,0,6
1,1,1,0,0,0,0,0,1,1,1,0,1,1,1,0,6
1,1,1,0,0,0,0,0,1,1,1,0,1,1,1,0,6
1,1,1,0,0,0,0,0,1,1,1,0,1,1,1,0,6
0,0,0,0,0,0,0,0,0,0,0,0,0,0,0,0,6
0,0,0,0,0,0,0,0,0,0,0,0,0,0,0,0,6
100,100,100,0,0,479.1839342,0,4174.85896,100,100,100,0,100,100,100,0,6
33.43222046,34.75333405,33.43222046,0.327994676,5.51E-29,1.048376475,5.51E-29,0.019983513,33.43222046,34.75333405,33.43222046,0.321079082,33.43222046,34.75333405,33.43222046,0.337315083,6
100,100,100,0,0,0,0,0,100,100,100,0,100,100,100,0,6
30.45888901,42.62333298,30.91777802,2.601768414,0,99.17061642,1.32E-06,180.7544412,30.00777817,37.55555725,30.57666588,1.023829748,30.45888901,49.86111069,31.25,10.06772858,6
97.97444153,100,100,0.754958859,0,1.172253463,0,0.024985058,97.97444153,100,100,0.792948555,97.97444153,100,100,0.754268138,6
58.1566658,60.45333481,59.3544426,0.265113256,0,287.4328217,0.120467091,2944.410491,25.70666695,59.81111145,59.12333298,39.39956044,58.52555466,60.45333481,59.47222137,0.213149894,6
50.07444382,50.79777908,50.07444382,0.032029828,0,0.112117266,0,0.000368113,50.07444382,50.43888855,50.07444382,0.025988532,50.07444382,51.09999847,50.07444382,0.047593091,6
57.68333435,59.13222122,58.40888977,0.030551475,0,0.419211612,0,0.006645254,57.68333435,58.61000061,58.40888977,0.01871929,58.4066658,59.97333145,58.40888977,0.084757287,6
1,1,1,0,0,0,0,0,1,1,1,0,1,1,1,0,6
1,1,1,0,0,0,0,0,1,1,1,0,1,1,1,0,6
1,1,1,0,0,0,0,0,1,1,1,0,1,1,1,0,6
1,1,1,0,0,0,0,0,1,1,1,0,1,1,1,0,6
1,1,1,0,0,0,0,0,1,1,1,0,1,1,1,0,6
2,2,2,0,0,0,0,0,2,2,2,0,2,2,2,0,6
1,1,1,0,0,0,0,0,1,1,1,0,1,1,1,0,6
1,1,1,0,0,0,0,0,1,1,1,0,1,1,1,0,6
5.555555556,5.555555556,5.555555556,3.21E-30,0,0,0,0,5.555555556,5.555555556,5.555555556,3.21E-30,5.555555556,5.555555556,5.555555556,3.21E-30,6
5.555555556,5.555555556,5.555555556,1.14E-28,0,0,0,0,5.555555556,5.555555556,5.555555556,1.14E-28,5.555555556,5.555555556,5.555555556,1.14E-28,6
5.555555556,5.555555556,5.555555556,3.21E-30,0,0,0,0,5.555555556,5.555555556,5.555555556,3.21E-30,5.555555556,5.555555556,5.555555556,3.21E-30,6
5.555555556,5.555555556,5.555555556,3.21E-30,0,0,0,0,5.555555556,5.555555556,5.555555556,3.21E-30,5.555555556,5.555555556,5.555555556,3.21E-30,6
5.555555556,5.555555556,5.555555556,3.21E-30,0,0,0,0,5.555555556,5.555555556,5.555555556,3.21E-30,5.555555556,5.555555556,5.555555556,3.21E-30,6
6973.338602,6973.338602,6973.338602,5.39E-23,0,0,0,0,6973.338602,6973.338602,6973.338602,5.39E-23,6973.338602,6973.338602,6973.338602,5.39E-23,6
6973.338602,6973.338602,6973.338602,3.33E-22,0,0,0,0,6973.338602,6973.338602,6973.338602,3.33E-22,6973.338602,6973.338602,6973.338602,3.33E-22,6
6973.338602,6973.338602,6973.338602,5.39E-23,0,0,0,0,6973.338602,6973.338602,6973.338602,5.39E-23,6973.338602,6973.338602,6973.338602,5.39E-23,6
6973.338602,6973.338602,6973.338602,6.82E-23,0,0,0,0,6973.338602,6973.338602,6973.338602,6.82E-23,6973.338602,6973.338602,6973.338602,6.82E-23,6
6973.338602,6973.338602,6973.338602,6.82E-23,0,0,0,0,6973.338602,6973.338602,6973.338602,6.82E-23,6973.338602,6973.338602,6973.338602,6.82E-23,6
12.77777778,12.77777778,12.77777778,3.21E-28,0,0,0,0,12.77777778,12.77777778,12.77777778,3.21E-28,12.77777778,12.77777778,12.77777778,3.21E-28,6
12.77777778,12.77777778,12.77777778,5.36E-28,0,0,0,0,12.77777778,12.77777778,12.77777778,5.36E-28,12.77777778,12.77777778,12.77777778,5.36E-28,6
12.77777778,12.77777778,12.77777778,3.21E-28,0,0,0,0,12.77777778,12.77777778,12.77777778,3.21E-28,12.77777778,12.77777778,12.77777778,3.21E-28,6
12.77777778,12.77777778,12.77777778,3.21E-28,0,0,0,0,12.77777778,12.77777778,12.77777778,3.21E-28,12.77777778,12.77777778,12.77777778,3.21E-28,6
12.77777778,12.77777778,12.77777778,3.21E-28,0,0,0,0,12.77777778,12.77777778,12.77777778,3.21E-28,12.77777778,12.77777778,12.77777778,3.21E-28,6
18.33333333,18.33333333,18.33333333,2.06E-28,0,0,0,0,18.33333333,18.33333333,18.33333333,2.06E-28,18.33333333,18.33333333,18.33333333,2.06E-28,6
18.33333333,18.33333333,18.33333333,1.03E-27,0,0,0,0,18.33333333,18.33333333,18.33333333,1.03E-27,18.33333333,18.33333333,18.33333333,1.03E-27,6
18.33333333,18.33333333,18.33333333,2.06E-28,0,0,0,0,18.33333333,18.33333333,18.33333333,2.06E-28,18.33333333,18.33333333,18.33333333,2.06E-28,6
18.33333333,18.33333333,18.33333333,2.06E-28,0,0,0,0,18.33333333,18.33333333,18.33333333,2.06E-28,18.33333333,18.33333333,18.33333333,2.06E-28,6
65084.49362,65084.49362,65084.49362,6.53E-21,7.94E-23,7.94E-23,7.94E-23,0,65084.49362,65084.49362,65084.49362,6.53E-21,65084.49362,65084.49362,65084.49362,6.53E-21,6
65084.49362,65084.49362,65084.49362,3.33E-20,0,7.94E-23,7.94E-23,6.50E-47,65084.49362,65084.49362,65084.49362,3.33E-20,65084.49362,65084.49362,65084.49362,3.33E-20,6
65084.49362,65084.49362,65084.49362,6.53E-21,0,7.94E-23,0,1.57E-45,65084.49362,65084.49362,65084.49362,6.53E-21,65084.49362,65084.49362,65084.49362,6.53E-21,6
65084.49362,65084.49362,65084.49362,6.52E-21,0,7.94E-23,7.94E-23,7.98E-46,65084.49362,65084.49362,65084.49362,6.52E-21,65084.49362,65084.49362,65084.49362,6.52E-21,6
65084.49362,65084.49362,65084.49362,6.52E-21,0,7.94E-23,7.94E-23,7.13E-46,65084.49362,65084.49362,65084.49362,6.52E-21,65084.49362,65084.49362,65084.49362,6.52E-21,6
8.333333333,8.333333333,8.333333333,1.29E-29,0,0,0,0,8.333333333,8.333333333,8.333333333,1.29E-29,8.333333333,8.333333333,8.333333333,1.29E-29,6
8.333333333,8.333333333,8.333333333,3.18E-30,0,0,0,0,8.333333333,8.333333333,8.333333333,3.18E-30,8.333333333,8.333333333,8.333333333,3.18E-30,6
8.333333333,8.333333333,8.333333333,1.29E-29,0,0,0,0,8.333333333,8.333333333,8.333333333,1.29E-29,8.333333333,8.333333333,8.333333333,1.29E-29,6
8.333333333,8.333333333,8.333333333,1.29E-29,0,0,0,0,8.333333333,8.333333333,8.333333333,1.29E-29,8.333333333,8.333333333,8.333333333,1.29E-29,6
9297.784803,9297.784803,9297.784803,1.21E-22,0,0,0,0,9297.784803,9297.784803,9297.784803,1.21E-22,9297.784803,9297.784803,9297.784803,1.21E-22,6
9297.784803,9297.784803,9297.784803,2.70E-22,0,0,0,0,9297.784803,9297.784803,9297.784803,2.70E-22,9297.784803,9297.784803,9297.784803,2.70E-22,6
9297.784803,9297.784803,9297.784803,1.21E-22,0,0,0,0,9297.784803,9297.784803,9297.784803,1.21E-22,9297.784803,9297.784803,9297.784803,1.21E-22,6
9297.784803,9297.784803,9297.784803,1.21E-22,0,0,0,0,9297.784803,9297.784803,9297.784803,1.21E-22,9297.784803,9297.784803,9297.784803,1.21E-22,6
9297.784803,9297.784803,9297.784803,1.21E-22,0,0,0,0,9297.784803,9297.784803,9297.784803,1.21E-22,9297.784803,9297.784803,9297.784803,1.21E-22,6
11.66666667,11.66666667,11.66666667,0,0,0,0,0,11.66666667,11.66666667,11.66666667,0,11.66666667,11.66666667,11.66666667,0,6
11.66666667,11.66666667,11.66666667,8.13E-28,0,0,0,0,11.66666667,11.66666667,11.66666667,8.13E-28,11.66666667,11.66666667,11.66666667,8.13E-28,6
11.66666667,11.66666667,11.66666667,0,0,0,0,0,11.66666667,11.66666667,11.66666667,0,11.66666667,11.66666667,11.66666667,0,6
11.66666667,11.66666667,11.66666667,3.21E-30,0,0,0,0,11.66666667,11.66666667,11.66666667,3.21E-30,11.66666667,11.66666667,11.66666667,3.21E-30,6
11.66666667,11.66666667,11.66666667,3.21E-30,0,0,0,0,11.66666667,11.66666667,11.66666667,3.21E-30,11.66666667,11.66666667,11.66666667,3.21E-30,6
15.55555556,15.55555556,15.55555556,5.43E-28,0,0,0,0,15.55555556,15.55555556,15.55555556,5.43E-28,15.55555556,15.55555556,15.55555556,5.43E-28,6
15.55555556,15.55555556,15.55555556,2.31E-27,0,0,0,0,15.55555556,15.55555556,15.55555556,2.31E-27,15.55555556,15.55555556,15.55555556,2.31E-27,6
15.55555556,15.55555556,15.55555556,5.43E-28,0,0,0,0,15.55555556,15.55555556,15.55555556,5.43E-28,15.55555556,15.55555556,15.55555556,5.43E-28,6
15.55555556,15.55555556,15.55555556,5.43E-28,0,0,0,0,15.55555556,15.55555556,15.55555556,5.43E-28,15.55555556,15.55555556,15.55555556,5.43E-28,6
60435.60122,60435.60122,60435.60122,8.63E-22,0,0,0,0,60435.60122,60435.60122,60435.60122,8.63E-22,60435.60122,60435.60122,60435.60122,8.63E-22,6
60435.60122,60435.60122,60435.60122,5.12E-20,0,0,0,0,60435.60122,60435.60122,60435.60122,5.12E-20,60435.60122,60435.60122,60435.60122,5.12E-20,6
60435.60122,60435.60122,60435.60122,8.63E-22,0,0,0,0,60435.60122,60435.60122,60435.60122,8.63E-22,60435.60122,60435.60122,60435.60122,8.63E-22,6
60435.60122,60435.60122,60435.60122,8.63E-22,0,0,0,0,60435.60122,60435.60122,60435.60122,8.63E-22,60435.60122,60435.60122,60435.60122,8.63E-22,6
60435.60122,60435.60122,60435.60122,8.63E-22,0,0,0,0,60435.60122,60435.60122,60435.60122,8.63E-22,60435.60122,60435.60122,60435.60122,8.63E-22,6
3,3,3,0,0,0,0,0,3,3,3,0,3,3,3,0,6
3,3,3,0,0,0,0,0,3,3,3,0,3,3,3,0,6
3,3,3,0,0,0,0,0,3,3,3,0,3,3,3,0,6
3,3,3,0,0,0,0,0,3,3,3,0,3,3,3,0,6
3,3,3,0,0,0,0,0,3,3,3,0,3,3,3,0,6
1,1,1,0,0,0,0,0,1,1,1,0,1,1,1,0,6
1,1,1,0,0,0,0,0,1,1,1,0,1,1,1,0,6
1,1,1,0,0,0,0,0,1,1,1,0,1,1,1,0,6
1,1,1,0,0,0,0,0,1,1,1,0,1,1,1,0,6
1,1,1,0,0,0,0,0,1,1,1,0,1,1,1,0,6
4,4,4,0,0,0,0,0,4,4,4,0,4,4,4,0,6
4,4,4,0,0,0,0,0,4,4,4,0,4,4,4,0,6
4,4,4,0,0,0,0,0,4,4,4,0,4,4,4,0,6
4,4,4,0,0,0,0,0,4,4,4,0,4,4,4,0,6
2,4,2,0.506397306,0,1.333333333,0,0.093378227,2,4,2,0.452356902,2,4,2,0.606060606,6
2,2,2,0,0,0,0,0,2,2,2,0,2,2,2,0,6
2,2,2,0,0,0,0,0,2,2,2,0,2,2,2,0,6
2,2,2,0,0,0,0,0,2,2,2,0,2,2,2,0,6
4,4,4,0,0,0,0,0,4,4,4,0,4,4,4,0,6
1,1,1,0,0,0,0,0,1,1,1,0,1,1,1,0,6
1,3,1,0.21010101,0,1.333333333,0,0.032323232,1,3,1,0.145959596,1,3,1,0.21010101,6
1,1,1,0,0,0,0,0,1,1,1,0,1,1,1,0,6
1,1,1,0,0,0,0,0,1,1,1,0,1,1,1,0,6
1,1,1,0,0,0,0,0,1,1,1,0,1,1,1,0,6
1,1,1,0,0,0,0,0,1,1,1,0,1,1,1,0,6
1,1,1,0,0,0,0,0,1,1,1,0,1,1,1,0,6
1,1,1,0,0,0,0,0,1,1,1,0,1,1,1,0,6
1,1,1,0,0,0,0,0,1,1,1,0,1,1,1,0,6
1,1,1,0,0,0,0,0,1,1,1,0,1,1,1,0,6
1,1,1,0,0,0,0,0,1,1,1,0,1,1,1,0,6
1,1,1,0,0,0,0,0,1,1,1,0,1,1,1,0,6
1,1,1,0,0,0,0,0,1,1,1,0,1,1,1,0,6
1,2,1,0.130624093,0,0.3,0,0.001698113,1,2,1,0.116835994,1,2,1,0.130624093,6
1,1,1,0,0,0,0,0,1,1,1,0,1,1,1,0,6
1,1,1,0,0,0,0,0,1,1,1,0,1,1,1,0,6
1,1,1,0,0,0,0,0,1,1,1,0,1,1,1,0,6
1,2,1,0.188679245,0,0.266666667,0,0.003870343,1,2,1,0.156023222,1,2,1,0.188679245,6
1,1,1,0,0,0,0,0,1,1,1,0,1,1,1,0,6
1,2,1,0.176100629,0,0.266666667,0,0.002584052,1,2,1,0.176100629,1,2,1,0.195667365,6
1,1,1,0,0,0,0,0,1,1,1,0,1,1,1,0,6
1,1,1,0,0,0,0,0,1,1,1,0,1,1,1,0,6
1,1,1,0,0,0,0,0,1,1,1,0,1,1,1,0,6
1,2,1,0.130624093,0,0.266666667,0,0.002631834,1,2,1,0.116835994,1,2,1,0.143686502,6
1,2,1,0.116835994,0,0.266666667,0,0.002631834,1,2,1,0.102322206,1,2,1,0.130624093,6
0.555555556,0.555555556,0.555555556,1.13E-31,0,0,0,0,0.555555556,0.555555556,0.555555556,1.13E-31,0.555555556,0.555555556,0.555555556,1.13E-31,6
0.555555556,0.555555556,0.555555556,7.94E-31,0,0,0,0,0.555555556,0.555555556,0.555555556,7.94E-31,0.555555556,0.555555556,0.555555556,7.94E-31,6
0.555555556,0.555555556,0.555555556,1.13E-31,0,0,0,0,0.555555556,0.555555556,0.555555556,1.13E-31,0.555555556,0.555555556,0.555555556,1.13E-31,6
0.555555556,0.555555556,0.555555556,1.13E-31,0,0,0,0,0.555555556,0.555555556,0.555555556,1.13E-31,0.555555556,0.555555556,0.555555556,1.13E-31,6
1.388888889,1.388888889,1.388888889,2.01E-31,0,0,0,0,1.388888889,1.388888889,1.388888889,2.01E-31,1.388888889,1.388888889,1.388888889,2.01E-31,6
1.388888889,1.388888889,1.388888889,7.15E-30,0,0,0,0,1.388888889,1.388888889,1.388888889,7.15E-30,1.388888889,1.388888889,1.388888889,7.15E-30,6
1.388888889,1.388888889,1.388888889,2.01E-31,0,0,0,0,1.388888889,1.388888889,1.388888889,2.01E-31,1.388888889,1.388888889,1.388888889,2.01E-31,6
1.388888889,1.388888889,1.388888889,2.01E-31,0,0,0,0,1.388888889,1.388888889,1.388888889,2.01E-31,1.388888889,1.388888889,1.388888889,2.01E-31,6
1,1,1,0,0,0,0,0,1,1,1,0,1,1,1,0,6
1,1,1,0,0,0,0,0,1,1,1,0,1,1,1,0,6
1,1,1,0,0,0,0,0,1,1,1,0,1,1,1,0,6
1,1,1,0,0,0,0,0,1,1,1,0,1,1,1,0,6
1,1,1,0,0,0,0,0,1,1,1,0,1,1,1,0,6
1,1,1,0,0,0,0,0,1,1,1,0,1,1,1,0,6
1,1,1,0,0,0,0,0,1,1,1,0,1,1,1,0,6
1,1,1,0,0,0,0,0,1,1,1,0,1,1,1,0,6
1,2,1,0.130624093,0,0.3,0,0.001698113,1,2,1,0.116835994,1,2,1,0.130624093,6
1,1,1,0,0,0,0,0,1,1,1,0,1,1,1,0,6
1,1,1,0,0,0,0,0,1,1,1,0,1,1,1,0,6
1,1,1,0,0,0,0,0,1,1,1,0,1,1,1,0,6
1,2,1,0.176100629,0,0.266666667,0,0.002584052,1,2,1,0.176100629,1,2,1,0.195667365,6
1,1,1,0,0,0,0,0,1,1,1,0,1,1,1,0,6
1,2,1,0.176100629,0,0.266666667,0,0.002584052,1,2,1,0.176100629,1,2,1,0.195667365,6
1,1,1,0,0,0,0,0,1,1,1,0,1,1,1,0,6
1,1,1,0,0,0,0,0,1,1,1,0,1,1,1,0,6
1,1,1,0,0,0,0,0,1,1,1,0,1,1,1,0,6
1,2,1,0.130624093,0,0.266666667,0,0.002631834,1,2,1,0.116835994,1,2,1,0.143686502,6
1,2,1,0.128581412,0,0.266666667,0,0.002584052,1,2,1,0.114954577,1,2,1,0.141509434,6
1,1,1,0,0,0,0,0,1,1,1,0,1,1,1,0,6
1,1,1,0,0,0,0,0,1,1,1,0,1,1,1,0,6
1,1,1,0,0,0,0,0,1,1,1,0,1,1,1,0,6
1,1,1,0,0,0,0,0,1,1,1,0,1,1,1,0,6
1,1,1,0,0,0,0,0,1,1,1,0,1,1,1,0,6
4.166666667,4.166666667,4.166666667,2.01E-29,0,9.47E-31,9.02E-31,1.87E-61,4.166666667,4.166666667,4.166666667,2.01E-29,4.166666667,4.166666667,4.166666667,2.01E-29,6
4.166666667,4.166666667,4.166666667,1.98E-29,0,0,0,0,4.166666667,4.166666667,4.166666667,1.98E-29,4.166666667,4.166666667,4.166666667,1.98E-29,6
4.166666667,4.166666667,4.166666667,2.01E-29,0,0,0,0,4.166666667,4.166666667,4.166666667,2.01E-29,4.166666667,4.166666667,4.166666667,2.01E-29,6
4.170000023,4.170000023,4.170000023,8.03E-31,0,0,0,0,4.170000023,4.170000023,4.170000023,8.03E-31,4.170000023,4.170000023,4.170000023,8.03E-31,6
4.166666667,4.166666667,4.166666667,2.01E-29,0,0,0,0,4.166666667,4.166666667,4.166666667,2.01E-29,4.166666667,4.166666667,4.166666667,2.01E-29,6
3,3,3,0,0,0,0,0,3,3,3,0,3,3,3,0,6
3,3,3,0,0,0,0,0,3,3,3,0,3,3,3,0,6
3,3,3,0,0,0,0,0,3,3,3,0,3,3,3,0,6
3,3,3,0,0,0,0,0,3,3,3,0,3,3,3,0,6
3,3,3,0,0,0,0,0,3,3,3,0,3,3,3,0,6
3,3,3,0,0,0,0,0,3,3,3,0,3,3,3,0,6
3,3,3,0,0,0,0,0,3,3,3,0,3,3,3,0,6
3,3,3,0,0,0,0,0,3,3,3,0,3,3,3,0,6
1,1,1,0,0,0,0,0,1,1,1,0,1,1,1,0,6
1,1,1,0,0,0,0,0,1,1,1,0,1,1,1,0,6
1,1,1,0,0,0,0,0,1,1,1,0,1,1,1,0,6
1,1,1,0,0,0,0,0,1,1,1,0,1,1,1,0,6
1,1,1,0,0,0,0,0,1,1,1,0,1,1,1,0,6
0,1,0,0.052525253,0,0.333333333,0,0.002020202,0,1,0,0.036489899,0,1,0,0.052525253,6
120,120,120,0,0,0,0,0,120,120,120,0,120,120,120,0,6
120,120,120,0,0,0,0,0,120,120,120,0,120,120,120,0,6
120,120,120,0,0,0,0,0,120,120,120,0,120,120,120,0,6
120,120,120,0,0,0,0,0,120,120,120,0,120,120,120,0,6
120,120,120,0,0,0,0,0,120,120,120,0,120,120,120,0,6
2.222222222,2.222222222,2.222222222,5.02E-30,0,0,0,0,2.222222222,2.222222222,2.222222222,5.02E-30,2.222222222,2.222222222,2.222222222,5.02E-30,6
2.222222222,2.222222222,2.222222222,1.98E-29,0,0,0,0,2.222222222,2.222222222,2.222222222,1.98E-29,2.222222222,2.222222222,2.222222222,1.98E-29,6
2.222222222,2.222222222,2.222222222,5.02E-30,0,0,0,0,2.222222222,2.222222222,2.222222222,5.02E-30,2.222222222,2.222222222,2.222222222,5.02E-30,6
2.222222222,2.222222222,2.222222222,5.02E-30,0,0,0,0,2.222222222,2.222222222,2.222222222,5.02E-30,2.222222222,2.222222222,2.222222222,5.02E-30,6
2.222222222,2.222222222,2.222222222,5.02E-30,0,0,0,0,2.222222222,2.222222222,2.222222222,5.02E-30,2.222222222,2.222222222,2.222222222,5.02E-30,6
2,2,2,0,0,0,0,0,2,2,2,0,2,2,2,0,6
2,2,2,0,0,0,0,0,2,2,2,0,2,2,2,0,6
2,2,2,0,0,0,0,0,2,2,2,0,2,2,2,0,6
2,2,2,0,0,0,0,0,2,2,2,0,2,2,2,0,6
2,2,2,0,0,0,0,0,2,2,2,0,2,2,2,0,6
2,2,2,0,0,0,0,0,2,2,2,0,2,2,2,0,6
2,2,2,0,0,0,0,0,2,2,2,0,2,2,2,0,6
2,2,2,0,0,0,0,0,2,2,2,0,2,2,2,0,6
40,40,40,0,0,0,0,0,40,40,40,0,40,40,40,0,6
40,40,40,0,0,0,0,0,40,40,40,0,40,40,40,0,6
40,40,40,0,0,0,0,0,40,40,40,0,40,40,40,0,6
40,40,40,0,0,0,0,0,40,40,40,0,40,40,40,0,6
40,40,40,0,0,0,0,0,40,40,40,0,40,40,40,0,6
40,40,40,0,0,0,0,0,40,40,40,0,40,40,40,0,6
40,40,40,0,0,0,0,0,40,40,40,0,40,40,40,0,6
40,40,40,0,0,0,0,0,40,40,40,0,40,40,40,0,6
60,60,60,0,0,0,0,0,60,60,60,0,60,60,60,0,6
60,60,60,0,0,0,0,0,60,60,60,0,60,60,60,0,6
60,60,60,0,0,0,0,0,60,60,60,0,60,60,60,0,6
60,60,60,0,0,0,0,0,60,60,60,0,60,60,60,0,6
60,60,60,0,0,0,0,0,60,60,60,0,60,60,60,0,6
60,60,60,0,0,0,0,0,60,60,60,0,60,60,60,0,6
60,60,60,0,0,0,0,0,60,60,60,0,60,60,60,0,6
60,60,60,0,0,0,0,0,60,60,60,0,60,60,60,0,6
16.42223358,21.04222616,18.07222578,1.47395454,0,0.781583763,0.00423367,0.041713797,16.36972745,21.04222616,17.9422156,1.406449848,16.48223029,21.04222616,18.21221246,1.481882961,8
14.02220832,16.5872256,15.99220912,0.210884069,0.000633825,1.394475256,0.036234605,0.076964768,14.00721656,16.51222865,15.86220423,0.414079628,15.15221278,16.71220991,16.14220301,0.103362757,8
43.95221498,61.14220513,56.23223199,24.22050476,0.008033112,18.69606672,0.44322695,9.454577861,42.30222066,60.48222436,56.00472132,24.84400896,44.70222897,65.01222399,57.30220371,26.20578896,8
56.66222466,77.02220493,75.96221076,68.19201976,0.000450014,14.79264774,0.056695691,3.940650804,56.21972614,76.80472268,75.80720901,69.7823192,57.26222568,77.57222493,76.10221863,67.46757406,8
15.84221522,21.06221517,18.11223348,2.386042179,0,1.749446354,0.00123349,0.051777097,15.76972961,21.04222616,18.08222771,2.432246783,15.88222504,21.55220879,18.26222738,2.317033679,8
14.44222132,16.66222254,15.68221198,0.217537218,0,1.307193955,0.003599732,0.034130193,14.21472126,16.62473202,15.6547308,0.28967243,14.56221686,16.72222137,15.77220917,0.194744708,8
44.56221686,60.92223273,48.492207,19.12312777,3.34E-05,69.63685438,0.223334656,33.17605765,42.41970486,60.50971773,48.26221996,18.1799432,44.86223433,64.81221517,48.95222982,21.18910856,8
54.76222568,76.93221198,57.26222568,70.30044477,3.34E-05,75.75738749,0.057631248,37.99798946,51.45472421,76.67721219,56.93721559,70.98076404,56.50221931,77.48222351,57.71220737,70.36231876,8
19.93166394,22.65666962,21.62666321,0.474591282,0,1.134048855,0.001799803,0.024566121,19.90665436,22.64667511,21.61291864,0.506900378,19.95667352,22.66666412,21.65166643,0.46552212,8
21.92221748,24.43221198,23.23971536,0.749894118,0,2.213714883,0.000383209,0.090706186,21.91222297,24.42472882,23.16471842,0.726703942,21.93221198,24.60222456,23.272224,0.765509815,8
22.10222456,22.91722827,22.2447194,0.080276446,0,0.021903152,0.00015816,8.75E-06,22.08223025,22.91222466,22.23722034,0.079968932,22.11223602,22.93221368,22.25222058,0.08220485,8
16.49164836,22.83228556,17.11171256,2.904111937,0,6.766064903,0.002667202,0.867805821,16.42414252,22.79478073,17.07545757,2.6833093,16.56165653,22.87228902,17.19171948,3.305981008,8
72.70207214,74.80828857,73.31413269,0.506407686,0,0.027978074,0.009289629,4.46E-05,72.63456345,74.72727585,73.26462746,0.49976351,72.70207214,74.8802948,73.36813354,0.502192321,8
20.85222456,22.26222992,21.59221649,0.166419612,0,0.006051746,0.000233402,1.96E-06,20.85222456,22.25472132,21.5647263,0.168122596,20.87221358,22.26222992,21.60222371,0.161638468,8
20.70223067,22.18221029,21.51223077,0.179366039,0,0.006433528,0.000400154,3.05E-06,20.70223067,22.18221029,21.46971067,0.182527813,20.73223114,22.18221029,21.53221978,0.174530972,8
0.004861915,0.004909233,0.004909233,2.49E-10,0,1.40E-10,0,1.28E-21,0.004861915,0.004909233,0.004909233,2.75E-10,0.004861915,0.004909233,0.004909233,2.27E-10,8
20.34221649,21.14722358,20.87221358,0.044745054,0,0.006400429,0.000400154,9.37E-07,20.3347079,21.13222334,20.85472743,0.045544794,20.34221649,21.16222382,20.89220259,0.043669745,8
20.33220503,21.10721588,20.83220588,0.041907204,0,0.007431793,0.000300603,1.15E-06,20.33220503,21.09221564,20.83220588,0.042864712,20.34221649,21.12221612,20.86223602,0.041229231,8
14.30143144,16.14161597,15.56155735,0.243708067,0.001233547,4.264048679,0.449823926,0.687398561,12.84128613,16.01410283,14.75897789,0.490444589,14.4614474,16.76167806,15.87158839,0.236318877,8
18.56722302,20.95223321,19.53221639,0.487772827,4.98E-05,0.203492656,0.002450572,0.001183573,18.52221489,20.93721602,19.46721713,0.478989567,18.60222711,20.96221076,19.61223602,0.486912469,8
21.75221973,22.13222504,21.98223114,0.008667378,0,0.004424893,3.34E-05,3.60E-07,21.74221039,22.13222504,21.97472254,0.009083789,21.76222907,22.13222504,21.99220869,0.008010032,8
17.40221235,19.64220259,17.9822286,0.227307904,0,0.006533785,0.000433437,1.38E-06,17.40221235,19.60471365,17.96721458,0.223879895,17.42223316,19.67223273,18.01222907,0.230229824,8
16.33220673,17.46221119,16.99220869,0.060592216,0,0.011099228,0.000533539,1.94E-06,16.33220673,17.41721206,16.96970993,0.058908896,16.33220673,17.47222053,17.02220917,0.062976542,8
13.47134908,15.91659228,15.03150516,0.123992872,0.000933495,6.472329943,0.048376402,0.902667733,12.13871479,15.80158128,14.93524498,0.340155936,14.82148276,16.1616177,15.38153966,0.069725884,8
5.250524945,7.21072091,5.755576028,0.076682697,0.000133356,0.145761899,0.003634096,0.000378506,5.185518265,6.775678529,5.718072785,0.057238065,5.300530328,7.350735135,5.820583767,0.083877006,8
11.86913808,30.10596381,16.36959076,13.0691123,0.000833477,79.39586444,0.364706044,165.4467734,10.96154849,30.05096012,15.55950801,12.80545198,12.82923381,30.16096751,16.76962958,14.91259531,8
21.0868454,23.11684291,21.74982495,0.126005312,0.329884231,9.818815934,0.847077907,2.203874625,18.58058929,21.65285322,20.84215376,0.136367212,21.98155721,26.93040551,22.64047538,0.569501847,8
12.65915659,23.13544379,21.5321562,2.930748873,0.003775737,35.90447837,0.674091458,46.18580466,8.126975165,21.6043006,20.88189019,8.111054571,15.87697813,26.63475249,22.20921156,1.805689533,8
16.83168411,19.08190833,18.25182809,0.411584859,0.000133356,0.156264521,0.024221823,0.001218224,16.6741689,18.84938664,18.14931711,0.432697745,16.91169315,19.12191603,18.36183972,0.369645541,8
13.70137109,16.54165692,14.60146162,0.33455945,0,3.740012006,0.075615363,0.333110777,12.88629002,16.54165692,14.38643985,0.258170029,14.22142453,16.76167806,14.96149699,0.41749279,8
9.86998664,10.08000904,9.990001255,0.001606399,0.000133356,0.133251442,0.002292107,0.000339718,9.667467541,10.05000644,9.96749772,0.003439368,9.939994812,10.72007285,10.06000731,0.010393227,8
9.812732273,10.12776481,10.02275361,0.004525437,0.000133356,0.040307944,0.008151685,8.07E-05,9.777728187,10.10776096,9.945245319,0.005152157,9.847736359,10.24777518,10.10776096,0.005472645,8
5.250526004,6.445645226,5.785578622,0.047145142,0,0.518170419,0.000437595,0.004978907,5.235524707,5.970597797,5.751825704,0.037079217,5.250526004,7.430744171,5.820583767,0.093917544,8
5.050506592,9.730972714,5.65056483,0.90204129,0,5.706873422,0.001883708,0.613339981,5.028003057,9.498451021,5.620562236,0.834811144,5.120512644,9.94099511,5.670568678,1.345042525,8
13.00130208,16.83168411,15.76157676,0.355394171,0,2.130127953,0.001016842,0.089608111,12.70877202,16.83168411,15.7215733,0.382461467,15.31153361,17.56175783,15.78157849,0.247655093,8
12.81128354,13.11131159,12.97129737,0.004542929,0.000100017,0.084067143,0.003534015,0.000230842,12.611262,13.07380835,12.93254428,0.006927572,12.86128574,13.22132323,13.04130554,0.004704403,8
12.77127796,13.00130208,12.92129305,0.002479396,0,0.052043717,0.002363041,0.000111009,12.66126633,12.97129737,12.88128747,0.003194708,12.84128401,13.29132928,12.95129564,0.004675888,8
7.285228305,18.50635105,10.30053139,8.20601842,0,12.33950784,0.006934928,5.121515096,7.285228305,18.43884362,10.25052627,7.88523417,7.405240801,18.81638421,10.4255422,9.199715713,8
20.16084883,21.23696221,20.78896417,0.066656701,23.94190361,58.58525478,42.77976207,75.1350191,16.51003096,19.16921298,18.31091881,0.357221051,23.31201087,31.38258786,26.53548347,4.735396121,8
9.802207947,10.08220673,10.01223034,0.002823828,0,0.142424485,0.002133003,0.000371348,9.704726537,10.08220673,9.984717899,0.003170095,9.942222171,10.68221198,10.05222321,0.009604852,8
9.832206302,10.18221325,10.01721912,0.005892091,0,0.039199658,0.00848248,8.09E-05,9.742209117,10.07722484,9.934719404,0.005076207,9.852224986,10.25221931,10.11220508,0.006109218,8
7.292228275,18.53221893,10.33222198,8.29396573,0.000399561,12.10203897,0.007766964,4.69759132,7.249709235,18.46472104,10.23221943,7.948435466,7.43221283,18.71220907,10.41222254,9.143225248,8
16.62221485,20.88222504,18.38220808,1.421098039,0,3.13346798,0.003099392,0.272928204,16.59220748,20.88222504,18.34096326,1.397631229,16.71220991,21.12221612,18.49222395,1.608743612,8
14.33722602,27.22221798,18.39221954,4.860003815,6.07E-05,120.3090602,0.156943831,268.7283162,13.47222116,26.37221442,17.96222475,4.658666539,16.09922579,27.77220832,18.89220344,5.414803742,8
21.76222907,34.10222371,31.48223029,14.02389503,0.000419607,8.36064195,0.364828846,2.40000755,21.6922209,33.99220785,31.06221517,13.18533406,21.83220757,34.33220334,32.59221395,15.40067796,8
23.26222738,36.42223358,30.4422209,11.34863664,0.000746751,10.6542139,0.482427267,9.859674103,23.17223443,34.95223151,29.57222409,8.182290545,23.44222175,36.81221432,31.03221893,14.99788583,8
17.22172207,17.58175744,17.47174793,0.005780084,0,0.044941994,0.000633475,3.79E-05,17.22172207,17.54425579,17.45674822,0.005453797,17.25172679,17.73177253,17.49174966,0.006879284,8
21.37213813,23.05230882,22.25972705,0.133265319,0.000533426,2.249349288,0.028039001,0.096478039,20.13451682,22.94229296,22.12346554,0.210404843,21.55215793,23.51235284,22.39724053,0.136702383,8
18.24402703,22.60446337,20.62426673,1.22075865,0,1.555511686,0.000833548,0.048864271,18.22902573,22.60446337,20.60426076,1.214829727,18.26402876,22.63446808,20.67427317,1.192632551,8
10.47104941,28.82288615,15.22152371,12.25442587,0,97.46034395,0.271188334,219.3867425,9.310932159,26.89519246,14.58646033,13.07419087,11.3511361,29.1029146,15.60156292,15.22280509,8
7.09221522,27.15221405,8.492209117,50.48683559,0.006700099,129.3845751,0.687638669,550.8958578,6.87722683,27.08471616,8.057228194,51.66297708,7.182212406,27.42223104,11.55220668,52.0263392,8
6.172233158,8.102226257,6.882224613,0.31003524,0,2.305641895,0.007600763,0.106554774,6.077208519,8.094719251,6.732214822,0.329257005,6.212211185,9.782218933,6.972221798,0.44634436,8
21.1712265,22.58723789,21.90364838,0.095477946,0,0.066954712,0.000546376,0.000122242,21.15291595,22.58723789,21.88228607,0.10160147,21.1712265,22.58723789,21.94026735,0.093051417,8
12.31123183,19.70197466,17.53175524,1.554713055,0,8.682768625,0.000533482,4.68971905,12.28122923,19.67947112,17.49174966,2.176758515,16.14161597,21.19212257,17.56175783,1.063257044,8
16.0772313,30.28722127,21.22721142,8.857666219,0.007440659,183.6020009,7.642709389,1561.020947,14.98222987,21.90221151,16.91222297,4.165298102,17.12121582,41.09721205,22.87622452,33.85307593,8
23.70722241,57.72722456,42.81721963,82.61922068,0.597308259,117.9344882,58.84120456,1108.414312,20.97222222,48.27220493,36.06221517,52.13548695,25.67221154,67.57122379,50.20721563,132.0837864,8
24.39220428,29.77220747,27.64220344,1.205160126,3.32E-05,0.26410549,0.005034331,0.001262629,24.21971957,29.73471536,27.5972059,1.255481603,24.60222456,29.78221893,27.73223029,1.132282305,8
23.92223358,30.35222371,27.19222175,1.892148655,0,0.0993006,0.002498737,0.000226559,23.89222781,30.3447183,27.1647093,1.923323521,24.18221368,30.37221273,27.23222944,1.843853793,8
5.920592414,11.63116455,9.283429782,2.981325311,0,11.14326648,0.006001179,2.751431624,5.89058982,11.44114388,9.25842709,2.997576408,5.940594143,11.77117878,9.330933889,2.870598145,8
70.07381439,90.39784241,73.24212646,13.28387459,0,94.83958121,0.002700238,121.7698939,70.07381439,88.14762115,73.15211868,10.1905983,70.07381439,90.52385712,73.40414429,19.50726866,8
33.77220578,58.00221761,46.30220625,20.41584382,0.000300009,49.54086945,0.090301205,23.13424726,32.26971414,57.80721029,45.83971235,21.87835265,36.85222626,58.46221076,46.63222419,19.63087086,8
20.57721668,28.12221527,25.3522163,3.689130128,0.000233247,2.774615567,0.027598117,0.183755715,20.48721949,28.05471738,25.26721425,3.69907213,20.71221246,28.15221151,25.46721564,3.54020973,8
20.67722109,23.88721254,22.03221639,0.615508812,0.000496604,5.069764311,0.403708687,1.565576219,19.29222955,22.37221612,21.86223348,1.036691923,21.85222626,26.35923301,22.28121779,1.43115644,8
49.2449273,65.36154005,62.85629272,35.48284474,0,11.44520297,0.240880988,3.626420895,49.15991783,65.3165351,62.39624447,34.6083179,49.27493201,66.17662218,63.56636047,35.72690469,8
52.41221958,77.19222175,57.45223151,67.78010304,9.99E-05,33.2613387,0.071235098,7.858553392,50.57472759,76.9897249,57.18222088,68.37592496,52.42223104,77.49220954,57.78221978,68.10449951,8
37.08720949,49.56221686,48.86720657,20.15289088,4.98E-05,23.74818961,0.011082544,13.05050719,34.53720729,49.4647132,48.83722305,22.40482086,38.40221405,49.57222409,48.92722024,19.00203106,8
25.0722101,45.18221325,43.52722804,26.7546876,16.84114099,676.6876799,551.5348002,34202.98346,21.75222715,22.31221517,22.08220588,0.025493998,30.08421326,68.72322167,65.96020423,90.64436655,8
59.55595228,81.40814887,79.68797048,76.9890921,0.001633517,1.836784055,0.11322229,0.129143836,58.89588886,81.07061174,79.542959,78.45742333,60.16601563,81.70817057,79.93799845,75.09621167,8
14.63222504,47.67222934,22.64220344,90.69278844,0,153.0108835,0.018231584,421.5564035,14.48721939,47.6122178,22.58971956,87.46313393,14.67223273,48.03221809,22.78221978,94.40258668,8
26.23223199,70.07222493,42.77220832,114.8732311,3.34E-05,251.167482,0.09923515,865.4227369,26.14223374,70.00473022,42.31220987,111.994288,26.61223518,70.42222765,44.99220954,121.2323954,8
59.26092784,81.40814887,79.75797865,75.59381538,0.000800138,88.21741835,0.116156526,140.8619972,58.55585734,81.12311469,79.5254559,78.54143575,59.63596768,81.70817057,79.93799845,72.4548157,8
34.32343377,41.16411845,37.07370758,4.154312697,0.0001333,0.009435544,0.001633785,2.66E-06,34.30343204,41.11911138,37.05870628,4.126895456,34.3434355,41.29413181,37.12371402,4.213685125,8
38.74887678,42.37423791,39.97400072,1.300585132,0,0.005034232,0.000633386,1.06E-06,38.72387356,42.33673626,39.95149718,1.289049711,38.77388,42.46424781,39.97400072,1.317851489,8
29.82314301,39.97020721,38.78766632,15.21968928,0.000485064,19.06427642,0.047051193,6.556746616,29.76592255,39.74132538,38.63507843,15.16418046,29.86128998,40.00835419,39.0928421,14.32731394,8
49.05490875,65.3165351,62.67627292,34.80116045,0.005000441,14.74163335,0.282187325,6.158827617,49.02490404,65.06901211,62.18872282,33.99801915,49.46494632,65.73657566,63.24632433,35.07270241,8
59.7509808,81.70817057,80.29803806,79.04998508,0.001633913,95.34639501,0.106055189,164.6276163,58.87589349,81.42314275,80.02800836,80.63641078,60.33604092,81.93819682,80.51806132,73.73949747,8
31.57789993,35.54518127,34.62965393,1.688471635,0.000485064,1.852332474,0.048506384,0.066302624,31.52067947,35.40213013,34.40077209,1.623361978,31.65419388,35.77406311,34.78224182,1.573800111,8
21.33722517,37.64720705,22.2222201,11.74685879,0.000770426,389.3584967,0.57802758,4427.920565,20.76222738,22.31221517,21.34221395,0.104384115,21.44822905,61.88322788,22.9312155,66.56983877,8
21.42722236,42.35721588,22.36722522,18.75085811,0.00151967,577.2816035,0.964840514,9118.781661,20.86223602,22.36223433,21.48223029,0.113628826,21.81221856,66.7632175,23.23122999,100.2306052,8
16.96724786,22.41779327,18.07735867,1.793042446,0,1.819799222,0.004034186,0.109910696,16.96724786,22.38779068,18.05235651,1.654811433,17.30728149,22.41779327,18.13236449,1.942877038,8
13.72797436,27.4093416,18.53845384,7.225434251,0,23.49973131,0.207475933,7.267112876,13.16791852,26.79177814,18.08590889,7.342015414,14.52805413,27.76937697,18.9985021,7.069013156,8
5.602226257,32.15221405,8.972220951,84.57749408,9.99E-05,223.6573966,3.351647871,1784.924506,5.372222265,32.13722229,7.412231233,87.22382003,5.90221405,32.22221798,13.31221686,85.39081501,8
2.702231937,8.162222968,5.692221324,1.724527831,0,23.82290325,0.047232594,27.45000456,2.694724931,8.154715962,5.524711079,2.696550669,2.802208794,12.20223109,7.042227851,4.260364572,8
60.9961107,86.48865594,85.8785926,113.7997662,0,33.25900355,0.031039421,20.07085765,60.37604438,86.2936359,85.73607975,118.9664232,61.6761695,86.48865594,86.0586124,104.8713587,8
86.74867842,87.45875041,87.1887207,0.046401217,0,0.198072315,0.010802376,0.001115676,86.56866286,87.45875041,87.01620314,0.052217922,86.83869256,87.81878153,87.2787306,0.051295671,8
19.49695163,20.15701718,19.84698402,0.035220834,0,0.007501509,0.000833407,2.03E-06,19.49695163,20.15701718,19.84698402,0.034304322,19.49695163,20.15701718,19.9069892,0.03533012,8
20.30503167,20.96509722,20.76507568,0.042915442,0,0.010835772,0.002396345,4.59E-06,20.28002845,20.92759238,20.71506924,0.042839092,20.30503167,21.06510586,20.81508213,0.043471416,8
19.81198205,22.6122623,21.22962316,0.559446666,0,0.340102129,0.009034966,0.004881441,19.81198205,22.6122623,21.17961672,0.543040645,19.86198849,22.66226874,21.34213765,0.576651048,8
18.0522071,22.63222588,20.4422209,1.196132941,0,1.944481859,0.003331649,0.083694099,18.01471498,22.5572194,20.39220174,1.235932473,18.0522071,22.63222588,20.54222955,1.145608304,8
18.04740482,22.62786018,20.43764326,1.183285014,0,2.026225886,0.003334192,0.088524067,18.04740482,22.59035852,20.40014161,1.21473721,18.04740482,22.62786018,20.53765191,1.150601826,8
17.5383038,29.80953217,18.56090758,6.819204002,0,9.98319298,0.010835701,1.903489979,17.43079344,29.04445648,18.49840111,5.989430401,17.83833398,29.85953861,18.62341351,8.527242335,8
21.4421463,22.63226403,21.67217043,0.138894801,0,0.009801695,0.000133356,1.79E-06,21.4421463,22.6122623,21.66216956,0.135754709,21.4421463,22.65226576,21.68217129,0.144181281,8
5.22052341,6.700670454,5.770577325,0.055156869,0,1.442420944,0.000450078,0.042907727,5.205520524,6.055606736,5.748075379,0.038971851,5.250526004,8.000799815,5.790579054,0.177642705,8
21.04210748,22.0572069,21.65466838,0.067547399,0.000200035,0.192238495,0.03086904,0.001439076,20.92959616,21.99220022,21.51340326,0.054356681,21.17212084,22.12221358,21.84718874,0.064435416,8
20.67206913,21.79218292,21.42714394,0.063445214,0.000300094,0.217277232,0.063195369,0.003353343,20.67206913,21.72217475,21.1633677,0.053560766,20.89209239,21.86219109,21.63216485,0.041200028,8
21.33713404,22.19222175,21.70217302,0.047819939,0,0.044900536,0.002233833,4.02E-05,21.28212823,22.1422153,21.68467151,0.04819712,21.37213813,22.19222175,21.76218033,0.047616025,8
22.02760484,23.98780399,22.28763156,0.264430865,0,0.228680122,0.006534463,0.001116697,21.98259989,23.98780399,22.2201252,0.245066332,22.02760484,24.16781955,22.33763801,0.290193269,8
21.37368096,21.68904834,21.50777393,0.006605696,0,0.000642098,4.32E-05,1.60E-08,21.37038443,21.68355518,21.49458991,0.00662766,21.37587653,21.69234382,21.51656257,0.006518224,8
19.51222738,20.49222522,19.9772093,0.05586241,0,481.9679348,0.001232402,4223.433327,-8.280280431,20.40222804,19.94721095,14.54116662,19.52220917,20.56221856,20.01222822,0.065453504,8
28.26222738,43.52220747,37.17223273,10.72070398,0.006398055,45.90427582,2.345705275,90.25168641,25.87721189,42.7197255,34.32472017,11.66937344,31.77220662,47.36223433,38.27220917,9.767307826,8
42.85222371,56.39220344,54.97222053,25.57841231,0.002433147,32.87042673,0.164793235,19.8691229,42.64221615,56.33221096,54.07722049,25.65278041,43.73222775,56.78221809,55.33220079,25.04136474,8
38.24220869,49.15221108,47.2122256,6.260627534,0.001337332,97.22307656,0.051815866,225.9228411,30.51221212,48.91222212,46.91971355,10.70589204,38.31221686,49.3092147,47.65922207,6.355031328,8
50.94222175,68.35222032,67.52221002,44.03664308,0,41.10404148,0.094930391,30.51533521,50.01471414,67.84221437,67.17720456,45.60703697,52.69220818,68.59022183,67.72422791,40.81819547,8
28.97221883,53.78720601,48.54222616,48.12784202,37.09038972,282.6959777,175.371146,3358.991142,24.97222053,53.55220371,41.03221893,62.70348848,38.97421519,66.73121643,55.5862236,47.26512201,8
27.91222043,68.55223762,61.36223687,139.81746,38.67508356,504.4552005,363.5344791,15263.50777,21.88222249,61.31221347,31.542227,64.91657257,39.84421031,70.39920976,69.20421939,67.01456702,8
6.426675585,26.68665144,8.476662106,51.49270279,0.015820383,58.20879584,0.928171533,97.66015257,6.236671872,26.37166553,7.326668633,52.5100134,6.72865253,26.86667548,11.28865687,46.52212766,8
5.982231564,32.22221798,8.497214847,89.05642831,0.002261933,129.3913529,4.136978269,576.5983855,5.592215856,32.04222785,6.90472285,87.11118204,6.28621716,32.22221798,13.15322431,75.19006685,8
4.961115519,6.991115146,5.751094818,0.295436518,0,1.497850027,0.020778429,0.042855953,4.878603617,6.991115146,5.573619207,0.336537503,5.101100074,8.671107822,5.919111464,0.406995933,8
2.882224189,8.152213626,5.692221324,1.604937117,3.55E-30,17.88540649,1.425033186,13.08635827,2.697219319,8.152213626,5.220970048,2.430201534,5.462223053,12.26522912,7.219718297,2.934021514,8
-6.220622593,10.71107229,9.120911492,49.5947919,0.001097159,19.34878416,0.007446944,11.06084409,-6.510651906,10.68106757,7.745775647,49.82117803,-5.873587714,10.83408504,9.750976563,44.88471046,8
-6.380638546,10.78107834,4.425443014,47.56219208,0.000100017,47.12753289,0.009801992,81.74297103,-6.403140492,10.70607026,-2.235223452,49.11267939,-5.900590685,10.85108651,6.630664402,47.06336133,8
-2.850284576,12.09120856,9.94099511,38.24659108,0.000311432,35.04793599,0.003893963,22.52326982,-2.905290922,11.88118829,9.035904143,38.74263976,-2.723272218,12.41124047,10.43704436,37.89664884,8
-0.480047862,4.760477278,0.760076311,1.039553013,0.000578911,2.695578132,0.003246091,0.145064628,-0.565056271,4.610461129,0.740074582,0.963127132,-0.327032937,4.970497555,0.936093648,1.46031793,8
5.670568678,16.36163712,9.330933889,10.18974284,0.00010911,23.97556551,0.008180503,20.46681417,5.470548206,16.25162654,9.235924615,10.17168713,5.820583767,16.60165999,9.450946384,11.18760971,8
8.590087891,9.393338097,8.940853543,0.049827293,1.42E-06,0.033474957,0.000349206,2.50E-05,8.58197954,9.320408503,8.916700151,0.04793843,8.599864112,9.505517748,8.981429206,0.057540909,8
8.085962931,10.57735867,9.258060455,0.167414626,2.55E-07,0.361014388,0.000509596,0.001217994,8.068914413,9.926758342,9.213824802,0.153843044,8.114732107,10.69926368,9.291405148,0.176863057,8
10.39210425,13.74803967,13.37728606,1.267863825,2.29E-05,0.302768473,0.001935999,0.001700974,10.36456691,13.69155672,13.35331599,1.292982692,10.45868132,13.85375553,13.42410617,1.267045391,8
8.850159115,14.30563397,12.78209686,1.570760585,0.00016202,2.595920257,0.022004745,0.180269759,7.710878584,14.2966334,12.70882607,1.817812083,9.317868551,14.49833976,12.95622932,1.419739315,8
8.593326145,10.35087374,9.159241782,0.178369973,5.35E-05,0.490503928,0.194414446,0.02055122,8.573066923,9.54954995,9.032724698,0.061984874,8.961414761,10.407149,9.704608917,0.135006923,8