430.174713134766,496.668536072596,1
429.686431884766,496.976675163942,1
426.756744384766,706.182553892426,1
418.015014648438,381.955830304269,1
414.035339355469,1359.53962070367,1
429.686431884766,489.821327580103,1
426.756744384766,710.001815995304,1
418.015014648438,408.565547312253,1
430.662994384766,492.551143946516,1
435.638458251953,2079.07981339975,1
469.898193359375,23743.7636427351,1
423.377624511719,1163.94570094323,1
487.911376953125,1390.51412796968,1
450.799987792969,1232.84106961204,1
414.499969482422,1194.88759803888,1
457.948852539063,6238.02595356928,1
190.899068384042,64011.8535964196,7
614.361387450269,62447.8123558373,7
572.180796594929,25692.0855134480,7
2092.71705268526,936721.517875747,7
1751.76889957784,3146.14132864256,7
1069.79424271313,309.610896500458,7
2498.76330412470,13232.7637550769,7
1342.16391553262,7909.95530772773,7
2267.44384120384,4810.97231251605,7
1546.47418111957,1662.49825731255,7
541.761905722304,1851.83217746133,7
1945.37911648784,1106.24222510351,7
43.6594390869141,1.37173283529725,2
43.0235748291016,1.08193870978582,2
41.0062522888184,1.78868570124555,2
43.5877723693848,1.19684453462030,2
55.1756401062012,283.301767878095,2
75.9709243774414,0.372191504794304,2
77.7599639892578,0.504359090598549,2
92.7060089111328,19.6904056988693,2
55.3525772094727,25.2164317406075,2
58.0615615844727,66.5959043823014,2
35.7323570251465,0.00151232749055994,2
40.0062522888184,992.335384635664,2
43.7032394409180,1.66912226388690,2
43.7562522888184,6.66679409319761,2
47.7500000000000,2.43939680372068,2
43.2074394226074,1.18026283233048,2
86.8466415405273,251.239557653511,2
41.0690040588379,3.35739015572824,2
48.8711471557617,1.13674268199270,2
49.6575241088867,0.927358883887206,2
46.4719848632813,31.4397968209501,2
54.4986305236816,32.1361115988526,2
44.1187515258789,1.85590883464954,2
42.4172515869141,13.6494278792303,2
43.3377685546875,5.33763028690487,2
35.2187461853027,23.3459936183371,2
43.5315170288086,1.11016465620760,2
36.3437500000000,16.8864369872139,2
41.6250000000000,1.58794002191489,2
37.1750030517578,382.829774998345,2
40.7752532958984,3.36829072629689,2
36.2374992370605,20.5340100517088,2
37.9187507629395,24.4952727566930,2
39.4437522888184,23.3663021916265,2
53.4299774169922,29.4246362054580,2
43.9250030517578,0.928613326692959,2
45.7440147399902,3.76921963313942,2
43.5315170288086,1.10476064859938,2
42.5812492370605,0.666555638352988,2
86.7245712280273,251.261602174420,2
86.8466415405273,251.141395810169,2
86.6635360717773,251.721945768192,2
86.8771591186523,251.601191251467,2
86.7245712280273,251.846071630628,2
43.6594390869141,1.37108855150828,2
43.0251312255859,1.08357587195259,2
41.0171890258789,1.77906557906791,2
54.7422294616699,26.2557453173097,2
43.6547546386719,1.38319054664798,2
20.6020609538000,0.412880824837452,4
20.9322102864583,0.208928558787093,4
21.9422234429253,0.616297567408704,4
20.5022176106771,0.0982543334253575,4
20.5622185601128,0.108077590160988,4
20.4522323608398,0.0327816073901372,4
20.7522201538086,0.0727390826450151,4
20.2422078450521,0.142284418118777,4
21.2122090657552,0.580850099287591,4
21.4622116088867,0.151900399565614,4
20.8422173394097,0.387025198423636,4
20.9322102864583,0.185039245545270,4
20.6922234429253,0.286939272950087,4
20.8022054036458,0.0527366239040507,4
20.8622360229492,0.187390330959483,4
20.9822294447157,0.315192121026912,4
20.5822075737847,0.397149673700111,4
20.4922103881836,0.183312679332451,4
20.4022132025825,0.442885155216037,4
20.3922017415365,0.191245231126177,4
20.6222152709961,0.643449049772038,4
20.5222066243490,0.256174850723778,4
20.8022054036458,0.343548045854227,4
20.5622185601128,0.104671693191207,4
20.7222196790907,0.260772495825628,4
20.2422078450521,0.316068084046219,4
20.1622221204970,0.0880426579636450,4
20.6422042846680,0.657143570767899,4
22.1122360229492,0.369527516474374,4
22.1422025892470,1.12925464531439,4
21.9322119818793,0.317700480940405,4
22.0722283257378,0.480665925947496,4
22.1222135755751,0.173842254717572,4
21.9822311401367,0.338025821381015,4
20.9122212727865,0.284163433802981,4
20.6222152709961,0.108039317246228,4
20.3322050306532,0.130634263462258,4
20.6822119818793,0.109746763640260,4
20.7122124565972,0.154618271072695,4
20.5722257826063,0.157162583343780,4
21.6122351752387,0.105100461414885,4
21.7422103881836,0.272753213780740,4
22.1422025892470,0.319053573439820,4
22.3322041829427,0.270835855418586,4
21.1722310384115,0.162754655581909,4
20.7822163899740,0.350804410019988,4
22.6422034369575,1.08418232306408,4
22.6022254096137,0.784794276141706,4
22.1522140502930,1.11592182582975,4
22.3922051323785,1.21759232144168,4
22.4422200520833,0.796959785891108,4
20.3522237141927,0.156534524962337,4
19.8522271050347,0.214950230532236,4
21.2022315131293,0.0862441769744166,4
21.9722196790907,0.0856099317329844,4
20.4222318861220,0.100508674178371,4
23.3288870917426,0.402949928481517,4
21.8922042846680,0.146598670755476,4
21.6922208997938,0.0938767122813955,4
19.2822180853950,0.0603630114610003,4
20.7422086927626,0.0349895835782758,4
20.6922234429253,0.0258863745327439,4
20.6022262573242,0.103999682989956,4
20.9422217475043,0.0640619316240484,4
20.4722213745117,0.0671656417169294,4
21.3022062513563,0.274197061894135,4
22.0055643717448,0.695815828173795,4
20.6922234429253,0.111733773452348,4
21.4722188313802,0.308041049174599,4
20.9922112358941,0.351841457735210,4
21.8822224934896,0.341330172831611,4
20.7022306654188,0.0618105799842571,4
21.2722100151910,0.0389956712356127,4
21.0022184583876,0.0709046133007065,4
21.4622116088867,0.137541834262570,4
19.5422278510200,0.109164758418117,4
22.5722249348958,0.189466461685902,4
21.4222335815430,0.167967803360733,4
20.0922139485677,0.0394373809158421,4
21.2122090657552,0.128367155374972,4
20.6322224934896,0.00681053289966296,4
20.8722135755751,0.115090072142127,4
21.4322111341688,0.545881943583780,4
20.4722213745117,0.0573657379492911,4
20.6622229682075,0.0285119387497337,4
20.9822294447157,0.116763854127879,4
20.8122168646918,0.0742262021954016,4
20.6722344292535,0.00998150164881143,4
20.8222283257378,0.0755899058752652,4
20.5722257826063,0.245902711317644,4
20.1322258843316,0.0842076537682679,4
21.0522079467773,0.0414974439459030,4
20.8322058783637,0.0890353265583374,4
21.5022193060981,0.193782823287078,4
20.9320958455000,0.358499125008842,4
21.2822172376845,0.0351222645021531,4
20.8957756890191,0.0366830214787500,4
20.5622185601128,0.00951215759687031,4
20.1892937554253,0.00979521912149112,4
21.3829888237847,0.0264534699486776,4
20.7822163899740,0.178236926310251,4
20.8222283257378,0.446751501191995,4
20.2022298177083,0.120535316983944,4
21.7122099134657,0.0537162884595264,4
19.2479451497396,0.131240617286804,4
21.5956624348958,0.0384676003154546,4
20.2674780951606,0.598687778331592,4
19.9520195855035,0.193490969949326,4
21.1722310384115,0.443601116193487,4
20.9322102864583,0.351961724028210,4
20.3522237141927,0.140116712170118,4
20.4522323608398,0.102534641088603,4
19.9022123548720,0.00853189273294029,4
20.6122334798177,0.0128812054774524,4
20.4122246636285,0.0600325718636892,4
21.0022184583876,0.106587053505422,4
19.4522306654188,0.161109618164562,4
20.5922147962782,0.0255509575179854,4
19.1122351752387,0.277582626269457,4
21.8122185601128,0.0952634908666533,4
20.5422295464410,0.0825421348174788,4
20.6622229682075,0.148268684074380,4
20.9922112358941,0.178800121223215,4
21.9922086927626,0.0450570552728773,4
21.4422225952148,0.0282076093143432,4
20.2722083197700,0.175019167415457,4
19.4422234429253,0.0579116820871579,4
21.0022184583876,0.629311996827392,4
20.1722335815430,0.0935963411254227,4
21.4422225952148,0.223924400090286,4
21.1722310384115,0.0125115030283412,4
20.8122168646918,0.0173813552641272,4
20.7922278510200,0.0134252167573079,4
20.9022140502930,0.270658405404056,4
21.5222083197700,0.0575798792171591,4
20.0622177124023,0.106529761719624,4
21.2222205268012,0.0329880049076093,4
19.7922261555990,0.204323216234194,4
21.4222335815430,0.0376661797179378,4
20.6299336751302,0.0233183748728154,4
20.8065372043186,0.0355416934912369,4
21.1700481838650,0.0552879964584677,4
22.0242224799262,0.215590501634199,4
21.5700488620334,0.107435218134814,4
20.7722091674805,0.402806320614846,4
20.8813052707248,0.00986778275442343,4
21.8899154663086,0.437835258816049,4
21.6622246636285,0.294288047009135,4
21.3290066189236,0.339242534125170,4
22.9322136773003,0.308575516422431,4
21.8303129408095,0.202127642418831,4
22.4114312065972,0.168116156450736,4
23.7061055501302,0.298573454169558,4
25.0226338704427,1.33140425709843,4
20.6020609537760,0.412450593019633,4
21.8594275580512,0.263401509969044,4
21.6222127278646,0.296650493527000,4
21.3268068101671,0.339152664421534,4
22.9022132025825,0.307174191115863,4
65,2.53891031181569,6
62,62.6410909926737,6
71.5000000000000,2.16724304239068,6
55,0,6
373.000068712156,8.08999228986535e-24,6
373.000068712156,8.08999228986535e-24,6
373.000068712156,8.08999228986535e-24,6
373.000068712156,8.08999228986535e-24,6
33,0,6
68.5000000000000,2.16655115223997,6
3,0,6
3.33333333333333,1.33516474315160e-28,6
65,0,6
30,0,6
1.37999998198615,1.99266496028646e-27,6
4.15999968846639,5.30627625770299e-27,6
23.6506271362305,0.000105952592905586,6
105,0,6
105,0,6
105,0,6
400,0,6
1300,0,6
300,0,6
60,0,6
45,215.951464678171,6
71.4995498657227,0.643128558449184,6
74.5000000000000,0,6
69.5000000000000,0,6
60,0,6
1,0,6
1,0,6
1,0,6
1,0,6
1,0,6
1,0,6
1,0,6
1,0,6
0,0.00148809358677166,6
0,0.00149031296572282,6
0,0.00232828237495680,6
0,0.00239233762690446,6
0,0.00149031296572283,6
0,0.00297617723602551,6
1,0,6
1,0,6
1,0,6
1,0,6
1,0,6
1,0,6
1,0,6
1,0,6
8.32999971177843,6.98077850324709e-27,6
8.32999971177843,6.98077850324709e-27,6
8.32999971177843,6.98077850324709e-27,6
8.32999971177843,6.98077850324709e-27,6
8.32999971177843,6.98077850324709e-27,6
0,0.00149031296572282,6
0,0.00113378684807258,6
0,0.00143678160919540,6
0,0.00149031296572282,6
1,0,6
1,0,6
1,0,6
1,0,6
1,0,6
1,0,6
1,0,6
1,0,6
1,0,6
1,0,6
0,0.00149031296572282,6
0,0.00113507377979569,6
0,0.00143678160919540,6
100,2.59630030796362,6
34.0299987792969,0.347635729419503,6
100,3.52147786696819,6
30.8444442749023,39.1528308891201,6
100,13.3303578624698,6
58.9199981689453,7.09421037996545,6
50.4388885498047,0.102737481964521,6
58.5333328247070,0.0624820687996506,6
1,0,6
1,0,6
1,0,6
1,0,6
1,0,6
2,0,6
1,0,6
1,0,6
5.55555555555556,4.44396549125904e-27,6
5.55555555555556,4.44396549125904e-27,6
5.55555555555556,4.44396549125904e-27,6
5.55555555555556,4.44396549125904e-27,6
5.55555555555556,4.44396549125904e-27,6
6973.33860207806,3.94408481710581e-21,6
6973.33860207806,3.94408481710581e-21,6
6973.33860207806,3.94408481710581e-21,6
6973.33860207806,3.94408481710581e-21,6
6973.33860207806,3.94408481710581e-21,6
12.7777777777778,4.40019736890957e-26,6
12.7777777777778,4.40019736890957e-26,6
12.7777777777778,4.40019736890957e-26,6
12.7777777777778,4.40019736890957e-26,6
12.7777777777778,4.40019736890957e-26,6
18.3333333333333,2.33724933499391e-26,6
18.3333333333333,2.33724933499391e-26,6
18.3333333333333,2.33724933499391e-26,6
18.3333333333333,2.33724933499391e-26,6
18.3333333333333,2.33724933499391e-26,6
65084.4936193952,5.30185734708615e-21,6
65084.4936193952,5.30185734708615e-21,6
65084.4936193952,5.30185734708615e-21,6
65084.4936193952,5.30185734708615e-21,6
65084.4936193952,5.30185734708615e-21,6
8.33333333333333,1.14081531900054e-27,6
8.33333333333333,1.14081531900054e-27,6
8.33333333333333,1.14081531900054e-27,6
8.33333333333333,1.14081531900054e-27,6
8.33333333333333,1.14081531900054e-27,6
9297.78480277074,1.53223677330790e-20,6
9297.78480277074,1.53223677330790e-20,6
9297.78480277074,1.53223677330790e-20,6
9297.78480277074,1.53223677330790e-20,6
9297.78480277074,1.53223677330790e-20,6
11.6666666666667,7.90038309557163e-27,6
11.6666666666667,7.90038309557163e-27,6
11.6666666666667,7.90038309557163e-27,6
11.6666666666667,7.90038309557163e-27,6
11.6666666666667,7.90038309557163e-27,6
15.5555555555556,2.02249807246634e-26,6
15.5555555555556,2.02249807246634e-26,6
15.5555555555556,2.02249807246634e-26,6
15.5555555555556,2.02249807246634e-26,6
15.5555555555556,2.02249807246634e-26,6
60435.6012180098,5.30185734708615e-21,6
60435.6012180098,5.30185734708615e-21,6
60435.6012180098,5.30185734708615e-21,6
60435.6012180098,5.30185734708615e-21,6
60435.6012180098,5.30185734708615e-21,6
3,0,6
3,0,6
3,0,6
3,0,6
3,0,6
1,0,6
1,0,6
1,0,6
1,0,6
1,0,6
4,0,6
4,0,6
4,0,6
4,0,6
2,0.763645261027200,6
2,0,6
2,0,6
2,0,6
2,0,6
4,0,6
1,0,6
1,0.0361964563710872,6
1,0,6
1,0,6
1,0,6
1,0,6
1,0,6
1,0,6
1,0,6
1,0,6
1,0,6
1,0,6
1,0,6
1,0.206530966439663,6
1,0,6
1,0,6
1,0,6
1,0.237282681187318,6
1,0,6
1,0.236942006518315,6
1,0,6
1,0,6
1,0,6
1,0.206530966439663,6
1,0.209887777103337,6
0.555555555555556,6.94369608009225e-29,6
0.555555555555556,6.94369608009225e-29,6
0.555555555555556,6.94369608009225e-29,6
0.555555555555556,6.94369608009225e-29,6
0.555555555555556,6.94369608009225e-29,6
1.38888888888889,2.77747843203690e-28,6
1.38888888888889,2.77747843203690e-28,6
1.38888888888889,2.77747843203690e-28,6
1.38888888888889,2.77747843203690e-28,6
1,0,6
1,0,6
1,0,6
1,0,6
1,0,6
1,0,6
1,0,6
1,0,6
1,0.206530966439663,6
1,0,6
1,0,6
1,0,6
1,0.237282681187318,6
1,0,6
1,0.236942006518315,6
1,0,6
1,0,6
1,0,6
1,0.206530966439663,6
1,0.209588160944925,6
1,0,6
1,0,6
1,0,6
1,0,6
1,0,6
4.16666666666667,1.13996396617576e-27,6
4.16666666666667,4.55062066304926e-28,6
4.16666666666667,4.55062066304926e-28,6
4.17000002331204,1.32805439836559e-27,6
4.16666666666667,4.55062066304926e-28,6
3,0,6
3,0,6
3,0,6
3,0,6
3,0,6
3,0,6
3,0,6
3,0,6
1,0,6
1,0,6
1,0,6
1,0,6
1,0,6
0,0.00915263537829213,6
120,0,6
120,0,6
120,0,6
120,0,6
120,0,6
2.22222222222222,1.52837274135476e-27,6
2.22222222222222,8.86620492900526e-28,6
2.22222222222222,8.86620492900526e-28,6
2.22222222222222,8.86620492900526e-28,6
2.22222222222222,8.86620492900526e-28,6
2,0,6
2,0,6
2,0,6
2,0,6
2,0,6
2,0,6
2,0,6
2,0,6
40,0,6
40,0,6
40,0,6
40,0,6
40,0,6
40,0,6
40,0,6
40,0,6
60,0,6
60,0,6
60,0,6
60,0,6
60,0,6
60,0,6
60,0,6
60,0,6
18.5722266303168,2.21267548104339,8
15.6722323099772,0.224965040383270,8
48.4022098117404,14.6310535033221,8
56.9022115071615,55.2525686166701,8
18.5622151692708,2.21177187008509,8
15.6722323099772,0.227028174050405,8
48.4022098117404,14.6314467020014,8
56.8922000461154,55.2377176544902,8
22.1766747368707,0.900645758633364,8
22.8022087944878,0.440818508498524,8
23.1422042846680,0.408226625631566,8
17.7817789714000,4.73015413929349,8
75.6003570556641,3.31115025251052,8
21.2622282240126,0.112640476377980,8
21.1822128295898,0.121534072359902,8
0.00490923322245460,4.00544410279964e-10,8
20.8522245619032,0.121154173835071,8
20.8322058783637,0.113889426604588,8
14.5514572991265,0.415363837726222,8
19.9222310384115,1.03992123133305,8
21.8822224934896,0.0361577765579840,8
6.48064931234000,0.314646822404132,8
15.4333305359000,0.182881828487691,8
5.32188415527000,0.0969194356699465,8
17.9422208997938,0.211314148430742,8
16.9522306654188,0.0586232505202433,8
15.2715280321000,0.183747135137242,8
5.47054714627000,0.101338116975314,8
16.4695994059000,22.3759410116662,8
21.8981255425347,1.20813544179178,8
21.1367416381836,5.38617615718881,8
16.6516664293000,0.492403659887522,8
14.5514572991000,0.415347845177010,8
9.99000125461000,0.00494621697716604,8
10.0177531772000,0.0101472065332279,8
5.50054974026000,0.0894463685114604,8
5.57055791219000,3.39016012923161,8
15.8915901184000,0.174692569286220,8
12.9312939114000,0.00975993638236828,8
12.8812874688000,0.00613194309084663,8
10.1255120171000,25.4654369164893,8
20.5414666069878,30.1991386993959,8
10.0122303432888,0.00484157219785627,8
10.0222078959147,0.0104578513140059,8
10.1322237650553,25.5001089366712,8
21.9422234429253,4.21822037341168,8
18.6722310384115,8.46014748157464,8
31.2422095404731,15.7495640695268,8
29.5522054036458,16.3599335725572,8
17.3617384169000,0.0133495668000884,8
22.9422929552000,4.75366432063313,8
21.4143456353000,0.881110270837011,8
15.1615164015000,23.1676423117098,8
10.0822067260742,71.0992455389777,8
6.88222461276584,0.445925891125163,8
21.7327499390000,0.102452937649811,8
18.7918811374000,1.36873186754491,8
20.0522062513563,29.2283206152912,8
36.3022062513563,120.422816861089,8
27.7022298177083,1.16254111129387,8
27.1922217475043,1.80680528195263,8
7.43074417114000,7.79970378936740,8
73.2421264648438,15.2123146766882,8
62.2926584880000,78.9730640079226,8
86.8294270833000,0.0479288726498247,8
46.3222249348958,20.0595414592695,8
27.4722205268012,6.78840315491123,8
21.6022237141927,1.53272016352642,8
50.0750096639000,28.2010939575885,8
57.2822146945529,62.6110947617713,8
38.7122090657552,26.5187818401538,8
22.2322294447157,243.742401201450,8
60.1260206434000,60.4906611094481,8
22.7422078450521,108.538492743873,8
44.1022237141927,114.930589984241,8
60.1260206434000,60.4347354898388,8
49.2149225871000,30.1202579850144,8
60.7060750326000,91.2574757273730,8
30.1664657592773,12.0305048616939,8
49.9149958293000,27.8051468472279,8
58.8758934869000,129.723431510493,8
32.0356636047363,1.32454329040366,8
21.9222344292535,30.9906151600433,8
22.0322163899740,50.2572845246696,8
18.4573957655000,3.32285944832809,8
18.6884689331000,7.94450919540117,8
10.9422217475043,114.537512537039,8
6.25221888224284,3.13205597992755,8
63.1663258870000,82.4530719843386,8
86.9286939833000,0.0407178328800530,8
20.0070020888000,0.144322282537116,8
20.8650885688000,0.151518753289764,8
23.0723063151000,1.57642087725254,8
21.7122099134657,1.20643537122833,8
21.7077721490000,1.20383801877145,8
19.1084586249000,10.1682039843845,8
22.8522872925000,0.841706117543442,8
5.50054974026000,0.102154542755842,8
21.5921613905000,0.0873202717551429,8
21.1921225654000,0.0903784142035234,8
21.7921829224000,1.01577195752028,8
22.3976431953000,0.404246284835627,8
21.5956624348958,2.35507502927663,8
19.4522306654000,2.23497772580757,8
33.8822216457791,14.0867695364194,8
43.7622282240126,19.5098744904087,8
44.5322163899740,40.2394191386537,8
52.0122273763021,38.1324674469334,8
42.2422069973416,127.563863974769,8
49.9222310384115,209.593790756277,8
9.73667356703016,70.9503776540842,8
11.0922156439887,114.491236253600,8
5.77111350165473,0.443659622563806,8
6.49220996432834,3.23307712000487,8
3.04030524359809,30.6986471340404,8
3.04030524360000,30.8251484693353,8
9.40093994140625,26.5245216566682,8
5.82058376736111,25.4247406692879,8
8.86088689168294,13.7390608757888,8
9.05268139309353,0.113080534569923,8
9.26927142673069,0.163212913796908,8
10.8894517686632,1.17792840837329,8
11.3633494906955,2.07309323380602,8
9.10957760281033,0.322483713184878,8