0.745495428029213,0.994594581202791,0.794594592464081,0.00167317495155585,0,0.00274761124570833,1.01453306851450e-05,2.37198477138502e-08,158,158,158,0,0,0.0783783614103543,0.00472969921772348,3.98371407018094e-05,1
0.795849386201389,0.992277972712045,0.849420890183241,0.00190840099917914,0,0.000690707183066770,2.26710509616069e-05,4.67102464502675e-09,177,177,177,0,0,0.0376447925362748,0.00651546052421220,3.12525185598195e-05,1
0.777777790967640,0.998100659807041,0.828585081774905,0.00265305217343351,0,0.000592526243583606,1.83380902736579e-05,2.60552311302505e-09,180,180,180,0,0,0.0356125099092144,0.00641022863545016,2.14212625014844e-05,1
0.804205703709297,0.994864455890003,0.881239314724971,0.00156034893183843,0,0.00206047270887037,0.000140799517909642,5.76712066618174e-08,210,210,210,0,0,0.0641945902529235,0.0173326138346100,0.000106940075173343,1
0.662702365171873,0.966853423241671,0.717639821466921,0.00402005402245139,0,0.00195412144189905,1.20570541279702e-05,2.03735238064640e-08,143,143,143,0,0,0.0630706504778055,0.00491061180057606,5.29698636854923e-05,1
0.791266748632644,0.989923199182724,0.844529778685863,0.00187179609366948,0,0.000608787642041755,2.25648699357922e-05,4.18139368622174e-09,177,177,177,0,0,0.0352687128890323,0.00671786721151768,2.95130994295470e-05,1
0.765478405314835,0.990619142075648,0.818949403950151,0.00259860789218350,0,0.000328168603460494,1.13668016978297e-05,1.92701277342939e-09,175,175,175,0,0,0.0286116767655827,0.00492496580080293,2.20329925676731e-05,1
0.793900077332011,0.987355849643104,0.865971588957860,0.00159005551365018,0,0.00456016091181520,0.000152814940954094,1.88083629928555e-07,207,207,207,0,0,0.0948312225083188,0.0177018990091488,0.000153106808037086,1
0.745716795059681,0.998196569017642,0.795761948462902,0.00166900664886824,0,0.00327910980386315,1.00281202000653e-05,3.91776586298823e-08,152,152,152,0,0,0.0915238687471939,0.00450857745589539,5.12007683854058e-05,1
0.452328447410746,0.646387353367677,0.493124913017362,0.00236637585029261,0,0.0260369992071536,1.83138429988448e-05,3.00733849806830e-06,403,403,403,0,0,0.0937864445149675,0.00570761742414122,0.000104134538033205,1
0.700228694090874,0.832421906301095,0.747400203316091,0.000758925789857945,0.0231467550044191,0.0430880814172947,0.0265131455429757,1.09298627883182e-05,4851,4851,4851,0,0.0290186449676736,0.160301184718832,0.0650363455991875,0.000419027206485888,1
0.695428092655122,0.993276598799418,0.758852532962613,0.00370838476542304,0,0.00144259981458352,2.00909668952910e-05,1.21783079451985e-08,152,152,152,0,0,0.0554684292322627,0.00655539824333751,4.19461872880918e-05,1
0.754502588785550,0.996908073498976,0.811084503725597,0.00380212740341396,0,0.00139740034745262,2.33261846372317e-05,1.83183825396026e-08,167,167,167,0,0,0.0514802412884142,0.00695679656439030,5.31405458020164e-05,1
0.756731821863351,0.995573544153397,0.831058642491253,0.00416829761306833,0,0.00180206706755758,2.50812227063576e-05,4.67211908460193e-08,163,163,163,0,0,0.0578199744354786,0.00719293446600677,9.34516799234472e-05,1
0.731311344931034,0.995462260822917,0.791855807159787,0.00435612335502453,0,0.00154837131058464,1.14086636905695e-05,7.18361199248385e-09,125,125,125,0,0,0.0556483838145303,0.00477674862025823,2.93212982408579e-05,1
0.501738962068071,0.991010736359371,0.551928928250483,0.00911130176834217,0,0.0446736683048797,4.82518201648830e-06,8.03670733823362e-06,128,128,128,0,0,0.362780298700511,0.00321044471319693,0.000925817772223028,1
0.989156848230537,1,1,1.62491542030208e-05,0,5.80637697458297e-06,0,1.90165003760918e-12,16,16,16,0,0,0.00361446371475416,0,1.07077864254710e-06,7
0.179046584946530,0.214930438831913,0.202091245904722,6.31705942506626e-05,0.0290930562813660,0.0430852934501503,0.0339256015181654,8.49465339997648e-06,34529,34529,34529,0,0.126725994663395,0.185545249718945,0.161864315445396,6.61853071203853e-05,7
0.000914698148877881,0.973981674032669,0.310365636769232,0.0720934378951861,1.78765700015153e-06,0.190981803026260,0.118265893519913,0.00356958684120556,674,674,674,0,0.00134664157633471,0.985359520471197,0.657578482469135,0.102046797634993,7
0.0292605241598438,0.997569335780948,0.974104867390263,0.156738562239314,0,0.297645315117212,1.95091153531701e-05,0.00279622411653208,217,217,217,0,0,0.711017062886235,0.00645036661263421,0.0164887253857342,7
0.000283990340668535,0.992521110417628,0.918299676820185,0.0661273654328702,0,0.417647656489122,3.24919578711633e-05,0.00223541188626730,191,191,191,0,0,0.913944917912586,0.00816524337315905,0.0155989678641063,7
-0.000467228065217559,0.216534961563711,0.0858238439187676,0.00199370083405146,0.0834642605580026,0.284143457017361,0.130553404103672,0.00503449260719312,1372,1372,1372,0,0.0265146123184535,0.980385293080601,0.260360737596439,0.0954741388723006,7
0.720158569346781,0.915592036241677,0.729870431678338,0.000421215926051913,0,0.0156552557117746,5.75764122863729e-06,1.45175234433776e-06,200,200,200,0,0,0.180875264382276,0.00345863632762466,0.000305344060290214,7
0.841354040996682,0.995313880487428,0.912060998859563,0.000175586842520139,0,0.00489162105799379,6.55314472058506e-06,9.50221198104030e-08,202,202,202,0,0,0.0989102730558741,0.00360942525366925,7.41109130264751e-05,7
0.798840324507002,0.997957508089135,0.851771311008825,0.00137493220365064,0,0.0345612329499780,6.95819014474790e-06,4.33490850535505e-06,196,196,196,0,0,0.262911517244787,0.00377777304487315,0.000557605738956941,7
0.712358637713547,0.998154604823994,0.737462864731229,0.00210143410600366,0,0.0113040193162687,1.16167266087386e-05,1.79514134613879e-06,200,200,200,0,0,0.142118070078151,0.00492966180463927,0.000530279515884000,7
0.915505044261623,0.999637371916922,0.969528914722219,0.000702139691373904,0,0.0183674978209376,5.82445989664607e-06,1.97202866129447e-06,186,186,186,0,0,0.140122433926967,0.00341305137755488,0.000234051072010633,7
0.724976702802210,0.952621583303925,0.878101105160308,0.000113034131321786,0,0.0433078211436401,1.56543866991123e-05,1.10857685633138e-05,212,212,212,0,0,0.294305355519196,0.00555496597853455,0.000630800336692442,7
0.724084907455731,0.985228585192917,0.907423112674404,0.00503693900781939,0,0.0155072757131166,6.56172380523745e-06,4.63849144303892e-06,206,206,206,0,0,0.176109487042105,0.00362949828298542,0.000716514840956681,7
0.965695709844972,0.998503017364721,0.983109381595647,2.86376730443065e-05,0,0.0139723395706682,5.50862591366031e-06,2.73336555106821e-06,223,223,223,0,0,0.154915525662207,0.00338056548900317,0.000410013929427036,7
0.866985273604941,0.997442078220029,0.940670044196029,0.000630688698497427,0,0.000110659131023887,1.52751713913215e-06,1.78098232293432e-10,100,100,100,0,0,0.0179731208264502,0.00170393220180237,6.59119903588412e-06,2
0.884893563655350,0.998217814011104,0.962190356914950,0.000537701575439078,0,5.33400718075758e-05,1.21266073579242e-06,2.58836309507380e-11,68,68,68,0,0,0.0118285876623937,0.00162489037295321,2.35109097413811e-06,2
0.837258166006934,0.999201730449238,0.952066442673997,0.000951773917584199,0,0.000419227113372588,4.26738819419032e-06,1.18840464023809e-09,133,133,133,0,0,0.0289560740906839,0.00293909542620952,1.59219670923713e-05,2
0.880510827783607,0.998351868283588,0.957972766972652,0.000576169438412526,0,3.75440046964082e-05,1.14141871561069e-06,2.12206795331588e-11,66,66,66,0,0,0.00940808172171459,0.00154510776648875,2.32953664953533e-06,2
0.294710335442036,0.999160367234381,0.632521732057441,0.0374691172594417,0,0.0368156988773697,4.73383150865393e-05,7.39064899191051e-06,146,146,146,0,0,0.287783474452861,0.0100755931874297,0.000870448935192100,2
0.955778992726207,0.999603397259416,0.987705513343254,6.01039582158224e-05,0,3.67018712291186e-05,2.51669974142520e-06,1.99774479169494e-11,208,208,208,0,0,0.00892356166314956,0.00237961644350637,2.01368268273048e-06,2
0.946587940477539,0.997107736176639,0.982646031411803,7.81566201818858e-05,0,0.000125002861653775,2.67703927396563e-06,6.42482878231690e-11,212,212,212,0,0,0.0158115692866821,0.00231388818829503,2.93668774677840e-06,2
0.808926448773490,0.999345076118528,0.994760772679195,0.00223588897720097,0,0.00562831423363032,9.29338129464782e-07,1.81236754385893e-07,165,165,165,0,0,0.106097259471019,0.00130984776294385,0.000132308241101228,2
0.626404642544139,0.993550742413197,0.836004938288667,0.00571277868157066,0,0.00435075786703546,4.24417585927925e-05,2.50113236086463e-07,168,168,168,0,0,0.0860283168474180,0.00932839043805434,0.000177679585117867,2
0.454352117112967,0.983572701814557,0.615244142644460,0.00736760219254305,0,0.0108071049012036,1.28996212856923e-05,6.52803602094905e-07,142,142,142,0,0,0.150021053721657,0.00515363217565834,0.000261181077795158,2
0.995223790470247,1,0.998635368705785,1.13835741050236e-06,0,1.08629416533846e-06,0,2.30636280184240e-14,34,34,34,0,0,0.00153521020599212,0,1.15822607034623e-07,2
0.726502593686335,0.959526724362137,0.869302164724995,0.00167594294665673,0.255798830315445,0.665154122545960,0.299106304296669,0.000800876375166743,671,671,671,0,0.00403380249509533,1.07995158058237,0.0854847124457965,0.00360517779574148,2
0.876887458498174,0.999421117452421,0.952723275518244,0.000791287052919558,0,5.38188325192126e-05,1.53902928110778e-06,2.97291558835209e-11,100,100,100,0,0,0.0109991217613855,0.00173670999992392,2.82767583376815e-06,2
0.737048945299063,0.996546501712066,0.833988363123801,0.00236943412556799,0,0.00828838511348298,2.58264623460068e-05,9.69944177985280e-07,125,125,125,0,0,0.121918603941199,0.00714540949017162,0.000312726069834173,2
0.825548206616887,0.995291725119930,0.945855443861534,0.000943928529241594,0,0.00227862542049930,6.91330124993358e-06,3.69858538512025e-08,114,114,114,0,0,0.0687647100505031,0.00380997066818922,8.20241415454407e-05,2
0.841779542195046,0.950858582788211,0.908418236936191,0.000504834696501502,0,0.00353227782572096,2.91047756010255e-06,4.07294532258464e-08,128,128,128,0,0,0.0776210907944158,0.00251290175991281,3.81026636609688e-05,2
0.392945275206457,0.999347426740495,0.929522332688372,0.0285229997625348,0,0.0198543859846675,3.32690110958615e-05,3.08807651882306e-06,161,161,161,0,0,0.211433287435680,0.00799402242894287,0.000733623737763755,2
0.800255358627309,0.996371948999135,0.883902203944410,0.00151878098026342,0,0.00139436201342153,1.77968918925443e-05,2.49427468446265e-08,162,162,162,0,0,0.0528756632467943,0.00597955490702684,7.00413250978077e-05,2
0.882663951563973,1,0.958692913324546,0.000434587655684242,0,7.07220025348403e-05,2.86710821087198e-06,5.34346455203618e-11,166,166,166,0,0,0.0125717675815421,0.00239462239648425,3.42002455755428e-06,2
0.899773600347532,0.999703471313074,0.965009763207016,0.000346656186882297,0,6.13160054867918e-05,2.46201934076995e-06,4.08650476675534e-11,175,175,175,0,0,0.0115646187901333,0.00229802319150907,2.81995353983273e-06,2
0.586817481912171,0.998922317173264,0.657297723244154,0.00626458844544661,0,0.0346787313537076,5.63666266820452e-06,7.17462914554552e-06,132,132,132,0,0,0.264031538172388,0.00344858504555579,0.000649435284695721,2
0.597890850060571,0.993230465747341,0.805827813060214,0.00701804877615514,0,0.00421812895735105,1.01836875550929e-05,1.50012625829812e-07,114,114,114,0,0,0.0968040859554841,0.00473863166727206,0.000150286424868891,2
0.859370829117235,0.998050575809023,0.949045490722091,0.000858838456023058,0,0.000168192011118003,1.46408669760094e-06,1.09529927082995e-10,77,77,77,0,0,0.0184189875631229,0.00171424435677175,3.90471515186288e-06,2
0.879060693104386,0.997896280244541,0.955773025655221,0.000425380207793231,0,7.74006535755348e-05,3.10202088288159e-06,6.64039929645591e-11,170,170,170,0,0,0.0129892685321498,0.00244618402607799,3.57313811713355e-06,2
0.901391954134217,0.998831862721108,0.966465458999822,0.000350914849937310,0,7.15122604179005e-05,2.72891590057789e-06,4.23068727293684e-11,193,193,193,0,0,0.0139686314776788,0.00233620029131837,2.68839452982921e-06,2
0.587873229838998,0.998514227466296,0.659968877856057,0.00629202819976476,0,0.0329993479480228,5.62811112543635e-06,6.49851704972318e-06,106,106,106,0,0,0.264044153543107,0.00339609006205233,0.000666899641192635,2
0.995248793327414,1,0.998602592544259,1.06637095540299e-06,0,1.01544662898803e-06,0,1.85300750168203e-14,32,32,32,0,0,0.00146729382082944,0,1.05228249581212e-07,2
0.643286110433617,0.995145165336018,0.829618826124096,0.00595267234072374,0,0.00665395184943069,4.08679127708932e-05,2.95467526840328e-07,162,162,162,0,0,0.115359887737729,0.00918950847110867,0.000182208610289061,2
0.742562484741211,0.887875022888184,0.828718776702880,0.000750894036932960,0.00194157506630795,0.00923516153277053,0.00368458626160176,1.95743086131445e-06,1868,1868,1868,0,0.0265950012207041,0.158009033203126,0.0780910491943373,0.000550602716044184,2
0.742616902139230,0.996074798142201,0.863551424863600,0.00208267386702573,0,0.00241685962345877,1.37113042267645e-05,7.28497036975459e-08,232,232,232,0,0,0.0910902834835464,0.00520253051339759,0.000128841703547612,2
0.602573478720194,0.995387244659777,0.684328767748485,0.00877514108243208,0,0.0183812772472749,7.99141223434151e-06,3.21218163998562e-06,95,95,95,0,0,0.194191543111469,0.00409692379992577,0.000708382244958944,2
0.872637587576590,0.999383675796501,0.953848195925816,0.000531388580472666,0,8.73666514077455e-05,2.14439298498459e-06,1.14563053165201e-10,98,98,98,0,0,0.0138660407829658,0.00215696753947747,5.14479944028271e-06,2
0.626662636033857,0.939419618396690,0.695102788516948,0.00509279578412793,9.32871784657556e-07,0.0126900587529878,0.000764760089233420,3.64275983648278e-06,612,612,612,0,0.00172309921615188,0.214631123294853,0.0486093726383013,0.00147216280876059,2
0.857937556619228,0.999429520192792,0.949864549132911,0.000824565088031567,0,0.000333310479507000,2.14307380703553e-06,8.96929597839417e-10,68,68,68,0,0,0.0304521563927783,0.00213949515366385,1.04909974064019e-05,2
0.664188917008362,0.818666834481020,0.748171671156554,0.00121661504708529,0.0423414874488005,0.237890272702177,0.0602138115098723,0.000141676346276660,1566,1566,1566,0,0.00203812117684221,0.669074400176497,0.0581914320284188,0.00235356072107719,2
0.805074136992071,0.979065569614513,0.905448468977273,0.00111256908333169,0,0.00472427280426735,0.000942687336326840,8.55022243977626e-07,147,147,147,0,0,0.100443697382570,0.0437751505095847,0.000360178118098728,2
0.607374688393974,0.999632503031944,0.710553686708648,0.00783877298242000,0,0.0171704234838895,1.09101361884561e-05,1.53854860946715e-06,106,106,106,0,0,0.176773256987676,0.00468578261526198,0.000453057232179879,2
0.640032638464293,0.997550335312450,0.707686897996043,0.00845620821799608,0,0.0155133843062929,9.15694920132264e-05,1.55873300192919e-06,138,138,138,0,0,0.175230407167761,0.0135162552281771,0.000513070654661600,2
0.659340668850990,0.998936554520306,0.745923434954503,0.00828108434454568,0,0.0159175136037202,3.73834709828337e-06,1.89661453959961e-06,105,105,105,0,0,0.178423729384408,0.00283588466252122,0.000578059296990652,2
0.626066021650205,0.992117925113334,0.809903363443632,0.00672776285584872,0,0.00516712960929871,5.20222062161412e-05,1.70497852077706e-07,162,162,162,0,0,0.107103227361927,0.0102002742498412,0.000158425222953641,2
0.892045417059767,0.999792137054380,0.973946885540639,0.000456098678125945,0,9.45054852658733e-05,7.10554253150623e-07,7.06204032829022e-11,61,61,61,0,0,0.0139273460008365,0.00124724111103514,2.98982094329417e-06,2
0.814610723787340,0.997700020118359,0.886393849500635,0.00139859882782323,0,0.00126791740910317,5.81497711338271e-06,2.05559735464452e-08,142,142,142,0,0,0.0559254182945266,0.00352560761249748,5.79722336554146e-05,2
0.872859267301716,0.999588920452929,0.954103252880148,0.000534345386596504,0,8.97786455399494e-05,2.10857675594039e-06,1.18829821678294e-10,96,96,96,0,0,0.0140772585375932,0.00212363225740164,5.31610584436801e-06,2
0.905066960589843,0.998434421257957,0.969719685654166,0.000342373377649254,0,0.000642299164349999,5.13155363094938e-07,1.50133338305193e-09,69,69,69,0,0,0.0361869818070744,0.00106739859050942,8.57415065495773e-06,2
0.388812386115085,0.998370162234051,0.926331577454779,0.0286546549952681,0,0.0241931699954478,3.88184369742794e-05,3.37123732371208e-06,169,169,169,0,0,0.211226546634548,0.00929004470645001,0.000725273345852469,2
0.389192978964300,0.999347426740495,0.928543472799114,0.0287630675382593,0,0.0259417419828123,3.30379598521486e-05,3.89589075907448e-06,165,165,165,0,0,0.227829088616185,0.00815716574381931,0.000762805879046955,2
0.389790288774655,0.998370162234051,0.925679642348400,0.0286751388145797,0,0.0325716929621116,3.57370464480356e-05,5.27788111059412e-06,169,169,169,0,0,0.255232023704361,0.00831217260633876,0.000821789883159100,2
0.388812386115085,0.998533146010646,0.925190691018615,0.0286004477775879,0,0.0258910297937768,3.32046392914115e-05,3.38077826676563e-06,166,166,166,0,0,0.227606293944501,0.00806769694144638,0.000727348488823831,2
0.388812386115085,0.998370162234051,0.926331577454779,0.0287119509482249,0,0.0241931699954478,4.09964133849309e-05,3.43874879844761e-06,161,161,161,0,0,0.211226546634548,0.00916783743346195,0.000738339173042172,2
0.867254467981604,0.998485494030432,0.940459684731970,0.000632897778025354,0,0.000113688756674618,1.68983074238444e-06,1.73912041367633e-10,100,100,100,0,0,0.0148934500554453,0.00189320436216478,5.70557577511384e-06,2
0.884893563655350,0.998672105078164,0.962190271602073,0.000539921224152994,0,5.27728861075084e-05,1.21266073579242e-06,2.92969952406099e-11,74,74,74,0,0,0.0117412699333546,0.00162495435761101,2.38974646978818e-06,2
0.832098795924668,0.994760905041239,0.947862788338553,0.000936764939578731,0,0.000255077357059598,4.03399878954599e-06,7.46458723200208e-10,126,126,126,0,0,0.0236659021743941,0.00292656463634999,1.42799208781860e-05,2
0.646424393989199,0.995818412227892,0.833666137386065,0.00599843717828429,0,0.00553735534797323,3.91988566344075e-05,2.50037644106757e-07,168,168,168,0,0,0.105236451365230,0.00906006328136122,0.000181508821071096,2
0.863517077173596,0.995965036887010,0.939408074063640,0.000635536909085209,0,0.000119190326709360,1.69708070028995e-06,1.97501069175350e-10,103,103,103,0,0,0.0171991205698073,0.00184096423403096,6.39472821586258e-06,2
1,1,1,0,0,0,0,0,0,0,0,0,0,0,0,0,21
0.333333333333333,1,0.333333333333333,0.00393165815235796,0,0.222222222222222,0,0.000293064676067693,1,1,1,0,0,0.666666666666667,0,0.00263758208460923,21
1,1,1,0,0,0,0,0,0,0,0,0,0,0,0,0,21
1,1,1,0,0,0,0,0,0,0,0,0,0,0,0,0,21
1,1,1,0,0,0,0,0,0,0,0,0,0,0,0,0,21
1,1,1,0,0,0,0,0,0,0,0,0,0,0,0,0,21
1,1,1,0,0,0,0,0,0,0,0,0,0,0,0,0,21
1,1,1,0,0,0,0,0,0,0,0,0,0,0,0,0,21
1,1,1,0,0,0,0,0,0,0,0,0,0,0,0,0,21
1,1,1,0,0,0,0,0,0,0,0,0,0,0,0,0,21
1,1,1,0,0,0,0,0,0,0,0,0,0,0,0,0,21
1,1,1,0,0,0,0,0,0,0,0,0,0,0,0,0,21
1,1,1,0,0,0,0,0,0,0,0,0,0,0,0,0,21
0.500000000000000,1,0.500000000000000,0.0491182314952808,0,0.125000000000000,0,0.000624844759066066,7,7,7,0,0,0.500000000000000,0,0.00999751614505705,21
1,1,1,0,0,0,0,0,0,0,0,0,0,0,0,0,21
1,1,1,0,0,0,0,0,0,0,0,0,0,0,0,0,21
1,1,1,0,0,0,0,0,0,0,0,0,0,0,0,0,21
0.500000000000000,1,0.500000000000000,0.0567826981761408,0,0.125000000000000,0,0.000624844759066066,7,7,7,0,0,0.500000000000000,0,0.00999751614505705,21
1,1,1,0,0,0,0,0,0,0,0,0,0,0,0,0,21
0.500000000000000,1,0.500000000000000,0.0566978700943869,0,0.125000000000000,0,0.000624844759066066,7,7,7,0,0,0.500000000000000,0,0.00999751614505705,21
1,1,1,0,0,0,0,0,0,0,0,0,0,0,0,0,21
1,1,1,0,0,0,0,0,0,0,0,0,0,0,0,0,21
1,1,1,0,0,0,0,0,0,0,0,0,0,0,0,0,21
0.500000000000000,1,0.500000000000000,0.0491182314952808,0,0.125000000000000,0,0.000624844759066066,7,7,7,0,0,0.500000000000000,0,0.00999751614505705,21
0.500000000000000,1,0.500000000000000,0.0498805753672555,0,0.125000000000000,0,0.000624844759066066,7,7,7,0,0,0.500000000000000,0,0.00999751614505705,21
0.843749880790709,1,0.875000000000000,0.000925250586280619,0,0.00781250000000000,0,1.40328501918242e-06,30,30,30,0,0,0.125000000000000,0,0.000740573362342244,3
0.850000000000001,1,0.900000000000001,0.000824988322174502,0,0.00500000000000004,0,2.85294837288954e-06,26,26,26,0,0,0.100000000000000,0,0.00114117934915582,3
0.843749880790709,1,0.875000000000000,0.000553506483278986,0,0.00781250000000000,0,5.98445892173268e-07,12,12,12,0,0,0.125000000000000,0,0.000371005963126029,3
0.888888888888889,1,0.888888888888889,0.00179392269760104,0,0.00617283950617288,0,6.65507476725631e-06,44,44,44,0,0,0.111111111111112,0,0.00215624422459102,3
0.222222222222221,1,0.888888888888889,0.0937022674890711,0,0.302469135802470,0,0.00231378058391321,22,22,22,0,0,0.777777777777779,0,0.0197226149157070,3
0.428571428571428,1,0.857142857142857,0.0474869183387490,0,0.163265306122449,0,0.000699260435421679,30,30,30,0,0,0.571428571428572,0,0.0117989389407474,3
0.960729254236394,0.995792405223129,0.985974739605307,7.43385953430552e-05,0,0.00435969137818956,3.93434549643412e-06,1.07069416627553e-07,169,169,169,0,0,0.0873071335123393,0.00280511871279421,6.49462606670482e-05,3
0.958630517544875,0.997146946851052,0.987161218470658,7.05366028015495e-05,0,0.00640074332512936,4.74836272697938e-06,1.72484837945766e-07,171,171,171,0,0,0.106990001394461,0.00320971656187230,6.66999861951446e-05,3
0,0.983716469429130,0.938697276597488,0.181840243745225,0,0.473539637023691,7.33980869253783e-06,0.00218762097327136,108,108,108,0,0,0.973179980295208,0.00383139888096717,0.0165480773382228,3
0,0.946428566694241,0.821428555647473,0.0882389324928886,0,0.403929245530463,7.08620412207010e-05,0.000849126636561054,173,173,173,0,0,0.898809485408853,0.0119047924148807,0.0106996660554849,3
1,1,1,0,0,0,0,0,0,0,0,0,0,0,0,0,3
1,1,1,0,0,0,0,0,0,0,0,0,0,0,0,0,3
1,1,1,0,0,0,0,0,0,0,0,0,0,0,0,0,3
1,1,1,0,0,0,0,0,0,0,0,0,0,0,0,0,3
0.0252652221347419,0.356903097409505,0.271618636303553,0.0120961108971147,0.00485916894704204,0.0999048277442856,0.0415510491034959,0.000191634560895427,1514,1514,1514,0,0.0883796189514193,0.377312675830749,0.145689359785324,0.00250897190827625,3
0.0193121029351513,0.0646660218608524,0.0509366800171103,2.23553753542404e-05,0.0199141323479655,0.0330231305888361,0.0231564021485200,8.29768054443001e-07,18010,18010,18010,0,0.0856036623541352,0.244809781787217,0.165631583956330,0.000406689199071475,3
-0.00101122682529084,0.727986976855921,0.526738503209616,0.00344066376895128,0.0813054919190023,0.279737744583700,0.129317375320010,0.000197204586500747,842,842,842,0,0.299432243307901,0.831518426023575,0.686479121496768,0.00231460536608546,3
0.910326061398876,0.999320613445367,0.932518075866892,0.000839356705614660,0,0.00109427759198301,8.20272178271759e-07,1.07205318153535e-08,44,44,44,0,0,0.0536683706828333,0.00135853317743939,4.25710338999533e-05,4
0.906188217895861,0.999548468520686,0.944524712459322,0.000416351249869890,0,0.000235765170213863,3.58484966397688e-06,5.87215058271114e-10,91,91,91,0,0,0.0226639363222100,0.00270593907269212,1.08655046096698e-05,4
0.872134775437500,0.995738181134980,0.935854757444317,0.00110619221322596,0,0.000353382701099670,7.98457154745100e-06,1.14668061639648e-09,112,112,112,0,0,0.0274905472564914,0.00415577470946243,1.72084988160530e-05,4
0.906187550294404,0.995123706518468,0.951932919272263,0.000198412879237498,0,0.00126769405264918,1.34777721685215e-06,8.02861905191294e-09,66,66,66,0,0,0.0536398188377855,0.00162566081532545,4.38596302501004e-05,4
0.910882404069382,0.996034405664164,0.959407241342962,0.000225607870303211,0,0.000975374589832918,1.52299093993306e-06,4.83590206870122e-09,61,61,61,0,0,0.0475913839888648,0.00174933496397756,3.55297623233017e-05,4
0.929904658167746,0.998607561039962,0.949749323603638,6.59454287525458e-05,0,0.000637033594909747,9.69443128709887e-07,1.52459623581270e-09,94,94,94,0,0,0.0376001313540013,0.00139263571557824,1.60122014700210e-05,4
0.912637050018655,0.996738072794874,0.966685763861118,0.000150659989183261,0,0.000495779826932681,5.06368055691267e-07,2.17769478366762e-09,91,91,91,0,0,0.0330816927421362,0.00104822268711269,2.57599301425766e-05,4
0.882970263397662,0.992976961831626,0.947569674824366,0.000298409235243801,0,0.000907326595092315,5.11490555440351e-07,1.02389677009532e-08,82,82,82,0,0,0.0425987463452228,0.00105327715326153,5.83515693466592e-05,4
0.858467821852260,0.993528270902349,0.885604773634588,0.000993213637852870,0,0.000185279907634451,2.15002631055793e-06,3.49221913903065e-10,46,46,46,0,0,0.0203527138367463,0.00208704946346133,9.59594538779475e-06,4
0.912579271654773,0.993693293610171,0.933455776827651,0.000275414522729719,0,0.000181726137042977,1.76546213069761e-06,3.71647793070996e-10,105,105,105,0,0,0.0213117492109469,0.00195707730586880,7.43307172236158e-06,4
0.882248988608322,0.999123373798918,0.913824261355061,0.000733574764439453,0,0.000453193340823044,2.37263854881832e-06,1.29790298661765e-09,47,47,47,0,0,0.0319048440475289,0.00230253790348989,1.46801664509641e-05,4
0.916000722728380,0.999101444523837,0.939583639150632,0.000368563048272802,0,0.000132415682436564,2.08443429264574e-06,2.19831640813962e-10,102,102,102,0,0,0.0166198968493725,0.00202139283619074,7.06506793264761e-06,4
0.889097035017625,0.999555879714477,0.917709512616529,0.000557254424793557,0,0.000307458488653931,2.22979970994898e-06,4.26939657730248e-10,46,46,46,0,0,0.0262842305898103,0.00210743254664525,8.20329824435416e-06,4
0.947446979209582,0.999535187196555,0.966980550008773,0.000110196920899129,0,0.000118297504590818,2.70246958207858e-06,1.30225398639933e-10,146,146,146,0,0,0.0155800993887264,0.00232564099025900,4.99967362609152e-06,4
0.845910142542654,0.997905590605346,0.873755440566053,0.000322292765712228,0,0.00245140971356465,2.27950505606471e-06,1.75172252926167e-08,94,94,94,0,0,0.0724385946355004,0.00219854418935950,4.18983157038384e-05,4
0.868092641628238,0.999567753058312,0.907016130436654,0.000582859221721525,0,0.000480493204038477,3.05389684684815e-06,1.56014747285385e-09,48,48,48,0,0,0.0327600287064738,0.00259476482594900,1.55947538143381e-05,4
0.870168388788985,0.999331904387761,0.916710998715158,0.000776678314753237,0,0.000684861758055115,4.91071015255410e-06,3.99425267160505e-09,55,55,55,0,0,0.0390834517304231,0.00322883775527527,2.90870242758476e-05,4
0.897960024953753,0.999316783869884,0.933491318415018,0.000370399797381617,0,0.000314922972431177,6.35625278826995e-06,1.12710601848477e-09,137,137,137,0,0,0.0261931374864098,0.00364362627990705,1.61947479301468e-05,4
0.853843705555173,0.999123994067717,0.892351242210912,0.000838065159869551,0,0.000356249526832134,3.12894672764572e-06,4.87755171150709e-10,31,31,31,0,0,0.0266926779035800,0.00262607029265999,1.02858003368837e-05,4
0.890502543831873,0.997295734254278,0.918889980942751,0.000380217995613478,0,0.000288655573799113,3.31521483735237e-06,1.19221291232911e-09,109,109,109,0,0,0.0283878190962921,0.00270316753765976,1.51178068794824e-05,4
0.830948534461209,0.999151651155508,0.873740227107512,0.00113375850227503,0,0.000495505352416708,4.48858188253572e-06,2.40905873503380e-09,47,47,47,0,0,0.0333652152550485,0.00317780630349707,2.31353698551148e-05,4
0.884488441358408,0.998662115496435,0.914927889395750,0.000497048468693792,0,0.000258046232039872,3.81310226673168e-06,8.34409963561488e-10,93,93,93,0,0,0.0240833388153068,0.00289897029679032,1.42884657178184e-05,4
0.874461457978600,0.997136737583568,0.916306705142222,0.000654730139489234,0,0.000469922595917208,3.16826354270599e-06,1.77243023135742e-09,45,45,45,0,0,0.0347980854826465,0.00264267396148921,1.70589646097808e-05,4
0.925564435201139,0.992579560521433,0.953158782937060,0.000220455051774005,0,0.000265281884879682,2.67020050653537e-06,2.41726248549457e-10,122,122,122,0,0,0.0243484828976439,0.00231897333780395,5.10773497937664e-06,4
0.894188620397632,0.994810779838445,0.934799388914004,0.000521929250686518,0,0.000607605589552132,2.90268635669494e-06,2.64213224442875e-09,57,57,57,0,0,0.0388047829642562,0.00248138934087927,2.03054629100471e-05,4
0.882686374952228,0.999318700392570,0.920426325879383,0.000642693398096287,0,0.000511556243782520,2.58601750343828e-06,1.86563844671383e-09,43,43,43,0,0,0.0356939320777989,0.00238748775443609,1.68359001907033e-05,4
0.937565563824143,0.996663454085580,0.960680492145069,0.000196504237624709,0,0.000243504816329187,2.11945690525190e-06,2.80060064781580e-10,119,119,119,0,0,0.0228769643391382,0.00214455443264666,6.47226667014930e-06,4
0.839231251862058,1,0.888086140717012,0.00120539717451152,0,0.000449627921939444,3.76716256861069e-06,1.93485938016029e-09,40,40,40,0,0,0.0355102039326987,0.00290535544320636,1.83047944035024e-05,4
0.892434429129029,0.999163366672118,0.925709231244669,0.000643425410927360,0,0.000149659204098239,1.40198932131456e-06,2.65763122553596e-10,56,56,56,0,0,0.0188344505593350,0.00167450847792094,8.49406615051446e-06,4
0.755932420370613,0.994851936395414,0.844406085541684,0.00158842289548802,0,0.00221773041600980,2.02885598855128e-05,4.49948380960740e-08,114,114,114,0,0,0.0703599538874183,0.00648296527429088,9.27997378987312e-05,4
0.886874369664596,0.998304828764271,0.929667409181419,0.000561972829638325,0,0.000274294534880022,7.26979042714264e-06,9.40323309845502e-10,138,138,138,0,0,0.0262685544882751,0.00381312512750343,1.49870138372192e-05,4
0.867055761941913,0.999163017142175,0.924629303202896,0.000836001579765598,0,0.000369394049821875,4.29653026894944e-06,1.18417346008805e-09,102,102,102,0,0,0.0328692361590783,0.00293139225247974,1.69292385374228e-05,4
0.923743263266462,0.998500395851190,0.947306577666730,0.000317706093493467,0,6.20390454521654e-05,8.24994614847561e-07,7.37042989007564e-11,87,87,87,0,0,0.0132806258080446,0.00128524528247154,4.66286802647630e-06,4
0.893491124260355,0.999574198525332,0.936733629576553,0.000604332028015235,0,0.000226224739447884,6.53373940737563e-06,7.67193197420206e-10,130,130,130,0,0,0.0223673081256949,0.00383401904585751,1.36043448616048e-05,4
0.899828654049672,0.998641921850222,0.945617595862395,0.000576731909793737,0,0.000250818706428495,2.31711834388211e-06,3.33080277027321e-10,40,40,40,0,0,0.0237429822246049,0.00214831766032320,7.69509761114450e-06,4
0.923587326019521,0.997670813739950,0.960861613276481,0.000230959586114360,0,0.000243808056443534,3.54756672045113e-06,4.94447931490860e-10,54,54,54,0,0,0.0234137133655253,0.00279535924350605,1.10248794520176e-05,4
0.915853647844957,0.999765379545161,0.955576136180683,0.000281793697167819,0,0.000353675522582353,4.56834524014347e-06,1.14485215202107e-09,55,55,55,0,0,0.0282064596241582,0.00317305485197000,1.76804316201807e-05,4
0.918286644754109,0.999079789616022,0.951547050048636,0.000227545456958797,0,0.000224210661441274,5.01472213360158e-06,6.44760993632714e-10,88,88,88,0,0,0.0211759609671568,0.00322210222023378,1.38578744926908e-05,4
0.900951575498394,0.999104122404694,0.928290279538126,0.000302276778922446,0,0.000246677892837731,4.68635409879315e-07,1.04899145704368e-09,52,52,52,0,0,0.0235301794490677,0.00100843219140945,1.91300945452269e-05,4
0.917484083060033,0.999537196870808,0.950999102216790,0.000335551319181026,0,6.55951033108209e-05,9.26450645482027e-07,4.80534096499454e-11,36,36,36,0,0,0.0121337399156141,0.00138708681301170,3.38390629586956e-06,4
0.927670024044622,0.999561321772245,0.947287357650217,0.000198135195226246,0,6.96271857796110e-05,1.21655090355741e-06,7.25623184386273e-11,84,84,84,0,0,0.0124934110009948,0.00164337113720414,3.87800443018121e-06,4
0.896767578290977,1,0.927480791810969,0.000490375146085236,0,0.000123250399720563,2.60075082549501e-06,1.90821970365316e-10,102,102,102,0,0,0.0166363239899955,0.00223981026681336,6.84380984045025e-06,4
0.871085107713228,0.998346941859957,0.914676525821352,0.000533903915537377,0,0.00132782113617763,3.24500016868603e-06,8.90269156599330e-09,129,129,129,0,0,0.0452437757255982,0.00258269537618100,3.53697957165004e-05,4
0.878574190744065,0.997522047301852,0.921114712841957,0.000453973770732236,0,0.000417940515431765,5.17572128584217e-06,2.15275561948578e-09,135,135,135,0,0,0.0294276795806703,0.00330352846109327,2.02279249340845e-05,4
0.897658960417834,0.999565479426262,0.922046750648138,0.000303831946515604,0,0.000127269156188532,7.89912466396476e-07,7.94747584205633e-11,35,35,35,0,0,0.0187268399518956,0.00130642283798887,3.41610540344651e-06,4
0.858260858800457,0.999570177412413,0.892621906861214,0.000637660706500417,0,0.000355994809398544,3.32076089967358e-06,1.21044600617770e-09,43,43,43,0,0,0.0287779056989985,0.00257757014246052,1.61233933267737e-05,4
0.804845986012333,0.996437480663103,0.896286778695958,0.00169046212681606,0,0.00104089454762316,1.12816381254982e-05,1.16349772409919e-08,38,38,38,0,0,0.0483916147157044,0.00494806469949882,5.26373407946632e-05,4
0.846798526138949,0.999589899655634,0.926267013868751,0.00131493567152387,0,0.000698213468527034,7.21611134887419e-06,5.77775362058423e-09,48,48,48,0,0,0.0411669038951901,0.00409527384528641,3.68130551247943e-05,4
0.841468000550857,0.998761448248117,0.914747550150587,0.00189944214361572,0,0.000315133213692687,6.17870135202685e-06,1.46987327134061e-09,35,35,35,0,0,0.0270419173999026,0.00350943411413951,1.94883406189568e-05,4
0.815898109404312,0.996274885618895,0.877657923043887,0.00186910748426256,0,0.00200658711895024,4.92274364223284e-06,2.24833569595688e-08,32,32,32,0,0,0.0731304456508590,0.00323460691591826,4.60720573026385e-05,4
0.854119986054056,0.999795539133256,0.916844353927044,0.00132881954615592,0,0.000189462206339154,5.34131567492682e-06,5.58481147592295e-10,38,38,38,0,0,0.0220655795456683,0.00326981508112523,1.32936000726342e-05,4
0.898235485806780,0.997665082024850,0.950168317491860,0.000336790232362824,0,0.000789088152142220,2.25133731666393e-06,2.33588556558125e-09,53,53,53,0,0,0.0420117551179332,0.00210058033623517,1.65643861344506e-05,4
0.904196128136942,0.998372071018980,0.923264097646169,0.000464134448675094,0,0.000129857474277813,1.36930017114075e-06,1.03622919761643e-10,127,127,127,0,0,0.0170920715709237,0.00174356545719412,4.09115574537248e-06,4
0.945588624685810,1,0.965395975247493,0.000178049721349595,0,0.000255684201548368,4.83896519347392e-07,1.85156085814059e-10,78,78,78,0,0,0.0239040122465609,0.00102450315890956,4.34963720758310e-06,4
0.941861368739808,0.999346834728050,0.956886108170519,0.000161402706123451,0,5.82274742607381e-05,4.42560040500098e-07,3.01500555367664e-11,33,33,33,0,0,0.0114320535527219,0.000979886349058656,2.86527406302592e-06,4
0.913216774745045,0.994811118392304,0.962975442572260,0.000216639151777166,0,0.000168390797261031,1.78030318566435e-06,4.94963800924004e-10,55,55,55,0,0,0.0194551574356592,0.00188695690765017,1.18639208668854e-05,4
0.863472419791826,0.995757016795057,0.899725438642662,0.000586830626255751,0,0.00120722252286670,1.33852612242770e-06,1.22702876071602e-08,31,31,31,0,0,0.0520651849464014,0.00173542034402097,4.69827540904665e-05,4
0.924778592588924,0.999564726226663,0.954648539069660,0.000276916914383998,0,0.000102867696222194,1.20363760392743e-06,6.86746231005365e-11,56,56,56,0,0,0.0150439765133324,0.00163477185000271,3.83855388095522e-06,4
0.928578172285818,0.998661014560070,0.967972667820169,0.000188324288798638,0,9.15272010574156e-05,3.98080509979642e-07,6.40234914929687e-11,52,52,52,0,0,0.0147308264644980,0.000892278555138071,4.03101848537021e-06,4
0.953527254289282,0.999499838715724,0.963521796251471,0.000149370312160307,0,3.30383285518156e-05,2.24700479896433e-06,2.32113067688548e-11,60,60,60,0,0,0.00874482709542124,0.00224850189887815,2.11049822924876e-06,4
0.958102954187289,0.999058995551578,0.976461919050472,7.70968478085510e-05,0,6.05083690034200e-05,2.22030003831699e-07,1.97693167307704e-11,47,47,47,0,0,0.0105927350306276,0.000706800892158577,1.66964529089284e-06,4
0.949679583835204,0.995341035012643,0.964123540481607,5.45789659470875e-05,0,0.000209276246536157,1.08796765241584e-07,1.69191099670002e-10,53,53,53,0,0,0.0216657868527963,0.000466469217079935,4.41015602077419e-06,4
0.935089264895124,0.998618903923284,0.948440120470291,0.000218399551599669,0,5.91226721821448e-05,4.94318397957889e-07,4.34696858398257e-11,44,44,44,0,0,0.0113933109134488,0.00103567571364716,3.16230274795723e-06,4
0.940706664285863,0.997692016285160,0.966084901961049,0.000135343945261300,0,0.000150382095043113,2.13306340903065e-07,7.18914203233209e-11,41,41,41,0,0,0.0183413418145209,0.000692776486220459,2.61820089038766e-06,4
0.923300097131643,0.995791028207823,0.957675084742402,0.000143284755467740,0,0.000446478740609657,9.84284014303757e-07,1.09750143350590e-09,53,53,53,0,0,0.0315680317957471,0.00140345312902690,1.14898430367569e-05,4
0.885316247645011,0.999551502580285,0.954304720767633,0.000546395155265949,0,0.00123172020229380,2.60712023977866e-06,1.29989175333858e-08,59,59,59,0,0,0.0517424941241494,0.00235219047886848,4.71108197519100e-05,4
0.866450566639908,0.999794390885829,0.904255821280832,0.00117095532629320,0,0.000715982814755245,2.08282738201718e-06,4.32331630515042e-09,39,39,39,0,0,0.0397559722001863,0.00215654438744550,2.76634854992854e-05,4
0.933340122167626,0.999536750353765,0.957642971672901,0.000237343848032664,0,0.000430940399964608,1.71498448335169e-06,9.56994799289064e-10,50,50,50,0,0,0.0305525502864261,0.00185201753952380,1.19944498808556e-05,4
0.889185874875565,0.997853071674962,0.921828542841349,0.000560885799250435,0,0.000175063767374862,2.27581405751521e-06,2.90661924911898e-10,62,62,62,0,0,0.0196496372450286,0.00225424743362823,8.47212940269674e-06,4
0.860360097791405,0.982227195531338,0.888287611910665,0.000618635482032321,0,0.00186688297843996,7.76502814573601e-07,1.86712372352879e-08,35,35,35,0,0,0.0641070077325241,0.00126969741591099,4.67601449849302e-05,4
0.889707447825320,0.998718950633936,0.935876140827007,0.000618957322143484,0,0.000147958679659145,1.88892584666238e-06,1.79574513290012e-10,57,57,57,0,0,0.0198789145616179,0.00192469966458697,6.51889050201634e-06,4
0.951173957542811,0.999066030606311,0.967527036789994,0.000134284905651066,0,3.69703653652562e-05,8.72298828348637e-07,2.34738751730479e-11,21,21,21,0,0,0.00911154874148057,0.00140095409053065,2.69376413908463e-06,4
0.963880609336312,1,0.972568277482932,8.01062775813741e-05,0,1.93712427652379e-05,2.09512230499684e-07,7.22935457694842e-12,71,71,71,0,0,0.00685841509694141,0.000686587589914245,1.49704288771880e-06,4
0.952197384586041,0.999766547963917,0.979246193061476,0.000154189836682433,0,9.85337344597981e-05,4.34523364928560e-07,2.69105491806830e-11,102,102,102,0,0,0.0146910219802714,0.000932226758818433,1.72052250117394e-06,4
0.929935230591928,0.999548213979500,0.970618006106199,0.000282023456990157,0,5.56417949787183e-05,1.42946694123554e-06,3.40880631097165e-11,108,108,108,0,0,0.0111873082232556,0.00169577825314882,2.65050753386047e-06,4
0.901351503581985,0.988027973901580,0.935830727652290,0.000243584828185040,0,0.000195601211116939,2.06396681636349e-06,9.29737532907842e-10,56,56,56,0,0,0.0208306312395523,0.00215482464552930,1.88111678485607e-05,4
0.934039727840370,1,0.985803881096426,0.000363220170558883,0,3.87971589266204e-06,9.55480848636617e-08,7.69661777763990e-14,17,17,17,0,0,0.00294851015043918,0.000437145478905276,1.40166253445988e-07,4
0.921047806420537,0.998686473813461,0.937013962866793,0.000318648467591740,0,5.53553821109027e-05,2.55247099653439e-07,4.63388453002795e-11,29,29,29,0,0,0.0111537561657853,0.000765590174636899,3.82150836910361e-06,4
0.955923119552477,0.992334252502804,0.962390034223645,8.79249790065956e-05,0,0.000140600324658731,2.83170754705718e-06,8.70452880106916e-11,60,60,60,0,0,0.0167690384136200,0.00251559944788715,2.74808833613070e-06,4
0.931876449437249,1,0.950699377216899,0.000258265254404071,0,9.18028110875928e-05,2.01245262137776e-07,6.68531332020324e-11,40,40,40,0,0,0.0137818116331880,0.000672905515688216,3.73319248063061e-06,4
0.979818818634940,1,0.990870975586015,1.54774922289104e-05,0,1.66218315154641e-05,1.15698637034193e-07,1.70564101531639e-12,59,59,59,0,0,0.00576573178624606,0.000481037705453935,5.17278246288140e-07,4
0.923067299095477,0.998174026295723,0.953201428964000,0.000236530405845618,0,0.000196845810923744,4.86345097353319e-07,1.78019999179696e-10,35,35,35,0,0,0.0208877129222161,0.00102730977787291,4.45037715528734e-06,4
0.858292380258095,0.998455371751134,0.946141965837423,0.00105667239592975,0,0.00214397542801054,5.91008681034241e-06,6.05316693508963e-08,75,75,75,0,0,0.0668814676045333,0.00353122038917042,8.85589565744583e-05,4
0.953250218476765,1,0.976863805972413,0.000130303114909185,0,1.41662783667157e-05,4.56002124758352e-07,2.64097135191436e-12,21,21,21,0,0,0.00596317215726427,0.000954989135810824,9.01772564449206e-07,4
0.968220613295441,1,0.980078875477594,6.38101138439172e-05,0,6.82309078963070e-06,2.24745467865693e-07,6.82874583958958e-13,29,29,29,0,0,0.00391276209730906,0.000711109717173364,4.23167736251431e-07,4
0.896919219778424,0.995585038942218,0.926277167119980,0.000220583445902795,0,0.000386631690501996,3.18226971240236e-06,1.73624553295650e-09,67,67,67,0,0,0.0291353749245904,0.00264860240613762,2.07974011954333e-05,4
0.939729343719888,0.999768812062020,0.961089464838093,0.000156668731326717,0,5.64229998880642e-05,4.98575217873694e-07,4.79853725566258e-11,60,60,60,0,0,0.0106228997818923,0.00104005208677993,3.74835200806178e-06,4
0.977296586384512,0.999521491746442,0.988527957077684,2.26157786641454e-05,0,6.01685491761638e-06,1.14485074361562e-07,7.32233092092899e-13,41,41,41,0,0,0.00358501341322115,0.000478508253557997,4.73650592836786e-07,4
0.944970464238882,0.998594971992737,0.974943931878969,0.000163030741535809,0,0.000274621370801427,5.11722117567098e-07,3.32281232897358e-10,59,59,59,0,0,0.0245880893802688,0.00105377100544357,6.11941252708136e-06,4
0.879146226202800,0.998136769305232,0.958085698742106,0.000530313274278856,0,0.00139385476247166,2.82056045430663e-06,2.46113787857113e-08,57,57,57,0,0,0.0541403339010482,0.00244530522715425,5.50577623612995e-05,4
0.934655243122951,0.999048642316100,0.956753612258594,0.000188337554222285,0,9.49331375240690e-05,9.02400572463319e-07,9.04479985924549e-11,26,26,26,0,0,0.0146136033472972,0.00142492150241769,5.31500775571000e-06,4
0.934102751054344,0.997254434849031,0.963389619843481,8.31720219667678e-05,0,0.000130952817184834,1.88453200269531e-06,1.14423816434769e-10,75,75,75,0,0,0.0171606065419907,0.00205917386322674,4.02569905768435e-06,4
0.945653075722206,0.998619047962999,0.959470014268275,0.000186530591458930,0,0.000122606280665486,9.54592900207076e-07,1.91783226337127e-10,47,47,47,0,0,0.0170409169021797,0.00138197691658937,8.60709243336643e-06,4
0.911786795401705,0.999774227899579,0.970219502884450,0.000390978440149799,0,0.00105959350481745,3.25882122373546e-06,9.32872668717723e-09,54,54,54,0,0,0.0477163740140053,0.00270682675161216,3.62330450725505e-05,4
0.917188796846315,0.999552378538772,0.936884520489133,0.000710725514055892,0,0.000864716590139834,4.00729945104592e-07,1.01382010697898e-08,57,57,57,0,0,0.0476723968678756,0.000895242922456907,4.23214700552079e-05,4
0.957392884477637,0.999768169677026,0.985643009177225,7.59742722740528e-05,0,3.11687385982212e-05,2.14253883903929e-07,1.00685506083496e-11,36,36,36,0,0,0.00833588032608623,0.000694313168807526,1.46662490174018e-06,4
0.959117563322559,0.999948362637038,0.982993962216601,8.07061987984178e-05,0,1.40516836949698e-05,3.48559324071392e-07,3.17415511310343e-12,64,64,64,0,0,0.00560479713095463,0.000855904243993955,9.29307028045059e-07,4
0.965202365634726,0.997159344024387,0.973487645674921,2.01486681570363e-05,0,3.23818428567162e-05,1.12232374620701e-07,2.90336101030112e-12,67,67,67,0,0,0.00804758881364054,0.000473777109241680,4.85403442623855e-07,4
0.961628342973231,0.991990935394589,0.976710002777310,1.60526857028015e-05,0,0.000116950156315670,5.83081592983827e-06,2.92755301641416e-10,201,201,201,0,0,0.0161837112782026,0.00344814783970904,9.55012461034580e-06,4
0.959222110677765,0.998295223884400,0.974127458618571,5.48862351029778e-05,0,6.76382231085403e-05,3.72829672243651e-07,2.57100560189193e-11,155,155,155,0,0,0.0108306491204987,0.000903133489356556,1.80698378007186e-06,4
0.910951976674803,1,0.951470292874852,0.000370066169111521,0,0.000122604493345119,1.67750478039117e-06,2.24114056386817e-10,57,57,57,0,0,0.0180844034560889,0.00183166851825933,8.16221486111699e-06,4
0.874798484045803,0.992736460328455,0.889326831211991,0.000805649749371618,0,0.000230488970013598,2.25253487506646e-06,3.54083625738759e-10,136,136,136,0,0,0.0227539834549078,0.00213610081005033,9.04237384245322e-06,4
0.931507428255673,0.991613428546773,0.941292419914722,0.000255588680567808,0,0.000830676650149872,6.94973364246781e-06,1.37258749003479e-09,100,100,100,0,0,0.0401867575274453,0.00384348318607552,1.00441396268795e-05,4
0.926244757080069,0.996467405445857,0.959148279865500,9.67672929878655e-05,0,0.000491630560951817,2.43719350531419e-06,3.38960543618466e-09,165,165,165,0,0,0.0315780744392595,0.00220836298845728,2.39015214458774e-05,4
0.845364732548506,0.979782586374477,0.876556662876095,0.000254928903349794,0,0.00281888794078061,1.58531167344570e-06,4.15310935997801e-08,182,182,182,0,0,0.0794605904028287,0.00181345290233526,8.26057392347092e-05,4
0.965130983306407,0.999850577692585,0.979183406609520,7.84762776193475e-05,0,1.60805650773255e-05,2.01855255765882e-07,2.53539125181701e-12,44,44,44,0,0,0.00642314129700139,0.000672400383366911,7.77315190920994e-07,4
0.869068508190573,0.997442166886076,0.923949800580800,0.00124286817780806,0,0.000774434736141729,6.51002886632942e-06,6.52587642147048e-09,112,112,112,0,0,0.0415480498732539,0.00378559300860848,3.62472847197185e-05,4
0.883938859813040,0.993062248499143,0.924468642462890,0.000408358379399172,0,0.00166361470649869,3.15766764784854e-06,1.07566770924482e-08,123,123,123,0,0,0.0610205976402604,0.00254068393308660,3.07155261774649e-05,4
0.859978295750361,0.995063947643491,0.950185037763683,0.000884975587117647,0,0.00211737097175352,7.31683598483659e-06,5.23715081016096e-08,112,112,112,0,0,0.0704600597104643,0.00370303792917415,7.95255884193905e-05,4
0.871560366007400,0.992986165006561,0.917587763980337,0.000669749085014916,0,0.000421030496454083,4.80159592380810e-06,2.69770154442686e-09,80,80,80,0,0,0.0302473375984751,0.00328688162581114,2.74397129510256e-05,4
0.912249397952155,0.996766696721749,0.939960433779825,0.000296421608058901,0,0.000173704418131833,1.49265087217826e-06,2.76592192573851e-10,71,71,71,0,0,0.0197442525034246,0.00173244136419859,8.24446881037235e-06,4
0.918570206385758,0.995450477887820,0.930852277142350,0.000208173530740187,0,0.000105602257079343,8.96978436740376e-07,1.83347343297000e-10,107,107,107,0,0,0.0153526848543422,0.00136476022504484,6.97858655183382e-06,4
0.959535417513009,0.988786723758649,0.970504863990519,1.89749788232386e-05,0,0.000111475505382042,5.55700675507109e-07,3.75238217406031e-11,186,186,186,0,0,0.0138942671489817,0.00109800882002498,1.42720159991116e-06,4
0.957471716743827,0.987240413435761,0.974246589335231,2.77417098202925e-05,0,0.000375601837545798,1.11903152520605e-07,2.93579738857471e-10,25,25,25,0,0,0.0274080950649912,0.000473081710744783,2.24114164346458e-06,4
0.929111627038136,0.994869194709081,0.951964031386552,0.000127496926774114,0,0.000646047340021021,1.37847959611952e-06,1.28108599870975e-09,173,173,173,0,0,0.0370763245833279,0.00174851819235933,8.50010825238999e-06,4
0.915832542340766,0.993561525185729,0.965850467606734,0.000215218541143291,0,0.000605612018461034,2.18591846399479e-06,4.29179428265862e-09,113,113,113,0,0,0.0369089414033867,0.00206973951927492,3.36562869897969e-05,4
0.900691939783596,0.998295993826497,0.946695051294536,0.000378482751944888,0,0.000170931073125479,2.21390251951868e-06,4.67737552777382e-10,87,87,87,0,0,0.0209328549144535,0.00219048925827392,1.20315644575661e-05,4
0.966319822424821,0.999761669874102,0.983757305820683,5.73077970393008e-05,0,4.16112133876675e-05,5.32335056587710e-07,1.40636297021607e-11,122,122,122,0,0,0.00967378336216840,0.00107476357327641,1.55188856323975e-06,4
0.859738462750719,0.984784939833210,0.909424655535543,0.000616486379081712,0,0.000751667857285455,5.04719022142227e-06,7.66323221349574e-09,115,115,115,0,0,0.0392257507522477,0.00320926143910472,4.39281936033498e-05,4
0.943206986165238,1,0.975404257045177,0.000190017327303168,0,1.68989197900615e-05,8.65820512512525e-07,5.50818245912370e-12,29,29,29,0,0,0.00581359093677247,0.00134137920773292,1.29939224243562e-06,4
0.931089992394125,0.994450455960418,0.949126892647391,0.000171096204640268,0,0.000344872689870489,1.49634248254511e-06,5.98438494891453e-10,134,134,134,0,0,0.0274026134412280,0.00173499211968386,6.87539047217148e-06,4
0.926146164162024,0.998159061458754,0.950533772708942,0.000309630071182759,0,0.000155488246655887,1.97593175816527e-06,2.76146671973738e-10,69,69,69,0,0,0.0186362115088020,0.00207054389114059,8.56001917008909e-06,4
0.922175102475051,0.997769404854530,0.936000539123503,0.000348994258871171,0,0.000515561963104616,1.59184019707498e-06,2.22215965785626e-09,102,102,102,0,0,0.0324455186587384,0.00178428708288492,2.30689334705413e-05,4
0.943581016948154,0.996961744878541,0.953997576312314,8.29281034510441e-05,0,0.000179847591013417,3.57994684764766e-06,2.42739661360233e-10,190,190,190,0,0,0.0214820842831137,0.00260505957680535,6.59332815680422e-06,4
0.959931572414048,0.999545501565558,0.976323429963624,5.77220827566831e-05,0,0.000231037741123235,1.31374262831184e-06,1.67751984721430e-10,192,192,192,0,0,0.0208318054723569,0.00170711927891798,3.05835469780152e-06,4
0.918592000087335,0.995400253936396,0.932274758164867,0.000366942388350235,0,0.000121853079815263,1.97429692076989e-06,1.81162582891909e-10,152,152,152,0,0,0.0165580623635491,0.00206959330992995,5.66140560548315e-06,4
0.933124168201805,0.999500177931559,0.973826065742102,0.000143864525327174,0,9.48697927413817e-05,1.58843887630611e-06,6.72582049163155e-11,145,145,145,0,0,0.0145287064333067,0.00175362381616012,3.93397029269828e-06,4
0.811163329144561,0.997345215351901,0.929682790442403,0.00122225559409822,0,0.00588474754673396,4.95492166630752e-06,2.91245889578984e-07,109,109,109,0,0,0.104810712336286,0.00331693438822356,0.000152575992036831,4
0.930569535766246,0.999054483984084,0.952768442066674,0.000206846594577998,0,0.000687335615052754,2.30470865367834e-06,1.26851409867665e-09,147,147,147,0,0,0.0393208440336993,0.00212530899936070,1.02382338463328e-05,4
0.917954736533404,1,0.940769087290212,0.000431521680971083,0,0.000191794829865427,2.37471718453197e-06,1.98063735631395e-10,161,161,161,0,0,0.0197437460494123,0.00219326915191492,5.67653562208451e-06,4
0.973649966247305,0.999067081385019,0.987175062341186,2.69963256577769e-05,0,9.64302509335077e-06,1.08999706302694e-07,1.09717318078756e-12,35,35,35,0,0,0.00454727403730681,0.000466904072166208,5.90937100656001e-07,4
0.971215263110736,0.999763893955685,0.982068740959768,3.82868811338881e-05,0,1.03905118907356e-05,2.22418067659869e-07,1.24050957604312e-12,39,39,39,0,0,0.00471822078645168,0.000707418109900826,5.29421228921657e-07,4
0.969497380881149,1,0.990944642265193,3.01610783399663e-05,0,9.61642663521012e-06,1.13831291818219e-07,1.85777729136642e-12,42,42,42,0,0,0.00476624886951826,0.000477140004229826,7.65532960546965e-07,4
0.916789323081141,1,0.950437139944723,0.000556485133164329,0,0.000162702972409511,9.32281689699801e-07,1.86549538792384e-10,28,28,28,0,0,0.0193252030937741,0.00136481560679158,5.14993757954279e-06,4
0.928318591558285,0.998639050660196,0.976181703995104,0.000117672767667617,0,4.80223731868352e-05,4.80273461006983e-07,3.46362911572358e-11,45,45,45,0,0,0.0102072642678046,0.00102078411449608,3.04517271437214e-06,4
0.920403839888594,0.998115509674781,0.945365151941025,0.000228216774168704,0,0.000746293671281658,2.73376534867860e-06,2.48383166062283e-09,105,105,105,0,0,0.0409755371595915,0.00235421550903880,1.64234846437084e-05,4
0.965054899003095,1,0.988817970558722,7.12952830905912e-05,0,1.57057202334140e-05,2.16857381894916e-07,3.62508045898232e-12,35,35,35,0,0,0.00594111349480198,0.000698518891115496,1.03510019877827e-06,4
0.863650085003299,0.993637611431378,0.900464363631108,0.000414091164302897,0,0.000912315358588541,4.19952135183964e-06,1.02098368001068e-08,109,109,109,0,0,0.0436328435409537,0.00295503253242591,4.61274447869861e-05,4
0.946062250126319,0.999546216905246,0.971218009924826,7.71235431640053e-05,0,5.26554454491904e-05,4.79403571653685e-07,1.31945579947697e-11,72,72,72,0,0,0.0108775381210451,0.00101985925423287,1.41886074570413e-06,4
0.965778855186843,0.999161828027403,0.983790255295823,5.16220346758313e-05,0,6.47969083345246e-05,1.36882935477677e-06,2.80176267185547e-11,194,194,194,0,0,0.0115821137698702,0.00165350492110322,2.01734687051652e-06,4
0.955359821687837,0.999483797225418,0.987144751140795,6.69520306936066e-05,3.32104869234179e-09,0.000486831649213338,3.17100294559490e-07,3.89502484353319e-09,229,229,229,0,3.11692364869387e-05,0.0131950438098710,0.000770583962684923,2.20267888617937e-06,4
0.950416448922971,0.999015664398080,0.980100564717421,0.000118566463167319,0,0.000161242492296446,8.43380976644051e-07,3.21991296423538e-10,147,147,147,0,0,0.0180215246879651,0.00131710814916575,5.50740366423695e-06,4
0.893476078071834,0.999913097414541,0.940667350300340,0.000390825668872719,0,0.000677690483672249,8.94388368662449e-07,2.85694767473513e-09,79,79,79,0,0,0.0385131890967676,0.00138969454827548,1.77096720855283e-05,4
0.938795078835522,0.999454299477340,0.965088723737690,0.000213118934373115,0,6.90208119850139e-05,9.22003663399587e-07,3.79750127323491e-11,77,77,77,0,0,0.0125719692337127,0.00140198390012736,3.02805690160630e-06,4
0.913971765679732,0.999774539323320,0.935590981878387,0.000808024991044729,0,0.00105074847602322,4.72487641831051e-07,1.34341901819857e-08,77,77,77,0,0,0.0520217580052847,0.00101242534598134,5.25826251332489e-05,4
0.970104430922138,0.996676933686014,0.987567718727104,2.01080602477296e-05,0,2.24520981652948e-05,3.74717086968618e-06,1.03661907589371e-11,306,306,306,0,0,0.00670105934390897,0.00273495955168523,1.22441869879679e-06,4
0.836970142198534,0.999347518118892,0.929930075271404,0.000779655925853762,0,0.00228883488158560,3.50232852509962e-06,2.58078179634219e-08,52,52,52,0,0,0.0649173985320402,0.00273445212418788,5.32118501026123e-05,4
0.899404427068939,1,0.930705676882742,0.000520127040552777,0,0.00129971909802543,3.17517600691059e-05,2.12564626425660e-08,135,135,135,0,0,0.0540745123112993,0.00814912069455692,9.07713612659803e-05,4
0.864081199646094,0.993928772788403,0.893312560978552,0.000582797827825680,0,0.000897804360587404,1.93631644348170e-06,1.04061757966294e-08,82,82,82,0,0,0.0447193814875160,0.00199917789902915,4.63333238511417e-05,4
0.871045861613975,0.999588930962054,0.940672819081424,0.000472202825831647,0,0.00140379377581538,2.81464428903968e-05,4.08691664550511e-08,110,110,110,0,0,0.0559280905092311,0.00772496338097795,0.000141243532309136,4
0.899796774087019,0.985555668428927,0.924404958906117,0.000355985674605516,0,0.000210459116099466,9.05130102149017e-07,3.13494376934074e-10,207,207,207,0,0,0.0282075341659317,0.00134556625419602,1.02230837614915e-05,4
0.912334446292891,0.994784697755390,0.950122007510006,0.000296178345050635,0,0.00101084429908039,9.79522779749871e-07,5.60491189573689e-09,82,82,82,0,0,0.0476892508877231,0.00143110200604102,2.69952614783959e-05,4
0.882749724482245,0.999227044633058,0.915460277491470,0.000439764869894267,0,0.00179328851385357,2.59557220620601e-06,8.84297496650282e-09,83,83,83,0,0,0.0601693710012285,0.00231677946501485,2.74270570444097e-05,4
0.858119337283100,0.998893914039768,0.890147739435875,0.00167203155265645,0,0.0102468914990174,1.51159995998020e-06,3.82167142513615e-07,88,88,88,0,0,0.143156498273864,0.00176077517977302,8.83684865942217e-05,4
0.910326061398734,0.999320613446038,0.932970968245324,0.000838602112911281,0,0.00107282536898902,4.10396891766690e-07,1.04836073768572e-08,40,40,40,0,0,0.0520831993722654,0.000905976701429667,4.20186564722238e-05,4
0.907082035585412,0.990413795157270,0.941233446450466,0.000298511053423757,0,0.00192611702981594,0.000474222725567453,1.66356760374994e-07,321,321,321,0,0,0.0620663681846447,0.0315901594631973,0.000199290782693274,4
0.895518911169856,1,0.931245509779757,0.000521445727057553,0,0.00133316025815793,3.17506144327796e-05,2.20405258490295e-08,131,131,131,0,0,0.0543986865408146,0.00814912069455692,9.33884096481518e-05,4
0.861703423388721,0.991193682338079,0.890762465938898,0.000579204809457015,0,0.000892870007993477,1.89966283186473e-06,1.01390575702244e-08,79,79,79,0,0,0.0445963228171168,0.00203881992086014,4.58539006683898e-05,4
0.864098550261183,0.999176804458242,0.938226470938369,0.000470187530832256,0,0.00100016387789915,2.84369072644454e-05,3.91451844871113e-08,121,121,121,0,0,0.0432422471073825,0.00772171295192403,0.000140538132192195,4
1,1,1,0,0,0,0,0,0,0,0,0,0,0,0,0,5
1,1,1,0,0,0,0,0,0,0,0,0,0,0,0,0,5
1,1,1,0,0,0,0,0,0,0,0,0,0,0,0,0,5
1,1,1,0,0,0,0,0,0,0,0,0,0,0,0,0,5
1,1,1,0,0,0,0,0,0,0,0,0,0,0,0,0,5
1,1,1,0,0,0,0,0,0,0,0,0,0,0,0,0,5
1,1,1,0,0,0,0,0,0,0,0,0,0,0,0,0,5
1,1,1,0,0,0,0,0,0,0,0,0,0,0,0,0,5
1,1,1,0,0,0,0,0,0,0,0,0,0,0,0,0,5
1,1,1,0,0,0,0,0,0,0,0,0,0,0,0,0,5
1,1,1,0,0,0,0,0,0,0,0,0,0,0,0,0,5
1,1,1,0,0,0,0,0,0,0,0,0,0,0,0,0,5
1,1,1,0,0,0,0,0,0,0,0,0,0,0,0,0,5
1,1,1,0,0,0,0,0,0,0,0,0,0,0,0,0,5
1,1,1,0,0,0,0,0,0,0,0,0,0,0,0,0,5
1,1,1,0,0,0,0,0,0,0,0,0,0,0,0,0,5
1,1,1,0,0,0,0,0,0,0,0,0,0,0,0,0,5
0.500000000000000,1,0.500000000000000,0.0451158885156924,0,0.125000000000000,0,0.000625736815178944,7,7,7,0,0,0.500000000000000,0,0.0100117890428631,5
1,1,1,0,0,0,0,0,0,0,0,0,0,0,0,0,5
1,1,1,0,0,0,0,0,0,0,0,0,0,0,0,0,5
1,1,1,0,0,0,0,0,0,0,0,0,0,0,0,0,5
1,1,1,0,0,0,0,0,0,0,0,0,0,0,0,0,5
1,1,1,0,0,0,0,0,0,0,0,0,0,0,0,0,5
1,1,1,0,0,0,0,0,0,0,0,0,0,0,0,0,5
1,1,1,0,0,0,0,0,0,0,0,0,0,0,0,0,5
1,1,1,0,0,0,0,0,0,0,0,0,0,0,0,0,5
1,1,1,0,0,0,0,0,0,0,0,0,0,0,0,0,5
1,1,1,0,0,0,0,0,0,0,0,0,0,0,0,0,5
1,1,1,0,0,0,0,0,0,0,0,0,0,0,0,0,5
1,1,1,0,0,0,0,0,0,0,0,0,0,0,0,0,5
1,1,1,0,0,0,0,0,0,0,0,0,0,0,0,0,5
0.500000000000000,1,0.500000000000000,0.0491182314952808,0,0.125000000000000,0,0.000624844759066066,7,7,7,0,0,0.500000000000000,0,0.00999751614505705,5
1,1,1,0,0,0,0,0,0,0,0,0,0,0,0,0,5
1,1,1,0,0,0,0,0,0,0,0,0,0,0,0,0,5
1,1,1,0,0,0,0,0,0,0,0,0,0,0,0,0,5
0.500000000000000,1,0.500000000000000,0.0567826981761408,0,0.125000000000000,0,0.000624844759066066,7,7,7,0,0,0.500000000000000,0,0.00999751614505705,5
1,1,1,0,0,0,0,0,0,0,0,0,0,0,0,0,5
0.500000000000000,1,0.500000000000000,0.0566978700943869,0,0.125000000000000,0,0.000624844759066066,7,7,7,0,0,0.500000000000000,0,0.00999751614505705,5
1,1,1,0,0,0,0,0,0,0,0,0,0,0,0,0,5
1,1,1,0,0,0,0,0,0,0,0,0,0,0,0,0,5
1,1,1,0,0,0,0,0,0,0,0,0,0,0,0,0,5
0.500000000000000,1,0.500000000000000,0.0491182314952808,0,0.125000000000000,0,0.000624844759066066,7,7,7,0,0,0.500000000000000,0,0.00999751614505705,5
0.500000000000000,1,0.500000000000000,0.0498805753672555,0,0.125000000000000,0,0.000624844759066066,7,7,7,0,0,0.500000000000000,0,0.00999751614505705,5
1,1,1,0,0,0,0,0,0,0,0,0,0,0,0,0,5
1,1,1,0,0,0,0,0,0,0,0,0,0,0,0,0,5
1,1,1,0,0,0,0,0,0,0,0,0,0,0,0,0,5
1,1,1,0,0,0,0,0,0,0,0,0,0,0,0,0,5
1,1,1,0,0,0,0,0,0,0,0,0,0,0,0,0,5
1,1,1,0,0,0,0,0,0,0,0,0,0,0,0,0,5
1,1,1,0,0,0,0,0,0,0,0,0,0,0,0,0,5
1,1,1,0,0,0,0,0,0,0,0,0,0,0,0,0,5
1,1,1,0,0,0,0,0,0,0,0,0,0,0,0,0,5
1,1,1,0,0,0,0,0,0,0,0,0,0,0,0,0,5
1,1,1,0,0,0,0,0,0,0,0,0,0,0,0,0,5
1,1,1,0,0,0,0,0,0,0,0,0,0,0,0,0,5
1,1,1,0,0,0,0,0,0,0,0,0,0,0,0,0,5
1,1,1,0,0,0,0,0,0,0,0,0,0,0,0,0,5
1,1,1,0,0,0,0,0,0,0,0,0,0,0,0,0,5
1,1,1,0,0,0,0,0,0,0,0,0,0,0,0,0,5
0.884615384615385,1,1,0.000531439624843907,0,0.00665680473372781,0,6.66321619872242e-07,17,17,17,0,0,0.115384615384615,0,0.000249936765679177,6
0.641176470588235,1,0.729411764705882,0.00807453998071391,0,0.0366089965397924,0,3.54722468179613e-05,47,47,47,0,0,0.270588235294118,0,0.00222214713460682,6
0.939189189189189,1,0.966216216216216,0.000374086819580153,0,0.00184897735573412,0,6.59386254661133e-08,7,7,7,0,0,0.0608108108108109,0,8.90949600312542e-05,6
1,1,1,0,0,0,0,0,0,0,0,0,0,0,0,0,6
1,1,1,0,0,0,0,0,0,0,0,0,0,0,0,0,6
0.936619718309859,1,0.964788732394366,0.000406648135203908,0,0.00200853005356080,0,7.11132142561573e-08,7,7,7,0,0,0.0633802816901409,0,8.79683268170362e-05,6
1,1,1,0,0,0,0,0,0,0,0,0,0,0,0,0,6
1,1,1,0,0,0,0,0,0,0,0,0,0,0,0,0,6
1,1,1,0,0,0,0,0,0,0,0,0,0,0,0,0,6
1,1,1,0,0,0,0,0,0,0,0,0,0,0,0,0,6
1,1,1,0,0,0,0,0,0,0,0,0,0,0,0,0,6
1,1,1,0,0,0,0,0,0,0,0,0,0,0,0,0,6
0.998794976922522,1,0.998794976922522,1.50652172521915e-07,0,7.26040308626802e-07,0,4.86402809846399e-14,23,23,23,0,0,0.00120502307747761,0,1.33987825212171e-07,6
1,1,1,0,0,0,0,0,0,0,0,0,0,0,0,0,6
1,1,1,0,0,0,0,0,0,0,0,0,0,0,0,0,6
1,1,1,0,0,0,0,0,0,0,0,0,0,0,0,0,6
1,1,1,0,0,0,0,0,0,0,0,0,0,0,0,0,6
1,1,1,0,0,0,0,0,0,0,0,0,0,0,0,0,6
1,1,1,0,0,0,0,0,0,0,0,0,0,0,0,0,6
1,1,1,0,0,0,0,0,0,0,0,0,0,0,0,0,6
0.800000000000000,0.800000000000000,0.800000000000000,2.96387151282777e-29,0.310576131687243,0.310576131687243,0.310576131687243,8.91877204505648e-31,1903,1903,1903,0,0.700000000000000,0.700000000000000,0.700000000000000,5.87713130886006e-29,6
0.951048951048951,1,0.996503496503497,0.000119598000873310,0,0.00198053694557191,0,1.38936654710435e-08,7,7,7,0,0,0.0629370629370629,0,3.44976159528506e-05,6
1,1,1,0,0,0,0,0,0,0,0,0,0,0,0,0,6
1,1,1,0,0,0,0,0,0,0,0,0,0,0,0,0,6
1,1,1,0,0,0,0,0,0,0,0,0,0,0,0,0,6
1,1,1,0,0,0,0,0,0,0,0,0,0,0,0,0,6
1,1,1,0,0,0,0,0,0,0,0,0,0,0,0,0,6
1,1,1,0,0,0,0,0,0,0,0,0,0,0,0,0,6
1,1,1,0,0,0,0,0,0,0,0,0,0,0,0,0,6
1,1,1,0,0,0,0,0,0,0,0,0,0,0,0,0,6
0,0.500000000000000,0,0.00111274483713010,0,0.500000000000000,0,0.00111274483713010,1,1,1,0,0,1,0,0.00445097934852041,6
0,0.500000000000000,0,0.00111439820272705,0,0.500000000000000,0,0.00111439820272705,1,1,1,0,0,1,0,0.00445759281090820,6
0,0.500000000000000,0,0.00111274483713008,0,0.500000000000000,0,0.00111274483713008,1,1,1,0,0,1,0,0.00445097934852034,6
0,0.500000000000000,0,0.00111274483713013,0,0.500000000000000,0,0.00111274483713013,1,1,1,0,0,1,0,0.00445097934852053,6
1,1,1,0,0,0,0,0,0,0,0,0,0,0,0,0,6
1,1,1,0,0,0,0,0,0,0,0,0,0,0,0,0,6
1,1,1,0,0,0,0,0,0,0,0,0,0,0,0,0,6
1,1,1,0,0,0,0,0,0,0,0,0,0,0,0,0,6
1,1,1,0,0,0,0,0,0,0,0,0,0,0,0,0,6
1,1,1,0,0,0,0,0,0,0,0,0,0,0,0,0,6
1,1,1,0,0,0,0,0,0,0,0,0,0,0,0,0,6
1,1,1,0,0,0,0,0,0,0,0,0,0,0,0,0,6
1,1,1,0,0,0,0,0,0,0,0,0,0,0,0,0,6
1,1,1,0,0,0,0,0,0,0,0,0,0,0,0,0,6
0,0.500000000000000,0,0.00111274483713010,0,0.500000000000000,0,0.00111274483713010,1,1,1,0,0,1,0,0.00445097934852041,6
0,0.500000000000000,0,0.00111439820272705,0,0.500000000000000,0,0.00111439820272705,1,1,1,0,0,1,0,0.00445759281090820,6
0,0.500000000000000,0,0.00111274483713008,0,0.500000000000000,0,0.00111274483713008,1,1,1,0,0,1,0,0.00445097934852034,6
0.491396064758301,1,1,0.000960947826576220,0,0.132498088538182,0,7.33805945687288e-05,1,1,1,0,0,0.514777793884277,0,0.00121758156321982,6
0.855723408054714,0.965456212984516,0.880594022598738,0.000208988432572688,0,0.00571059135623779,0,1.75260545551353e-07,8,8,8,0,0,0.106869933622491,0,0.000118837734990929,6
0.792170295715332,1,1,0.000294649405444073,0,0.0387729195090970,0,8.93330916708914e-06,1,1,1,0,0,0.278470535278320,0,0.000560749728347962,6
0.407862728427662,0.995043051334598,0.421790893338684,0.00637331002223006,0,0.0408281190226758,2.17743644464513e-05,2.79521537057434e-05,84,84,84,0,0,0.291784501258527,0.00659914607300843,0.00226897196957208,6
0.851883354187012,1,1,0.00132926205743721,0,0.0132175723475666,0,6.40000968916503e-07,1,1,1,0,0,0.162588882446289,0,0.000152492204140749,6
0.686289276332652,0.990032881844264,0.962763932367891,0.000999023573064597,0,0.150357159941689,4.63498622427827e-05,0.000281760978707888,136,136,136,0,0,0.548374251659738,0.00886424187633839,0.00410832465613739,6
0.931981384139782,0.971725849027222,0.950170602747508,2.85864114502976e-05,0,0.00186218225629745,0,2.06504785770793e-08,6,6,6,0,0,0.0610275717409344,0,3.21247667148691e-05,6
0.965892254686515,0.988633857682487,0.975989350735409,1.44378380037838e-05,0,0.000291379616508373,0,8.34973665785377e-10,12,12,12,0,0,0.0241404066456377,0,1.21186759353097e-05,6
1,1,1,0,0,0,0,0,0,0,0,0,0,0,0,0,6
1,1,1,0,0,0,0,0,0,0,0,0,0,0,0,0,6
1,1,1,0,0,0,0,0,0,0,0,0,0,0,0,0,6
1,1,1,0,0,0,0,0,0,0,0,0,0,0,0,0,6
1,1,1,0,0,0,0,0,0,0,0,0,0,0,0,0,6
1,1,1,0,0,0,0,0,0,0,0,0,0,0,0,0,6
1,1,1,0,0,0,0,0,0,0,0,0,0,0,0,0,6
1,1,1,0,0,0,0,0,0,0,0,0,0,0,0,0,6
1,1,1,0,0,0,0,0,0,0,0,0,0,0,0,0,6
1,1,1,0,0,0,0,0,0,0,0,0,0,0,0,0,6
1,1,1,0,0,0,0,0,0,0,0,0,0,0,0,0,6
1,1,1,0,0,0,0,0,0,0,0,0,0,0,0,0,6
1,1,1,0,0,0,0,0,0,0,0,0,0,0,0,0,6
1,1,1,0,0,0,0,0,0,0,0,0,0,0,0,0,6
1,1,1,0,0,0,0,0,0,0,0,0,0,0,0,0,6
1,1,1,0,0,0,0,0,0,0,0,0,0,0,0,0,6
1,1,1,0,0,0,0,0,0,0,0,0,0,0,0,0,6
1,1,1,0,0,0,0,0,0,0,0,0,0,0,0,0,6
1,1,1,0,0,0,0,0,0,0,0,0,0,0,0,0,6
1,1,1,0,0,0,0,0,0,0,0,0,0,0,0,0,6
1,1,1,0,0,0,0,0,0,0,0,0,0,0,0,0,6
1,1,1,0,0,0,0,0,0,0,0,0,0,0,0,0,6
1,1,1,0,0,0,0,0,0,0,0,0,0,0,0,0,6
1,1,1,0,0,0,0,0,0,0,0,0,0,0,0,0,6
1,1,1,0,0,0,0,0,0,0,0,0,0,0,0,0,6
1,1,1,0,0,0,0,0,0,0,0,0,0,0,0,0,6
1,1,1,0,0,0,0,0,0,0,0,0,0,0,0,0,6
1,1,1,0,0,0,0,0,0,0,0,0,0,0,0,0,6
1,1,1,0,0,0,0,0,0,0,0,0,0,0,0,0,6
1,1,1,0,0,0,0,0,0,0,0,0,0,0,0,0,6
1,1,1,0,0,0,0,0,0,0,0,0,0,0,0,0,6
1,1,1,0,0,0,0,0,0,0,0,0,0,0,0,0,6
1,1,1,0,0,0,0,0,0,0,0,0,0,0,0,0,6
1,1,1,0,0,0,0,0,0,0,0,0,0,0,0,0,6
1,1,1,0,0,0,0,0,0,0,0,0,0,0,0,0,6
1,1,1,0,0,0,0,0,0,0,0,0,0,0,0,0,6
1,1,1,0,0,0,0,0,0,0,0,0,0,0,0,0,6
1,1,1,0,0,0,0,0,0,0,0,0,0,0,0,0,6
1,1,1,0,0,0,0,0,0,0,0,0,0,0,0,0,6
1,1,1,0,0,0,0,0,0,0,0,0,0,0,0,0,6
1,1,1,0,0,0,0,0,0,0,0,0,0,0,0,0,6
1,1,1,0,0,0,0,0,0,0,0,0,0,0,0,0,6
1,1,1,0,0,0,0,0,0,0,0,0,0,0,0,0,6
1,1,1,0,0,0,0,0,0,0,0,0,0,0,0,0,6
1,1,1,0,0,0,0,0,0,0,0,0,0,0,0,0,6
1,1,1,0,0,0,0,0,0,0,0,0,0,0,0,0,6
1,1,1,0,0,0,0,0,0,0,0,0,0,0,0,0,6
1,1,1,0,0,0,0,0,0,0,0,0,0,0,0,0,6
1,1,1,0,0,0,0,0,0,0,0,0,0,0,0,0,6
1,1,1,0,0,0,0,0,0,0,0,0,0,0,0,0,6
1,1,1,0,0,0,0,0,0,0,0,0,0,0,0,0,6
1,1,1,0,0,0,0,0,0,0,0,0,0,0,0,0,6
1,1,1,0,0,0,0,0,0,0,0,0,0,0,0,0,6
1,1,1,0,0,0,0,0,0,0,0,0,0,0,0,0,6
1,1,1,0,0,0,0,0,0,0,0,0,0,0,0,0,6
1,1,1,0,0,0,0,0,0,0,0,0,0,0,0,0,6
1,1,1,0,0,0,0,0,0,0,0,0,0,0,0,0,6
1,1,1,0,0,0,0,0,0,0,0,0,0,0,0,0,6
1,1,1,0,0,0,0,0,0,0,0,0,0,0,0,0,6
1,1,1,0,0,0,0,0,0,0,0,0,0,0,0,0,6
1,1,1,0,0,0,0,0,0,0,0,0,0,0,0,0,6
1,1,1,0,0,0,0,0,0,0,0,0,0,0,0,0,6
1,1,1,0,0,0,0,0,0,0,0,0,0,0,0,0,6
1,1,1,0,0,0,0,0,0,0,0,0,0,0,0,0,6
1,1,1,0,0,0,0,0,0,0,0,0,0,0,0,0,6
1,1,1,0,0,0,0,0,0,0,0,0,0,0,0,0,6
1,1,1,0,0,0,0,0,0,0,0,0,0,0,0,0,6
1,1,1,0,0,0,0,0,0,0,0,0,0,0,0,0,6
1,1,1,0,0,0,0,0,0,0,0,0,0,0,0,0,6
1,1,1,0,0,0,0,0,0,0,0,0,0,0,0,0,6
1,1,1,0,0,0,0,0,0,0,0,0,0,0,0,0,6
1,1,1,0,0,0,0,0,0,0,0,0,0,0,0,0,6
1,1,1,0,0,0,0,0,0,0,0,0,0,0,0,0,6
1,1,1,0,0,0,0,0,0,0,0,0,0,0,0,0,6
1,1,1,0,0,0,0,0,0,0,0,0,0,0,0,0,6
1,1,1,0,0,0,0,0,0,0,0,0,0,0,0,0,6
1,1,1,0,0,0,0,0,0,0,0,0,0,0,0,0,6
1,1,1,0,0,0,0,0,0,0,0,0,0,0,0,0,6
1,1,1,0,0,0,0,0,0,0,0,0,0,0,0,0,6
1,1,1,0,0,0,0,0,0,0,0,0,0,0,0,0,6
1,1,1,0,0,0,0,0,0,0,0,0,0,0,0,0,6
1,1,1,0,0,0,0,0,0,0,0,0,0,0,0,0,6
1,1,1,0,0,0,0,0,0,0,0,0,0,0,0,0,6
1,1,1,0,0,0,0,0,0,0,0,0,0,0,0,0,6
1,1,1,0,0,0,0,0,0,0,0,0,0,0,0,0,6
0.730208327807281,0.975431312182845,0.859541564471515,0.00470724989206406,0,0.00518662171291120,2.00553328140870e-06,2.26561040783777e-07,34,34,34,0,0,0.100129000199822,0.00208590110633278,0.000206805625268124,8
0.839039743539347,0.998504465616088,0.937771389369006,0.000708574172505305,0,0.00499278711103565,7.51802758134406e-06,2.83940707209027e-07,109,109,109,0,0,0.0999278450786931,0.00403874173991137,0.000235337349492600,8
0.665447583918643,0.958776678627134,0.745124820808135,0.00339810311787619,0,0.0179060507814393,2.66503596664702e-05,8.14428044780204e-07,165,165,165,0,0,0.197386080655050,0.00749887145309636,0.000217675213556870,8
0.718326949186475,0.992909575477183,0.733925216527706,0.00915295153866953,0,0.0128578485089384,5.93779045436755e-06,3.03839342824703e-07,203,203,203,0,0,0.169680394877297,0.00348051840758690,9.13928888637352e-05,8
0.732974417499674,0.977264807060410,0.858948152180499,0.00473903143660880,0,0.00542106112470713,2.00907846810771e-06,2.46221867262128e-07,34,34,34,0,0,0.109618384504103,0.00208783858729067,0.000210094181455902,8
0.835548139073987,0.996412029908242,0.937508348611133,0.000687680301791257,0,0.00560173532106398,7.50902830933046e-06,3.86999079883119e-07,109,109,109,0,0,0.105846448415277,0.00403641882792594,0.000270476792242497,8
0.655774789551060,0.962198714024873,0.747424256692773,0.00336858625538287,0,0.0165777434647037,2.70769890994388e-05,7.91551449757379e-07,161,161,161,0,0,0.190473245256070,0.00740621027105914,0.000221389244372452,8
0.706771478664249,0.993030549196268,0.734842275995810,0.00924532411305678,0,0.0126188808343360,6.40143452863335e-06,2.87940194085877e-07,198,198,198,0,0,0.168425604542583,0.00361371636757535,8.84276082827271e-05,8
0.829559729542597,0.999167008153286,0.924157116816686,0.00154613606480713,0,0.00216765658884246,3.87759631684264e-06,4.67840345799229e-08,93,93,93,0,0,0.0658430951405302,0.00281280468849265,6.82164237096861e-05,8
0.884766245152596,0.993293613992023,0.926632379992189,0.000724296030943111,0,0.00593318155312614,3.85453259783754e-07,7.22870158370069e-08,149,149,149,0,0,0.108932837593869,0.000914565915847709,2.74983569077598e-05,8
0.914121605786353,0.999585656487125,0.957784500675721,0.000697332454732132,0,4.93393872966235e-05,3.42199127682541e-07,5.75617195183246e-12,158,158,158,0,0,0.00993371907158880,0.000827283660762790,4.03376122179067e-07,8
0.709913832630616,0.997413828063724,0.767025905929167,0.00871323932483569,0,0.0174112422840481,7.98906079451680e-06,4.07387837634491e-06,124,124,124,0,0,0.179525992700124,0.00420259789929822,0.000637220575265232,8
0.923774225706772,1,0.961200306329582,0.000534472714903114,0,8.48865885460675e-06,9.43139903295259e-07,1.84674525143027e-12,199,199,199,0,0,0.00412035407570921,0.00137351603418495,7.05548355434449e-07,8
0.924984468765129,0.999775146939857,0.955080222659744,0.000228507600199121,0,1.29815092944417e-05,4.70970542223230e-07,5.12284743995410e-12,17,17,17,0,0,0.00539047609256083,0.00101069641809715,1.24318390583696e-06,8
0.921559337644073,1,0.954918944327249,0.000248207202466902,0,2.03188814264193e-05,8.13237808850388e-07,1.11499211836736e-11,19,19,19,0,0,0.00676147046684350,0.00135226543152966,1.85219986460479e-06,8
0.931949424580982,1,0.955549849480695,0.000253461207356894,0,0.000115985685416313,8.39043814959282e-07,1.08486752580890e-10,20,20,20,0,0,0.0161532688395799,0.00137399002312910,3.52592145717614e-06,8
0.933232220128554,1,0.955946514511908,0.000238671248322807,0,0.000111667072583882,4.91489839229881e-07,1.10610332782219e-10,24,24,24,0,0,0.0158309494319864,0.00103249444901810,3.50276248527018e-06,8
0.817422398760323,0.983890181905726,0.871121708117384,0.00107367116773483,0,0.0198795982552149,0.000252701011612273,4.72100396229709e-06,206,206,206,0,0,0.187052512077151,0.0227475714210551,0.00103145069817770,8
0.850773104317659,1,0.943715728241289,0.00232481587177021,0,0.000766509982794688,1.41810118718092e-06,6.08405269991645e-09,29,29,29,0,0,0.0415041122100899,0.00177438296800925,3.51037758097642e-05,8
0.965560179356315,0.999775403881829,0.985368526546423,7.22379772563833e-05,0,1.15519842109349e-05,1.01573719683605e-07,1.56020811682743e-12,22,22,22,0,0,0.00506457567744345,0.000450718802988304,6.21464093551605e-07,8
0.614117855885604,0.880000119665736,0.764117830955977,0.00425685931659955,0,0.0141515535407548,3.39091215917728e-05,2.64455091384180e-06,129,129,129,0,0,0.179411842429285,0.00823518325136408,0.000482442549832298,8
0.730367463019694,0.991655447013983,0.940073766886861,0.000463319513561133,0,0.0239256958400848,5.82895179763717e-05,2.59767628266468e-06,189,189,189,0,0,0.261710964593734,0.0112129244712103,0.000354125930173049,8
0.654622944645950,0.940987134659188,0.723087497505661,0.00167945610842685,0,0.0177042806779735,5.01729960987917e-06,1.72325626878838e-06,182,182,182,0,0,0.185915534324948,0.00310856972382678,0.000269271461616764,8
0.884862349938444,0.999491086691508,0.912312265500199,0.000543871532042406,0,2.58346227807317e-05,1.12007352506375e-06,9.27595448067696e-12,38,38,38,0,0,0.00762416558254997,0.00152528557965592,1.73864343677522e-06,8
0.934752780908512,0.999427128237401,0.970239051150667,0.000189582869381107,0,4.00736133557317e-05,1.42001533319348e-06,1.92138046039978e-11,62,62,62,0,0,0.00944365091186306,0.00171734170035942,2.14863448349297e-06,8
0.731588615761930,0.984783881904284,0.928180108323971,0.000485481984931143,0,0.0239716841069794,8.48324762873927e-05,1.90319631877982e-06,193,193,193,0,0,0.219719986903471,0.0132379917863001,0.000351835443624644,8
0.643782331508112,0.933937632545118,0.709520663344041,0.00150911790383608,0,0.0210514799627622,4.41834185421478e-05,2.26557829914561e-06,192,192,192,0,0,0.189443081448359,0.00971509844007445,0.000318575668979976,8
0.382972082904533,0.993059700162912,0.539294633026097,0.0236911348048485,0,0.0715981804468670,0.000403913957341670,6.62949025165290e-05,184,184,184,0,0,0.391632575624399,0.0287528008062081,0.00316388042656616,8
0.751716529976105,0.886132380295629,0.803018766454484,0.000323665446616814,0.000450615623052520,0.0175638957460794,0.00112362600491657,3.66287828501015e-06,624,624,624,0,0.0252831589101807,0.256668266620380,0.0610872406093339,0.000861145411863958,8
0.450101723035138,0.903351365908839,0.809563672331779,0.00389626216295888,3.38198054635202e-06,0.0521580326740999,0.000946942594081107,8.37574380738617e-05,663,663,663,0,0.000471139939518417,0.420294221890238,0.0559016986444756,0.00607753273061969,8
0.846234206210819,0.997907756882788,0.871861801565368,0.00132908502163103,0,0.00162497658600288,1.65494816092964e-05,1.81449554096930e-08,169,169,169,0,0,0.0570083605447987,0.00588389347611351,6.48972913606852e-05,8
0.817422398762009,0.986873561160540,0.870226669052670,0.00105093495394378,0,0.0157012702454458,0.000243682034836537,4.10937575146108e-06,212,212,212,0,0,0.180340003581242,0.0219271927003109,0.00105418233585756,8
0.908107066219440,0.965948384509338,0.932829679156777,1.82507005686632e-05,0,0.00231902503504780,1.94381599695167e-05,1.93173471234560e-08,210,210,210,0,0,0.0681032309813242,0.00629729171603943,2.96499293386632e-05,8
0.948477396927692,0.993195017125498,0.973266432982914,4.46647842217431e-05,0,0.000999837383904720,6.33167863882733e-05,1.08398088209686e-08,214,214,214,0,0,0.0447177231957245,0.0116654862895005,4.67854855116732e-05,8
0.672274485813526,0.872139869633779,0.740242109481226,0.00151415791636781,0,0.0103328673943711,2.05300401231978e-05,6.82122738206285e-07,157,157,157,0,0,0.162180268747580,0.00672938297542391,0.000190190794932362,8
0.415159320394171,0.995693426733504,0.482342775850979,0.0245662986665641,0,0.154321021451089,2.37408714265892e-05,0.000142717095464485,149,149,149,0,0,0.555555616389734,0.00689069973653714,0.00288969920113444,8
0.740318948110114,0.958997738173998,0.906890663165661,0.000515319210834741,0,0.00844096557429265,4.21575541136933e-06,4.16295427596255e-07,136,136,136,0,0,0.123006875977204,0.00298970866326387,0.000145860464968679,8
0.962178551837618,0.991679226902923,0.978063518389203,3.23323043543438e-05,0,0.000604800298131610,2.80373111000110e-05,3.21130148105521e-09,214,214,214,0,0,0.0346066659445943,0.00737520884552190,2.15379425962318e-05,8
0.948833765225366,0.989089609152854,0.969149676414850,2.31517666264569e-05,0,0.000294599136696441,1.26448531998707e-05,1.18820484492465e-09,199,199,199,0,0,0.0274642852357109,0.00526688730196445,1.42362423354574e-05,8
0.318029876417007,0.999539059956484,0.467146031939933,0.0538326599297831,0,0.121175021987443,1.61478452875816e-05,7.59087159014960e-05,153,153,153,0,0,0.492290609269450,0.00576187264908357,0.00298635632585644,8
0.287240174959501,0.342824672543545,0.330234643230986,5.16215016759478e-05,0.00570685595490068,0.0164628538096628,0.00708366158280350,5.21634249848581e-06,30733,30733,30733,0,0.0540379079366947,0.138188361605235,0.0666266409187369,0.000143065872697404,8
0.917619680587246,0.968640313460966,0.936577770062498,2.14297840759494e-05,0,0.00266583981723021,1.95692910898112e-05,2.53809164307139e-08,197,197,197,0,0,0.0730183513540289,0.00631871838111009,3.40905316233502e-05,8
0.953667972822909,0.996585809834786,0.976103252767280,5.01033326878563e-05,0,0.00200979187898880,6.84958793535850e-05,1.59329043337075e-08,208,208,208,0,0,0.0634001873654770,0.0117043478548501,5.04246149700256e-05,8
0.320050917917663,0.998158896293890,0.468056543376817,0.0536614035177275,0,0.139894589059673,1.73791256038124e-05,8.26329868017320e-05,161,161,161,0,0,0.528951016748570,0.00598487974922513,0.00302448040528213,8
0.675638692969272,0.996341908619903,0.891879650464741,0.00697862202400800,0,0.00517698020630578,7.54526704964245e-06,2.21320611132706e-07,131,131,131,0,0,0.113606926684669,0.00396320511033621,0.000152877644230964,8
0.505923375651506,0.976819799180501,0.657658996210845,0.00961166337587234,2.54917687855762e-07,0.214740725814428,0.000239435108229384,0.000187787720419873,398,398,398,0,0.000714027573495257,0.309711424939967,0.0257646209010869,0.00175884722648322,8
0.622627744484596,0.988841495047577,0.888990726226877,0.0127001873738617,0,0.0293709468421567,0.000202361246020271,1.11074177136738e-05,135,135,135,0,0,0.239255015542793,0.0208141478822046,0.00123499982502966,8
0.580573997439982,0.989406213475485,0.804956332639463,0.0103698841432968,0,0.0359291308992697,0.000210387327948636,1.49239658469160e-05,117,117,117,0,0,0.284008336815354,0.0216980455357346,0.00232392450181375,8
0.959955061010020,0.992667833963647,0.979131578002200,3.61558955774526e-05,0,0.000157888921390167,6.09700551636116e-06,3.32067663973841e-10,191,191,191,0,0,0.0169206038066803,0.00366611289533614,1.00068065102141e-05,8
0.675055361307606,0.977840988214675,0.725704281946093,0.00466006420611256,0,0.00299924881846846,3.65168880336421e-05,1.05841144811767e-07,189,189,189,0,0,0.0724122262034880,0.00854699278071541,0.000113865242846203,8
0.780842633298090,0.998073883070007,0.916745942681103,0.00159168451861126,0,0.00306105502367085,2.38163802883303e-06,5.35512540299696e-08,90,90,90,0,0,0.0741582683071719,0.00224712130175553,8.14167548890362e-05,8
0.319931260766710,0.990377992958260,0.516838475909166,0.0267609118199414,0,0.0887492999154703,0.000299281991813986,8.55523995988280e-05,168,168,168,0,0,0.442611632071808,0.0252578230950772,0.00340073979350281,8
0.218064636252814,0.999834915474906,0.335141085764136,0.0771657329075086,0,0.171940294553667,0.000318531468631158,0.000391993814960825,126,126,126,0,0,0.552812440635619,0.0256001227859842,0.00712367526112393,8
0.600294854879838,0.865572172285374,0.702521106713202,0.00444552265862921,0,0.0361416817281461,6.70580283703206e-05,4.85164660164064e-06,142,142,142,0,0,0.268855655429251,0.0118836969732422,0.000813612547938780,8
0.932663621310191,1,0.959059555079456,0.000197700235455948,0,0.000130585336858863,1.16075854985655e-06,2.64385862205748e-10,50,50,50,0,0,0.0169686742798723,0.00161607757770998,7.28504607225716e-06,8
0.580934344217145,0.966021573852369,0.887210893768494,0.00201590407261627,0,0.157424261655581,1.78162448770142e-06,0.000102796985652388,93,93,93,0,0,0.561113645629085,0.00188765700918092,0.00274807952444629,8
0.368225161403170,0.968387273193719,0.511517224326211,0.00637164572042589,3.03823659670697e-06,0.109503516885213,0.00391489006531180,0.000497275667523367,524,524,524,0,0.00194589807592327,0.605025929331506,0.111739762132282,0.0207159917756989,8
0.350694799893215,0.996892290491805,0.632282173048185,0.0193206471359044,0.000130816366347577,0.0377215245657771,0.0125084788698072,5.40873594258342e-05,520,520,520,0,0.00148002595361418,0.298790989097675,0.202893838073933,0.00670849850312503,8
0.817004523015488,0.999831922176979,0.929656193326213,0.00130542803289543,0,0.000388553814202037,6.38964543251124e-06,1.36105005823558e-09,37,37,37,0,0,0.0294641419982913,0.00377726799389855,1.88498669422477e-05,8
0.787635520529456,0.999670932542008,0.895299331370649,0.00196793180414416,0,0.000137055806845197,2.27615210316547e-06,3.20807497338213e-10,44,44,44,0,0,0.0175322620080307,0.00222235665888448,9.37701890804390e-06,8
0.358647066158035,0.994894705369324,0.482290973328123,0.0314381479294129,0,0.147465749969653,5.88476084233617e-05,0.000132687087530504,116,116,116,0,0,0.543075961481731,0.0108487426386564,0.00301321398409103,8
0.771943046401142,0.995835412433351,0.807143102678672,0.00179960952164244,0,0.0145769815872383,3.67097666313035e-07,2.44009809389962e-06,116,116,116,0,0,0.170745316698516,0.000892447641348548,0.000501139210404442,8
0.705336226663671,0.999892462386637,0.727825823590436,0.0108619479012687,0,0.0163229994476217,5.14065333932522e-06,6.41395332366736e-07,187,187,187,0,0,0.173393785873471,0.00328148446304144,0.000129180727234094,8
0.985980466574445,0.997262445681003,0.989352613803571,4.63940431106969e-06,0,2.69718962178205e-05,1.83375296970093e-06,1.02579287576708e-11,212,212,212,0,0,0.00757722482334478,0.00194746465150875,1.41168641534595e-06,8
0.533373822570141,0.994184282046371,0.792087901905942,0.00576518223966977,0,0.0145058498297507,2.23630343314282e-05,1.69567102424796e-06,120,120,120,0,0,0.162669109747679,0.00679928087983411,0.000465072600174656,8
0.649977194674623,0.998096081505734,0.871795602950340,0.00680870887220958,0,0.00279411733017636,2.11820148319027e-05,8.78448335683844e-08,47,47,47,0,0,0.0792546929136159,0.00666405099246603,0.000142081389662406,8
0.704036888010449,0.974831430717796,0.803952637457776,0.00159141326819789,4.77221934003899e-07,0.00739200898428620,0.00116312641620539,2.25495999411695e-06,567,567,567,0,0.00113534517621572,0.153659244372642,0.0519453503945502,0.00130899979629813,8
0.718150212284857,0.992746056113245,0.756687301576141,0.00645440380740748,0,0.00314252210835792,1.16935768385644e-05,5.60073412853856e-08,171,171,171,0,0,0.0802478110574563,0.00491160456817819,7.55840743937917e-05,8
0.675838412541338,0.997290116681852,0.739586798584410,0.0104530393556081,0,0.0142420550989551,9.10418336262247e-06,4.22089196160798e-07,191,191,191,0,0,0.177888847526182,0.00430693902751600,0.000134145264734570,8
0.543292387578015,0.999798128434264,0.780724129808290,0.0107893343485473,0,0.00966392830429472,6.38881873260154e-06,4.48432810288997e-07,110,110,110,0,0,0.143427246505189,0.00363093072539089,0.000203764543954030,8
0.308039335055423,0.997235564352373,0.528750673410308,0.0317182130993195,3.35823844461814e-07,0.212709515627486,0.0494097654396109,0.00125636500348485,586,586,586,0,0.000582080576380373,0.681485126265666,0.403595086028784,0.0289406113728964,8
0.712851998114841,0.996328130965406,0.734394141609898,0.00909989174062092,0,0.0174697515100699,1.88514581259226e-05,7.49698666937286e-07,215,215,215,0,0,0.179284047787243,0.00633416083142180,0.000118187797956014,8
0.304633548477960,0.994795107261401,0.473374330294623,0.0465355952546199,0,0.0736771114771612,9.49164093805947e-06,7.08175295574673e-05,66,66,66,0,0,0.391299837313459,0.00444971206882541,0.00367857281115135,8
0.372499321082647,0.997585871007630,0.627319273163601,0.0232681850220158,0,0.0506458534494772,1.67383637795133e-05,2.76415611647210e-05,88,88,88,0,0,0.292450150132221,0.00585753551315557,0.00141610028864313,8
0.716156700994696,0.995348848308127,0.734883834812174,0.00909526728552574,0,0.0132136673832462,1.85248498322488e-05,4.97760692014435e-07,217,217,217,0,0,0.184638874087749,0.00605878621628558,0.000121367749288306,8
0.648515793618836,0.998109309099405,0.931177929679122,0.0108548699839322,0,0.000514963877343370,1.94226023313121e-06,1.39140474135482e-09,89,89,89,0,0,0.0334657097424063,0.00198528554539779,1.27440927320686e-05,8
0.606231369023549,0.998590873777052,0.950994178495217,0.0224458776595395,0,0.000576728023100606,2.05909223468558e-06,1.37857094013025e-09,93,93,93,0,0,0.0358148712325250,0.00211358979999921,1.06442526628063e-05,8
0.731120762398752,0.999046524821344,0.753050691507874,0.00749836808439070,0,0.0165967451835385,6.27289292257850e-05,6.23011190540117e-07,212,212,212,0,0,0.168764820579808,0.0114417021438890,0.000100402550051923,8
0.728890921803929,0.993914516824844,0.759774840797651,0.00646682185851365,0,0.00427808104396445,9.58987383122133e-06,8.84430357695263e-08,166,166,166,0,0,0.0924995247983951,0.00450707367061032,9.74821119956804e-05,8
0.583852042397407,0.996216359435043,0.729098029210917,0.0193907268361909,0,0.0174566211198077,7.16203476132518e-06,8.12955533887629e-07,154,154,154,0,0,0.180245308650490,0.00384473210384700,0.000139454995634443,8
0.867775238015618,0.995734678217727,0.895499722967349,0.000975257943393046,0,0.00213653121807587,7.16343073308041e-05,2.47579986926686e-08,214,214,214,0,0,0.0615805032567865,0.0119962175126445,6.50888932619785e-05,8
0.331601677614463,0.930511312075814,0.355615483293447,0.00497224101401143,1.18723617793809e-07,0.111942884400027,0.000114426854121310,0.000242642807393992,616,616,616,0,0.000478417966333355,0.628069510464937,0.0181901287373106,0.0131244926280794,8
0.311087777862189,0.986654120392908,0.334535944404366,0.00963373980199796,9.55767761347264e-08,0.129892343058112,0.000163496616336442,0.000390010077576437,624,624,624,0,0.000521853737228240,0.663190096146104,0.0213980099307532,0.0167825641722276,8
0.731497757220272,0.999568330396689,0.796680781836745,0.00613785595126776,0,0.00749175142730568,9.75194618902383e-06,7.55617998921121e-07,114,114,114,0,0,0.119142319427869,0.00453259942382800,0.000367039904721298,8
0.474188475274057,0.995318103101272,0.667586235950869,0.00998895096826224,0,0.0728678905637608,0.000261395516481060,2.39321701438554e-05,176,176,176,0,0,0.381753560726710,0.0231393413037512,0.00157609426240327,8
0.144056701518150,0.999141180237731,0.308518350265236,0.0924968424249388,0,0.282772727970320,0.000592448450295358,0.000999888261343977,140,140,140,0,0,0.752027563285177,0.0352110490717579,0.0117424706719127,8
0.155703647000341,0.648078206319172,0.475092306771272,0.0121673267085254,0,0.156670228540863,0.000189622615596330,0.000660186182660425,143,143,143,0,0,0.576089981696724,0.0199364716178122,0.0139015952146323,8
0.699294651558770,0.998959286622924,0.730342322954830,0.0110525172887925,0,0.0180468105653158,6.42492420419362e-06,6.45370700871164e-07,194,194,194,0,0,0.206868590675936,0.00358466852256611,0.000147056568161187,8
0.986789741807790,0.997950147328352,0.989352069713818,3.83607357414204e-06,0,2.56831899015845e-05,2.10084905330554e-06,1.10685006978651e-11,184,184,184,0,0,0.00760162748825499,0.00204985267164814,1.60959635474110e-06,8
0.921908379159256,1,0.950273008723634,0.000320729885776051,0,7.04243269252648e-05,2.81716410021258e-06,3.37255394988004e-11,89,89,89,0,0,0.0118679675534832,0.00237367398781407,3.09715743302425e-06,8
0.919028374814969,0.997725642329381,0.947914375263287,0.000307773256538354,0,6.99431506713407e-05,5.17314131767450e-06,7.03049463855537e-11,150,150,150,0,0,0.0118273539451004,0.00341168110435297,3.94244871976306e-06,8
0.788354645822802,0.998012829606523,0.915938076827552,0.00247296426609018,0,0.00162325074724474,1.71145679239228e-05,2.10122848696173e-08,172,172,172,0,0,0.0685612529234296,0.00596184808237177,5.09618114451601e-05,8
0.755787438919894,0.998951478166116,0.911433712558060,0.00211183834558113,0,0.00341820274069383,8.78996802261831e-06,6.27978119482584e-08,123,123,123,0,0,0.0767225043119045,0.00419284343199655,7.29922176018010e-05,8
0.756768482272412,0.997903116816541,0.910255959091037,0.00208054442491601,0,0.00356310872521721,1.02588567296935e-05,6.59196023164657e-08,126,126,126,0,0,0.0783162674994916,0.00471785386222240,7.25566404589191e-05,8
0.573412648599024,0.996690740173559,0.632320671398350,0.0109656533844975,0,0.0445645799113789,6.00005346851560e-05,2.85524591323912e-05,176,176,176,0,0,0.287177031936954,0.0111694882710982,0.00157363773557982,8
0.876533224521929,0.999591261414623,0.932134147345394,0.00140304492853853,0,1.63795298299834e-05,3.34276118024286e-07,7.75407279313158e-13,19,19,19,0,0,0.00572355306256234,0.000817650436340967,3.72915990791775e-07,8
0.623125058439828,0.916250071849632,0.687499983444624,0.00146795290114608,0,0.0233820296033270,9.89556596729401e-06,2.09824249486670e-06,132,132,132,0,0,0.216249992385327,0.00468743667606120,0.000314046122949694,8
0.941918084099167,0.996848214138800,0.972197230010763,0.000141684782006190,0,0.000441529842859548,6.33524100224775e-05,4.98172688472774e-09,226,226,226,0,0,0.0297163201914217,0.0114813966009016,3.28479977427854e-05,8
0.945562548444182,0.996797751350812,0.970036475816882,0.000113900739982577,0,0.000686497772249966,0.000113073265592184,1.61507957746812e-08,220,220,220,0,0,0.0370539545055576,0.0150960519476955,6.07624295521338e-05,8
0.827082526382357,0.999605216596040,0.860244834311760,0.00157638816885850,0,0.00276663806624871,3.57180133569554e-06,5.70800323706565e-08,153,153,153,0,0,0.0746150673567794,0.00276340017443100,7.31088576783374e-05,8
0.907045664576210,0.999173749358197,0.925223353812832,0.000677307792809043,0,0.00105188605883691,1.03260859861109e-05,1.10728711098684e-08,183,183,183,0,0,0.0486462288548502,0.00464772552744974,3.83978061663275e-05,8
0.965032105136422,0.999800802287285,0.979183310518005,7.86042263982737e-05,0,1.06327131817979,2.47807118043101e-07,0.00502398884113789,46,46,46,0,0,1.33998917625164,0.000746198667672726,0.00797366236465708,8
0.898844129619548,0.999027876605748,0.946139447761292,0.000380836579626004,0,1.14173214743274,2.44348310010760e-06,0.00578470415481392,86,86,86,0,0,1.38968486587816,0.00218843713196487,0.00854418861828788,8
0.596724959824696,0.983741854975496,0.714751444695629,0.00530308738407780,0,0.0236487617190641,0.000900907282758681,1.01374891880018e-05,145,145,145,0,0,0.210452595377923,0.0424387199638319,0.00141990864742240,8
0.734424151908325,0.996125436547136,0.770526728934179,0.00608951226032472,0,0.0110772340332978,2.09661490753354e-05,3.75435412331443e-07,174,174,174,0,0,0.137894945182385,0.00647234829478571,0.000127358779728692,8
0.451454679651246,0.998986351545456,0.902255468806609,0.0162296844761293,0,0.0436288860900657,2.21351692023375e-05,1.18285286331032e-05,295,295,295,0,0,0.376377908222567,0.00651446196050692,0.00171489793983528,8
0.584524676187034,0.996648668891747,0.757839802593468,0.00809424234371649,0,0.0111402380600669,1.06257844638870e-05,5.49801148052134e-07,335,335,335,0,0,0.202966186794621,0.00415266521791807,0.000266138188844266,8
0.357826194195302,0.823869532968606,0.634394628320195,0.00944244248022472,0.00587896162261296,0.0611329303401395,0.0232003970858952,7.67599172426005e-05,1388,1388,1388,0,0.0354353523078304,0.428066016810676,0.132079202656409,0.00678050245022311,8
0.338693624947426,0.974199723607523,0.715808357868173,0.0197859843430141,0.00630182577170912,0.105521916510761,0.0308169102560223,0.000339529822482169,1375,1375,1375,0,0.0140342185903989,0.667614312323499,0.274870733942198,0.0267875474112459,8
0.207334419883469,0.999663668781244,0.318868800779855,0.0789219753464773,7.14504016988828e-07,0.138880290992832,0.000558567468598047,0.000273057412877790,245,245,245,0,0.00125953335965812,0.782755164969609,0.0320408705083527,0.00944017148757721,8
0.152788106547524,0.999141180237732,0.298069411880761,0.0927221204920501,4.07911419495966e-08,0.188168733061694,0.00106660327911825,0.000505884814268673,259,259,259,0,0.000285626126079519,0.806991542724463,0.0391479559713511,0.0121103687063969,8
0.549076851710186,0.817208279910117,0.661807577680982,0.00552140608302831,0,0.0285384506622728,0.000278345704222925,4.41655204512873e-06,354,354,354,0,0,0.237570334118531,0.0219121543906923,0.000918830387804220,8
0.168400074262471,0.648078206319172,0.465570028366381,0.0100587335995169,0,0.101868128712338,0.00501015263484781,0.000331626082704055,373,373,373,0,0,0.613384465017602,0.0725070613250606,0.0118877151003579,8
-0.417377062665799,0.984917960256919,0.193114764485819,0.130957226267616,5.58974294866755e-06,0.134841588435151,0.000197257972883242,0.000238538146499124,504,504,504,0,0.00344257607058274,0.698360594688613,0.0199180568306610,0.00815407880278683,8
-0.423661586141668,0.999339070447463,0.196629203254289,0.133923280894071,0,0.302069506826075,0.000125809204968522,0.000546385518727998,150,150,150,0,0,0.777263799267759,0.0163582165329066,0.00825609799202444,8
-0.188307846463230,0.995299587342787,0.549353648126807,0.0912501873780539,1.38079429499994e-06,0.134477817316311,3.09852292523309e-05,0.000101929101016423,416,416,416,0,0.00176260805732575,0.752643865396856,0.00851939678141320,0.00319520288900618,8
-0.0623188200166428,0.995362259234388,0.332463749262012,0.0853984697567678,2.12853625925924e-06,0.0588288764107458,4.11624632892024e-05,2.16918899240917e-05,414,414,414,0,0.00217397553383804,0.462898565252312,0.0102898222516705,0.00140615461150300,8
0.313592848008224,0.996615950949580,0.498590039321614,0.0430753866875435,6.36210443092878e-07,0.110407899659405,6.05015959212925e-05,0.000145010254376675,338,338,338,0,0.00112801635014115,0.620417388758084,0.0115623468668215,0.00546255045280787,8
0.795405629879295,0.982691259143051,0.888943741549422,0.00106360026446166,0,0.000968649806385092,9.08595234842865e-06,4.83664136797136e-09,125,125,125,0,0,0.0464798489948308,0.00431977698581082,2.92736896623615e-05,8
0.755749477176199,0.989240763578265,0.865298840497837,0.00140041178805617,0,0.00479182389430994,4.42553379908990e-06,1.30171554509909e-07,120,120,120,0,0,0.0978961071167791,0.00297055825578307,0.000123349578030900,8
0.703783083489698,0.992369155251425,0.785867479105929,0.00611550527866187,0,0.00461992240355429,9.59691455409356e-06,8.12866555370868e-08,130,130,130,0,0,0.0903693608496327,0.00440024524928806,5.76565788079149e-05,8
0.530981373813711,0.987329223415569,0.783543250976626,0.00977376818992038,0,0.0101031959485384,5.74348001249631e-05,1.07586383886934e-06,179,179,179,0,0,0.141619970253647,0.0109640156844399,0.000320119915687101,8
0.700341216276843,0.989975423475750,0.869567593103575,0.00243850493204135,0,0.00726131251613155,0.00188688759703779,1.99971593100042e-06,318,318,318,0,0,0.120509854502705,0.0599368075439790,0.000606092429290138,8