461.575897216797,461.575897216797,461.575897216797,0,889.325391163838,889.325391163838,889.325391163838,5.23370449300527e-26,1
409.911071777344,538.572875976563,427.367095947266,860.231048543310,0,274.658203125000,1.07288360595703,1338.46442610421,1
423.827056884766,502.684265136719,451.170745849609,569.941018418388,0,163.196414710958,5.84125518798828,741.829393675039,1
418.211822509766,513.670532226563,450.682464599609,875.347718227151,0,139.553527038547,2.98008322901830,299.424895455355,1
400.314941406250,472.946563720703,429.306518554688,446.427266608390,0,228.174030780792,26.8220901489258,3594.54096990620,1
395.974136352539,552.681640625001,435.106750488281,1248.03888618248,0,1176.96584847569,3.07265453087194,6705.86461679641,1
424.315338134766,507.811218261719,452.635589599609,583.903107010719,0,210.283935071905,1.90734863281250,1135.79371628430,1
417.235260009766,515.623672485352,450.438308715820,920.401818142065,0,80.5847048778116,2.98023223876953,178.574074355698,1
397.263183593750,476.608673095703,427.780639648438,487.735349136719,0,370.416752995287,18.6264514923096,4971.63250168599,1
410.887634277344,541.014282226563,430.662994384766,878.368372144661,0,443.575039510131,1.07288360595703,3085.35553047948,1
417.553649902344,576.482696533203,469.805076599121,1975.94361169014,0.00654836185279761,28371.8309565696,19.4893044130102,9825235.09589089,1
460.380706787110,497.520996093750,476.272705078125,67.8714058245305,11156.1851848065,16689.4387717569,12838.4331236402,2441298.45939122,1
394.252410888672,554.003417968750,443.002731323242,1577.26652214286,0,420.505310075364,3.12507629441325,3065.99324910937,1
458.163513183594,598.908081054688,527.327270507813,1987.60259486881,0,442.467699425288,6.91341595538045,3942.91281786682,1
428.300003051758,539.799987792969,473.300003051758,1436.91788601732,0,118.580375976868,3.53669453947875,386.199657269927,1
398.499984741211,520.937438964844,443.499984741211,1421.26921918725,0,48.7581138615485,3.12507629441069,124.744992740742,1
432.804840087891,724.617187500000,479.551467895507,4776.24774415652,0,3305.75727965434,3.06217527731058,141438.907759480,1
424.750395108501,424.750395108501,424.750395108501,3.27057883202655e-25,112508.286276115,112508.286276115,112508.286276115,7.71626355608491e-21,7
122.586706654503,142.116031014450,133.026124199090,10.5214106424093,13559.6405992371,17624.0287291665,14675.3757760846,821197.415811706,7
0.614677231306217,610.859343844095,394.778736658636,30473.3865659084,0.861740555582453,75114.4629060848,48355.4041438081,436449819.583717,7
603.064059094973,620.880190324974,613.609221211501,13.5547372789857,0,132.556679815646,5.45689738938000,540.761844625537,7
8.70156177201227,594.391996007325,581.295353619343,16519.6327045277,0,161207.108900576,5.46404476519957,600464561.905531,7
-0.914417695019762,506.977918671399,196.567320224157,21234.5320111924,529428.947629458,1309208.56325822,762007.245690062,47848419569.1538,7
1730.06905337741,2082.84210548438,1749.50004335096,2770.80993604268,0,4011.88802755857,16.0369684956196,209645.238493973,7
1044.57697083040,1095.38362257198,1072.20398608286,64.5871447407969,5.37678169123992e-05,1041.59694314057,3.94779089920858,14069.6339628422,7
2148.11666561094,2914.44806815688,2497.59415111846,11712.5061473320,0,297149.529569976,35.5699519666137,543976548.108767,7
1249.19539643659,1652.17750374756,1339.95972739726,4329.65797700614,0,43146.2095026726,25.7923318861236,30474121.1949170,7
2140.09845597969,2336.76745921637,2289.29215036364,4379.75415914033,0.000357283824860797,1609.67046262921,15.0970477912623,38238.4875261901,7
1294.03334175956,1586.72849820350,1544.37069661360,1008.54647615866,0,133668.561686443,11.0824073585883,220420386.421599,7
440.001363508707,558.166745871492,545.969695687735,707.177729526381,0,5203.16224448792,0.731545296326170,647860.629976790,7
1918.20486429225,1976.53041310445,1943.08373050046,85.6794232872281,0,21983.0980244797,12.3997793627157,5884426.99618193,7
42.9422531127930,45.3047618865967,43.7848310470581,0.342860734455149,1.21712946559170e-06,0.0440673828125000,0.00153873920498881,5.83803279430237e-05,2
42.7524795532227,43.9141979217530,43.2485733032227,0.0803310038857446,0,0.0449997711184700,0.000889940860360045,4.47738734903736e-05,2
40.5718746185302,42.5250015258789,41.4203109741211,0.197107657866181,0,0.182820718298912,0.00195312500000000,0.000694120621824422,2
43.2252693176270,44.5409011840820,43.9221448898316,0.135727807714469,0,0.0187692356121274,0.00125005722293139,2.00727430256408e-05,2
49.8533859252930,86.9748764038086,83.8620834350586,67.4020793487527,0,166.166367786475,0.0395377477010091,350.345920305185,2
75.3147964477539,76.3981704711914,76.0472183227539,0.0437721610069275,0,0.291038304567337,0.00419095158576965,0.00161150992241923,2
77.0428009033203,78.2940216064453,77.8515167236328,0.0617466866970061,0,0.246334820985794,0.00745058059692383,0.00159477959720836,2
83.6117935180664,92.9654083251953,92.7212677001953,5.70315245774485,0,17.1660929918582,0.00419095158576965,3.65455808299033,2
43.7101516723633,66.2473297119141,60.7618026733399,20.5397159855872,0,28.8713495248227,0.0912696123123169,11.2986028439032,2
48.9673423767090,94.7435913085938,67.1939239501954,75.5336281245886,0,97.0083354821155,0.0337593956064568,162.813828165108,2
35.7079429626465,35.7689781188965,35.7323570251465,0.000247984756658107,0,0.000298023223876953,0,1.13489464739461e-08,2
37.9500007629395,42.4124984741211,40.5999984741211,1.02182778673861,854.792137430785,1437.06991999296,895.749765095829,3875.09197625380,2
43.7563591003418,45.8457927703858,44.8541975021362,0.230301118800611,0,0.0507942154145098,0.000627134111707628,5.38798483182746e-05,2
42.2625007629395,50.3249969482422,44.4375000000000,3.31645903816688,0,6.79882812500000,0.0548630285266160,0.808459904343384,2
42.1281242370605,50.1749992370606,47.7218761444092,2.26018412859904,0,6.03782045364657,0.00439453125000000,0.603850346200932,2
42.3132343292236,45.8015251159668,43.1897354125977,0.298142150843790,0,6.20824680317312,0.00250826625415608,0.476036221289316,2
77.5388031005859,93.3773803710938,93.1942749023438,10.0119209817313,0,3.77277238296428,0.00186264514923096,0.183185705510313,2
40.5377521514893,44.5971508026123,42.1190109252930,0.987087519128887,0,3.01661763678565,0.0175788402630013,0.125964998730814,2
48.5507125854492,49.8477058410645,49.1458053588867,0.0945725672808590,0,0.183780988057454,0.00419095158576965,0.000578155907567701,2
49.0929489135742,50.1610641479492,49.5659713745117,0.0634158093390274,0,0.134576112031937,0.00419095158576965,0.000322868245877760,2
44.9918899536133,70.7944335937500,50.8665008544922,40.9359881118365,0,252.931402998044,0.0161429246266683,789.046720189405,2
45.3433799743652,67.0870933532715,60.9835929870605,24.8641797201558,0,16.1099312828159,0.0377175165485726,3.16956460337772,2
41.9375000000000,45.3843765258790,43.8562517166138,0.547463800944105,0,0.300310726168358,0.00158179522622919,0.00123733944057053,2
41.0718784332276,43.8469429016114,41.7484359741211,0.525076647006494,5.54222185748671,11.4995676321501,8.17605372443000,1.56903218686625,2
39.7283687591552,46.8440380096436,42.5518255233765,2.36165070729476,0.000273447037519222,5.35150804302122,0.0268980936277031,0.370511222665806,2
31.0124988555909,51.3687496185302,35.3046884536743,25.0397736677856,0,52.5953163814557,0.0112502288830070,18.7991174600507,2
43.1533908843994,45.2002792358398,43.8205842971802,0.217871185578780,0,0.0657042312668585,0.00195312500727596,0.000128195073965820,2
32.3781261444092,48.4375019073487,36.5796880722046,14.5454968182914,0.00281262080049641,35.1404759724975,2.26508743684037,33.9888124402232,2
40.7656269073487,43.2375011444092,42.0343761444092,0.480797586553486,0,0.335174531937816,0.00124977112863718,0.00347011993421905,2
36.4687500000000,42.6625022888184,41.0218772888184,0.906610253371476,202.716778670552,373.305081357323,261.871869559063,1159.94863128669,2
38.6939888000488,43.3096408843994,41.0908794403076,1.41552643918902,0,8.92543499034937,0.898656389766960,3.98470322215112,2
31.1187505722046,50.8718776702881,36.6187524795532,21.3978827826240,0,61.3277787017870,0.0181740379375737,15.1514621390061,2
36.5749969482421,53.3218746185303,45.2843770980835,16.3424682907728,1.95455577343574e-05,14.6137901544646,0.146142363551903,7.68039623660343,2
40.4437484741211,52.8374996185302,46.4453125000000,11.6126262401714,0,25.0278178977965,0.00355138302499296,15.7837577838241,2
43.5906238555909,44.7937507629395,44.3171892166138,0.0954746847210733,0,0.0142384099963321,0.000595662604609992,1.03681220846985e-05,2
44.4596328735352,49.9127902984619,46.0783920288086,1.93899961967569,0,3.38003570566081,0.00861308097955864,0.142758405592753,2
43.1846427917481,45.1752777099609,43.8721466064453,0.217690513043998,0,0.0825210809780546,0.00236317634698984,0.000231474399233271,2
41.5312519073487,43.2500000000000,42.6437501907349,0.136258836238822,0,0.0876761007311632,0.000488221648992648,0.000146223287170302,2
77.0200042724609,93.3773803710938,93.2095336914063,8.47980263544411,0,1.11805275082588,0.00186264514923096,0.0434495313028133,2
77.1725921630859,93.3621215820313,93.2095336914063,8.64687152871859,0,2.10198410788635,0.00186264514923096,0.0845555212240372,2
76.9284515380859,93.3773803710938,93.1942749023438,9.61518476971918,0,3.28568648549852,0.00186264514923096,0.179574239140818,2
77.2183685302734,93.3926391601563,93.1942749023438,8.30345813719291,0,4.30486599606236,0.00419095158576965,0.246986701944176,2
77.5998382568359,93.3621215820313,93.1942749023438,7.67385185817881,0,3.28568648549852,0.00186264514923096,0.221947784508574,2
42.9422531127930,45.3024158477784,43.7699880599976,0.339765620635260,0,0.0889908671451579,0.00177829980990966,0.000203155597133340,2
42.7524795532227,43.9157600402832,43.2485733032227,0.0817221056724786,0,0.0320369052933745,0.000595116615539274,3.14976195549458e-05,2
40.5148468017578,42.6468772888184,41.4734382629395,0.196746679080778,0,0.366579418187042,0.00109863281250000,0.00321580815571984,2
43.0311374664307,65.3699493408204,60.2735233306885,19.4773429245515,0,23.8893926726378,0.159372575581074,8.95805495464244,2
42.9352188110352,45.3531990051270,43.7828788757324,0.347298622043598,0,0.423489655258930,0.000890021328813728,0.00239767563293029,2
20.2270253499000,21.9922002157000,20.5870596567500,0.267662026997534,0,0.204840844084222,9.99749095740369e-05,0.000907625745164406,4
21.3522254096137,23.0672221713596,22.4222310384115,0.233097348655509,0,0.0657024608104319,0.00124926260064859,0.000133770239533061,4
19.8122151692708,21.1522144741483,20.5722257826063,0.0455155460915756,0,0.288808066191301,5.01146761378059e-05,0.00136471853658699,4
19.9222310384115,21.0672060648601,20.6422042846680,0.0405923603297082,0,0.211246583740498,5.01146761377881e-05,0.000690919310845794,4
20.2322154574924,21.3822258843316,20.4947280883789,0.0302565271765090,0,0.0924468506127810,0.000450014241646691,0.000150656381361864,4
19.9522145589193,21.2022166781955,20.7472292582194,0.0482307022973159,0,0.156798632815508,5.00934635774835e-05,0.000430769282505793,4
19.5072237650554,21.0022184583876,20.3597323099772,0.0627809031596018,0,0.259199047852426,4.97757782012826e-05,0.00148219486707511,4
20.6072298685710,21.6372129652236,21.0272280375163,0.0729687923888611,0,0.00319885806630224,0.000199780333785712,3.57108311916934e-07,4
21.0122129652235,21.7322285970052,21.3972091674805,0.0383208616519130,0,0.00893247639928430,0.000199780333787700,1.76578737265717e-06,4
20.2272097269694,21.3322067260742,20.9422217475043,0.0849476284256723,0,0.00499747414177867,0.000199780333787700,8.66167402429769e-07,4
20.5172178480361,21.8772188822429,21.4622264438205,0.158339505071998,0,0.0166327907134223,0.000199780333785712,5.39759951544545e-06,4
20.2572080824111,21.1072307162815,20.6072150336372,0.0434501490578483,0,0.00404974670805935,0.000199780333787700,6.21140427888355e-07,4
20.4322136773003,21.1822255452474,20.8222283257378,0.0302858925707085,0,0.00703224676101896,0.000200458704551152,1.17321240051868e-06,4
20.4072189331055,21.4622116088867,20.7872072855632,0.0527500890199305,0,0.135192523974848,0.000799121335150800,0.000357696130464511,4
20.2022171020508,21.5572124057346,20.8072111341689,0.0664931460136842,0,0.168192212004200,0.000799121335150800,0.000357068504036652,4
19.7722244262696,21.5922143724230,20.3772184583876,0.107441459803350,0,0.231193866685680,0.000800477501787228,0.000776533956542033,4
20.0272136264378,21.2972174750434,20.4972288343642,0.0742522874520384,0,0.101255111758877,0.00125095809638936,0.000235431227339425,4
19.7922134399414,20.8272149827746,20.2572080824111,0.0411484101971193,0,0.0391913511173184,0.000449887092042209,2.89710514134767e-05,4
19.9422221713596,20.8772193060981,20.3172069125705,0.0314281402023460,0,0.140448454458425,0.000450014241649729,0.000314971330744776,4
20.1622221204970,21.5422270033095,20.6772232055664,0.108736561389666,0,0.162455141235305,0.000450014241649729,0.000356237582223001,4
20.0672234429254,21.7422103881836,20.8272171020508,0.142304783822923,0,0.0881921103652264,0.00124926260064362,0.000175513481990759,4
20.2922142876519,21.6022237141927,20.9072176615397,0.0689948164724941,0,0.102528035330525,0.000199780333787700,0.000184285731271255,4
20.4122246636285,21.4122221204970,20.9072176615398,0.0678353685732726,0,0.0800087486115684,0.000449887092045193,0.000102564325360483,4
19.8772197299534,21.3422139485677,20.7022306654188,0.0722158838174984,0,0.101257019164632,0.000199780333785641,0.000229766747199633,4
19.4122229682075,20.7422086927626,20.0922139485677,0.0553801835410262,0,0.109035432392136,0.000199780333785712,0.000147146679726089,4
19.8122172885471,20.5722109476726,20.1322089301216,0.0195234760328186,0,0.0577984666714024,0.000199780333787700,6.10185243585389e-05,4
19.4972144232856,20.8022054036458,20.3522237141927,0.0672924956804451,0,0.0994350155563950,0.000199780333787700,0.000124204370483115,4
21.3272158304850,22.0472166273329,21.5772162543403,0.0346109414282251,0,0.00500044081917548,5.01146761378059e-05,4.85592951576108e-07,4
20.0322320726183,26.1822128295898,22.2422112358941,1.29474553927087,0,1.42811664271503,0.00604848201525994,0.0302060250301198,4
21.0572115580241,22.9622099134657,21.8822224934896,0.267390611611383,0,0.0826348935854343,0.00245027534411170,0.000220050169038805,4
21.1822128295898,23.1722344292535,22.1972253587511,0.187208467632309,0,0.104037859719516,0.00124947447473705,0.000195968888214573,4
21.9522306654188,23.1122334798177,22.4272070990668,0.115962008952477,0,0.0338025391101837,0.000399560667573411,2.55788603925647e-05,4
21.2122090657552,23.1222301059299,22.1922217475043,0.262797013416000,0,0.0647944215067856,0.00179980265840100,0.000174978330164647,4
20.1372294955784,21.6122351752387,20.9572198655870,0.150056124141269,0,0.0544559195537637,0.000449887092042209,3.72773130725558e-05,4
19.9272219340007,21.4022127787273,20.6472227308485,0.0874805895156626,0,0.0512034288768304,0.000799121335150800,6.44012584996551e-05,4
19.5722113715278,21.0372225443522,20.3722127278646,0.0874406206690437,0,0.0760557129979134,0.000800307918075582,0.000135737362048895,4
20.0872251722547,22.3022206624349,20.7197189331055,0.152971770871951,0,0.0722028218862927,0.000199780333787700,8.01973731569708e-05,4
19.8472213745117,21.6072146097819,20.6722344292535,0.135183318812353,0,0.00980169481610909,0.000199780333787700,1.51963663666324e-06,4
21.1372142367893,21.8172073364258,21.3747257656521,0.0266645979573297,0,0.00605174573138083,0.000200077089557485,2.32752326506073e-06,4
21.2822172376845,23.0622164408366,22.5222100151910,0.299029887667286,0,0.0760441417550837,0.000800307918079561,0.000140619288274797,4
21.5522087944878,22.6222292582194,22.2272088792589,0.0665292998117342,0,0.198432248321823,0.000933296970088165,0.000529006928935992,4
20.7022306654188,21.6422017415365,21.1222161187066,0.0645730508752331,0,0.00404936525924607,0,4.10340173906955e-07,4
20.3422164916992,21.4122221204970,20.7122272915310,0.0655600057495553,0,0.0837274121444807,0.000632976675491507,0.000117295792122859,4
20.3172069125705,25.1422352261014,22.0822058783637,0.751482149744849,0,0.344437447895374,0.00190062533059228,0.00320159367325622,4
20.6972270541721,24.1022258334690,22.1822102864583,0.444709293834238,0,0.198453610245911,0.00163271163620284,0.000789142568014811,4
20.8872138129341,22.6472240024143,22.1322229173448,0.172376135739169,0,0.0323972107548893,0.000233303083858364,3.23036755056508e-05,4
21.2172147962782,22.9272227817112,22.2022310892741,0.138755937809564,0,0.0210347808389553,0.000449887092045193,1.12739560260572e-05,4
21.0122150844998,22.8572294447157,22.4072180853950,0.160705435540405,0,0.0242004550531310,0.000633669011305441,2.40238771366389e-05,4
19.4972144232856,21.3972240024143,20.4422208997939,0.124930447041319,0,0.135192523974848,0.000799121335146823,0.000285136244795845,4
19.4772254096137,21.4672152201335,19.9572202894422,0.233530615824883,0,0.0312506357861090,0.000200373845327342,1.27552954510536e-05,4
20.7622146606446,21.7122268676758,21.0247103373210,0.0837826696839139,0,0.0449963379651159,0.000449887092043701,2.63879678198199e-05,4
21.6222296820747,22.0522054036458,21.8122185601128,0.0124126777500241,0,0.0144470948726023,4.98180775641037e-05,2.56524056723172e-06,4
19.3572298685710,21.0772175259061,20.0647195180257,0.0962212984398357,0,0.0337948250950132,0.000449887092043701,5.37556655595855e-05,4
22.3788918389214,25.5888811747233,23.0288844638401,0.515905896646546,0,0.441800701226462,0.000449887092045300,0.00508933433794142,4
21.2022315131293,22.9122225443523,21.8872133890788,0.146310852744669,0,0.0220480275913070,0.000200373845327342,6.73694541688516e-06,4
20.8272171020508,22.3672082689073,21.6222127278646,0.0955083880850517,0,0.0200026110335729,5.00722510171967e-05,6.70424825829627e-06,4
19.1472074720595,19.9772093031142,19.2372194925944,0.0307207002140323,0,0.00719971924101717,0.000449887092045193,1.71798485792724e-06,4
20.6022262573242,21.2422095404731,21.0197215610080,0.0449007680741320,0,0.00563511299041301,4.98180775646001e-05,6.42738286441145e-07,4
20.3822241889106,21.3622199164497,20.6922213236491,0.0252959341169324,0,0.0391996582038770,5.00722510171967e-05,1.21985576615561e-05,4
20.4872194925944,21.4122242397732,20.7247151268853,0.0957446552771848,0,0.0128008572191999,5.01146761378059e-05,3.50314094512493e-06,4
20.3872129652236,21.1622216966418,20.6522115071615,0.0191968785326845,0,0.0264521369518168,5.00934635774835e-05,1.12497148492189e-05,4
19.7372203403049,21.2822193569607,20.5047141181098,0.0676017511967581,0,0.135194727970243,0.000199780333785712,0.000231775019683684,4
19.7472148471409,22.3022206624349,21.3597170511882,0.261815118143342,0,0.520220786747360,0.000800392709933394,0.00355308086283017,4
21.2555652194553,23.0655479431153,21.8855561150445,0.207904535614961,0,0.0799985758526985,0.000450014241649729,0.000116607835621766,4
20.1622221204970,21.3322067260742,20.6372303432889,0.0969403113486868,0,0.0430343750243246,0.000199780333787700,2.91080352419689e-05,4
20.8222283257378,21.8222257826063,21.2222205268012,0.0490947632953416,0,0.0180503028034532,0.000199780333787700,9.18812205004882e-06,4
20.3872129652236,21.1572180853950,20.6797175937229,0.0367574645969819,0,0.0112490844912864,5.01146761377703e-05,2.53530952242402e-06,4
20.7922130160862,23.3472209506565,21.8972227308486,0.342381815164233,0,0.0242004550531529,0.000450014241649622,1.54926644614881e-05,4
20.3572294447157,21.3772201538086,20.7122124565972,0.0570710777460562,0,0.00979754111563264,5.01146761378059e-05,1.75780468731845e-06,4
21.1722310384115,21.6822263929579,21.3472196790907,0.0113577525879897,0,0.00125095809638439,4.97757782013180e-05,5.50885486832533e-08,4
20.4222318861220,20.8422173394097,20.5422210693360,0.0153837572846142,0,0.0364545869362928,5.01146761378059e-05,1.61603289589611e-05,4
20.5622164408366,21.2572097778321,20.9647210439046,0.0493137240464932,0,0.0112490844912864,0.000450014241649729,3.56053647172759e-06,4
18.9072185092503,20.7572237650554,19.7097248501248,0.100342049430239,0,0.0480497687448667,0.000450014241649676,9.89857779082009e-05,4
21.3822258843316,22.8922017415365,22.5722249348958,0.188126548604650,0,0.000800307918075439,0,6.13086002005108e-09,4
21.0622151692708,22.8472201029459,21.4322280883789,0.187774506648119,0,0.0226360041547105,5.00722510171967e-05,5.51608054528015e-06,4
19.9422200520833,20.6972122192383,20.0422138637967,0.0242307711237558,0,0.00719971924101717,0.000800307918079419,2.67351340320415e-06,4
21.0422261555990,22.3122151692708,21.4422225952148,0.148998774693204,0,0.0161982239256461,5.01146761377703e-05,6.99194403571802e-06,4
20.4622099134657,20.7722091674805,20.5922147962782,0.00509829709851676,0,0.00243290648349971,0,2.68885281421477e-07,4
20.2122116088867,21.1922221713596,20.5197217729357,0.0307017377783435,0,0.0287968425344663,5.01146761377881e-05,2.53141778049960e-05,4
19.3922191196017,21.9022136264377,21.0222233666314,0.320694476846711,0,0.979991455096786,0.00179980265840718,0.0119876338627300,4
19.9822319878472,20.9622107611762,20.5122290717231,0.0568068669601120,0,0.00320157083074295,5.00722510171967e-05,2.15254164465074e-07,4
20.4222318861220,20.6572172376845,20.5372153388130,0.00387763578855840,0,0.000800307918079561,2.48878891001450e-05,1.75469995963158e-08,4
20.3472201029460,22.6022105746799,21.1072222391764,0.141761911756137,0,0.0722012112138490,0.00245042370627294,0.000253315427711814,4
20.3322050306532,21.6422186957466,20.8122168646918,0.0844835470428888,0,0.0139009626857724,0.000199780333785641,3.77563352186835e-06,4
20.5522070990668,20.8922195434571,20.7372199164497,0.00856327293496946,0,0.00124947447473190,0,5.79743653245882e-08,4
20.1772223578559,21.2072224087185,20.4847240447998,0.0313575820082948,0,0.0338025391101837,0.000199780333785712,3.78571115928592e-05,4
19.2322307162815,21.4522149827745,20.6697230868869,0.194523186698868,0,0.594081120877352,0.000624567788398205,0.00444373979939531,4
19.6622212727865,21.0272280375163,20.1622221204970,0.0811940953645389,0,0.0220480275913062,5.01146761377703e-05,6.27307930909190e-06,4
20.4072189331055,21.8222279018826,21.1122205522325,0.0477610810174557,0,0.0287968425344663,0.000450014241646745,2.60952305253426e-05,4
20.5222066243490,21.7122099134657,20.8722305297852,0.0916543223760414,0,0.0306345194895921,0.000233303083856695,1.62072466940539e-05,4
20.1922225952148,22.0222218831381,21.3472196790907,0.159886058832746,0,0.470451184082752,0.000450459516781360,0.00275698245954712,4
20.9122212727865,21.4572207132975,21.2472216288249,0.0167677323537978,0,0.00404974670806831,5.00934635774835e-05,2.23461972229408e-07,4
20.5383216010200,21.1691496107313,20.9244293636746,0.0330805683675376,0,0.00204379903152744,6.08630979974939e-05,1.10916158703253e-07,4
20.4422208997938,20.7422086927626,20.6222152709961,0.00869268945645617,0,0.000233345571856614,0,3.18137352967499e-09,4
19.8466703626845,20.5811521742079,20.1450951894124,0.0134094346139402,0,0.0625633899076525,0.00282509222696381,0.000111871822353010,4
21.0613928900825,21.6196356879341,21.2536006503635,0.0236204490587813,0,0.00369000481441831,0.000118755269795273,6.75748784017152e-07,4
19.9722205268012,21.2822172376845,20.1922225952148,0.112946615882850,0,0.0422342084185378,0.00125095809638936,3.06003305699611e-05,4
19.1926193237305,21.2317403157552,19.5543437533908,0.108039429780837,0,1.06396153569222,0.000549170965069030,0.0176748847598800,4
21.2857415941027,22.0514742533366,21.5967623392741,0.0390429127355972,0,0.00262877158856591,6.03497028350830e-05,1.26829305862792e-07,4
19.6418677435981,21.8795839945476,21.1166985829671,0.209879080220347,0,0.0740327308943200,0.00112226052244938,0.000164914392645521,4
19.3620808919271,21.5096494886610,20.2973238627116,0.142791480249311,0,0.488530891016077,0.000197330878163625,0.00305843551577533,4
19.8122151692708,22.1572176615398,21.4222187466092,0.281855505744322,0,1.05126892946068,0.00212400071761380,0.0136536671933019,4
20.5222235785591,22.7322154574924,21.4622105492486,0.211383070142470,0,0.0882045715924130,0.00212518736341769,0.000300614707922943,4
20.2622307671441,20.9022119310168,20.6122334798177,0.0125460856836828,0,0.168209420569218,0,9.78482407644717e-05,4
20.1622221204970,21.2922286987305,20.8097139994303,0.0777639632863283,0,0.0360983592822649,0.000200077089557521,3.00902137138310e-05,4
20.4622268676758,21.4672152201335,21.1172252231174,0.0308630728592617,0,0.174048839655838,0.000449124571687403,0.000909561073732349,4
18.5022205776639,20.5072254604764,19.4447178310818,0.158625125701264,0,0.0630338070662638,0.000449887092045193,3.63478279876111e-05,4
20.3222274780273,20.8422300550673,20.5972205268012,0.00616443813264928,0,0.0128008572192158,5.00722510171967e-05,2.89716907095979e-06,4
18.4372329711914,20.8722156948514,19.4322119818793,0.263204387455272,0,0.168209420569218,0.00124947447473199,0.000658754904143354,4
21.4522298177083,22.3322211371528,21.9047239091661,0.0673308331632099,0,0.00404974670805935,5.01146761378059e-05,4.21022856721768e-07,4
20.2022171020508,21.3672235276964,20.4647212558323,0.0809719350405405,0,0.0364545869362928,0.000425020562220170,4.29379214523593e-05,4
21.3372103373210,21.9522306654188,21.6922219594319,0.0375362625768748,0,0.0112535352304866,0.000316714578109241,4.69046795471244e-06,4
20.1322237650554,21.6772227817112,20.5072085062663,0.237676885488975,0,0.0288049806840658,0.000450014241649729,2.45379136816276e-05,4
18.6272197299534,19.9522315131293,19.4422234429253,0.0596917363698995,0,0.0180503028034525,0.000200458704551152,3.53705195676685e-06,4
19.2122247483995,22.5472174750434,21.2997203403049,0.470138451689786,0,3.97623021652858,0.00125095809638439,0.194095999732520,4
19.8222117953830,21.1122194925944,20.0322193569608,0.115785144351152,0,0.145804614294280,0.000450014241649729,0.000303657328032690,4
21.2222205268012,22.7872233920628,21.7697122361925,0.258611476290819,0,0.0241995225717968,0.000341206894653809,1.59066648965846e-05,4
20.1622221204970,21.9922086927626,20.8922110663520,0.275172014733673,0,0.0391996582038492,0.000200373845327342,1.44940351096102e-05,4
21.1272197299534,22.0122294955784,21.5372085571289,0.0339387825179080,0,0.00719971924101717,5.00722510171967e-05,1.26180566670989e-06,4
19.6922217475043,21.2122260199653,19.9522145589193,0.106274549069023,0,0.162455141235307,0.000450014241649729,0.000501297885675444,4
19.0372233920627,21.9322268168132,19.9697176615397,0.241777470464192,0,0.168211879007435,0.00179980265840718,0.000622750676644894,4
21.0572115580241,22.0572111341688,21.4822154574924,0.0415574420599658,0,0.0112490844912715,5.01146761378059e-05,2.03358749089728e-06,4
20.3590604994032,20.8576880560981,20.6943119896783,0.0151336430966840,0,0.00462888991158663,0.000348811244979116,9.45428084971616e-07,4
20.6014145745172,21.0260836283366,20.9109115600586,0.0108575414816623,1.01468768244956e-06,0.204039641509023,4.41556328673529e-05,0.000506974220162410,4
20.5165248446994,21.5511449178060,21.1594369676378,0.0518179147807423,0,0.0855666987690154,0.000186945796070375,0.000100523771237685,4
21.5907690260146,22.6481882731120,22.0676665835910,0.0546621680104530,4.15358370237978e-08,0.0923466377257082,0.000180731665660210,0.000108175584324919,4
21.1947313944499,22.0516543918186,21.5903303358290,0.0478376950735622,0,0.0217712044598739,0.000105865084477045,6.45346750213590e-06,4
20.3722127278646,22.1122360229492,20.7747183905708,0.262419794504054,0,0.204789301355023,5.01146761377703e-05,0.000572258681886352,4
20.7322099473741,21.0943603515625,20.9197330474854,0.00617403229874078,0,0.0100375085574776,0.00119800119615965,7.06640891289064e-06,4
20.8204566107856,22.3986731635200,21.6222159067789,0.187982170335206,0,0.161083337980534,0.000509573366775015,0.000364228487916374,4
21.0622151692708,22.2872225443523,21.4522160424126,0.0744975683529003,0,0.369816563770510,0.0144470948726023,0.00889575325400408,4
20.5849562750923,23.4997516208225,21.2461566925049,0.432820150580865,2.41026426034232e-06,0.219477387145129,0.00106426688248377,0.00242556754460405,4
22.1372138129341,23.5122299194336,22.7647156185574,0.147271407343680,0,0.980032993170488,0.0190234688129617,0.0356444543818725,4
21.4431063334148,22.1484883626302,21.7302237616645,0.0301999151464763,0,0.134545448290082,0.000122599580388053,0.000221168975069821,4
21.5254444546170,23.4825049506293,22.3597484164768,0.162572677795090,0,0.460822721634298,0.000200458704551152,0.00122183491089557,4
23.1622844272190,25.0206968519422,23.9911259545220,0.317997208587082,0,0.0968148755171581,0.00189447078518087,0.000397654264847572,4
24.4683753119575,28.1000412835016,27.6185205247668,1.73576905443043,0,8.10002862119416,0.000246077880871171,0.810699102466207,4
20.2170244852702,21.9922002156576,20.5920600891113,0.268736716480246,0,0.204840844050108,0.000199992203384653,0.000525593918215151,4
21.3947041829427,22.6220618353950,22.1064451005724,0.0788617692619006,0,1.13960397429757,0.185176994147437,0.0831649699047432,4
21.0622151692708,22.2872225443523,21.4547199673123,0.0743203153586869,0,0.328046649178442,0.0153257112770853,0.00842628688178591,4
20.5849562750923,23.5392570495606,21.2055767907037,0.345718991073904,2.41026426034232e-06,0.219477387145129,0.000616878762992725,0.00137305947470325,4
22.1322102016873,23.5122299194336,22.7947235107422,0.158994294500072,0,0.756463513244040,0.0120246317641807,0.0248143287723212,4
57.5000000000000,65,65,2.62665247237036,0,28.1250000000000,0,9.89638442576866,6
54.5000000000000,85,62,36.6175921468129,0,264.500000000000,0,1304.63765618972,6
69.5000000000000,74,71.5000000000000,1.47132321144677,0,10.1250000000000,0,1.25058549898214,6
55,55,55,0,0,0,0,0,6
373.000068712156,373.000068712156,373.000068712156,2.09380092552485e-25,0,0,0,0,6
373.000068712156,373.000068712156,373.000068712156,2.09380092552485e-25,0,0,0,0,6
373.000068712156,373.000068712156,373.000068712156,2.09380092552485e-25,0,0,0,0,6
373.000068712156,373.000068712156,373.000068712156,2.09380092552485e-25,0,0,0,0,6
33,33,33,0,0,0,0,0,6
66.5000000000000,71,68.5000000000000,1.48794199148697,0,10.1250000000000,0,1.35951872248864,6
3,3,3,0,0,0,0,0,6
3.33333333333333,3.33333333333333,3.33333333333333,2.41613304127223e-29,0,0,0,0,6
65,65,65,0,0,0,0,0,6
30,30,30,0,0,0,0,0,6
1.37999998198615,1.37999998198615,1.37999998198615,1.79684983967008e-30,0,0,0,0,6
4.15999968846639,4.15999968846639,4.15999968846639,7.98599928742259e-31,0,0,0,0,6
23.6506271362305,23.6506271362305,23.6506271362305,4.60063679924894e-28,0,0,0,0,6
105,105,105,0,0,0,0,0,6
105,105,105,0,0,0,0,0,6
105,105,105,0,0,0,0,0,6
400,400,400,0,0,0,0,0,6
1300,1300,1300,0,0,0,0,0,6
300,300,300,0,0,0,0,0,6
60,60,60,0,0,0,0,0,6
36,36,36,0,628.916666666667,628.916666666667,628.916666666667,3.27057883202655e-25,6
69.5000000000000,71.5000000000000,71.5000000000000,0.472019519728689,0,0.223616342555024,0,0.00107110256231947,6
74.5000000000000,74.5000000000000,74.5000000000000,0,0,0,0,0,6
69.5000000000000,69.5000000000000,69.5000000000000,0,0,0,0,0,6
60,60,60,0,0,0,0,0,6
1,1,1,0,0,0,0,0,6
1,1,1,0,0,0,0,0,6
1,1,1,0,0,0,0,0,6
1,1,1,0,0,0,0,0,6
1,1,1,0,0,0,0,0,6
1,1,1,0,0,0,0,0,6
1,1,1,0,0,0,0,0,6
1,1,1,0,0,0,0,0,6
0,0,0,0,0,0,0,0,6
0,0,0,0,0,0,0,0,6
0,0,0,0,0,0,0,0,6
0,0,0,0,0,0,0,0,6
0,0,0,0,0,0,0,0,6
0,0,0,0,0,0,0,0,6
1,1,1,0,0,0,0,0,6
1,1,1,0,0,0,0,0,6
1,1,1,0,0,0,0,0,6
1,1,1,0,0,0,0,0,6
1,1,1,0,0,0,0,0,6
1,1,1,0,0,0,0,0,6
1,1,1,0,0,0,0,0,6
1,1,1,0,0,0,0,0,6
8.32999971177843,8.32999971177843,8.32999971177843,5.11181866583216e-29,0,0,0,0,6
8.32999971177843,8.32999971177843,8.32999971177843,1.98068971873674e-27,0,0,0,0,6
8.32999971177843,8.32999971177843,8.32999971177843,5.11181866583216e-29,0,0,0,0,6
8.32999971177843,8.32999971177843,8.32999971177843,5.11103954395046e-29,0,0,0,0,6
8.32999971177843,8.32999971177843,8.32999971177843,5.11103954395046e-29,0,0,0,0,6
0,0,0,0,0,0,0,0,6
0,0,0,0,0,0,0,0,6
0,1,0,0.0123456790123457,0,0,0,0,6
0,0,0,0,0,0,0,0,6
1,1,1,0,0,0,0,0,6
1,1,1,0,0,0,0,0,6
1,1,1,0,0,0,0,0,6
1,1,1,0,0,0,0,0,6
1,1,1,0,0,0,0,0,6
1,1,1,0,0,0,0,0,6
1,1,1,0,0,0,0,0,6
1,1,1,0,0,0,0,0,6
1,1,1,0,0,0,0,0,6
1,1,1,0,0,0,0,0,6
0,0,0,0,0,0,0,0,6
0,0,0,0,0,0,0,0,6
74.2611103057862,100,100,15.7685822486100,0,1324.98088538182,0,41294.1166442268,6
33.4322204589844,34.7533340454102,33.4322204589844,0.326130883096505,0,1.46889424300840,0,0.0263128085017465,6
100,100,100,0,0,0,0,0,6
30.3422222137451,44.0711116790772,30.9172220230103,3.32465099204506,0,185.944905794912,0,427.120560046950,6
97.9744415283203,100,100,0.766125527446609,0,2.05144356109670,0,0.0513222034678677,6
42.2922220230103,60.4533348083496,59.3577766418457,7.09850105141978,0,550.161274397808,6.20377249944504e-07,6987.17802112656,6
50.0744438171387,50.7977790832520,50.0744438171387,0.0340652513086984,0,0.261606953601601,0,0.00141686046821752,6
58.0450000762940,59.4944438934326,58.4088897705078,0.0345852972397548,0,0.929335491098687,0,0.0136295889044708,6
1,1,1,0,0,0,0,0,6
1,1,1,0,0,0,0,0,6
1,1,1,0,0,0,0,0,6
1,1,1,0,0,0,0,0,6
1,1,1,0,0,0,0,0,6
2,2,2,0,0,0,0,0,6
1,1,1,0,0,0,0,0,6
1,1,1,0,0,0,0,0,6
5.55555555555556,5.55555555555556,5.55555555555556,1.99680416634069e-29,0,0,0,0,6
5.55555555555556,5.55555555555556,5.55555555555556,1.14087727799236e-28,0,0,0,0,6
5.55555555555556,5.55555555555556,5.55555555555556,1.99680416634069e-29,0,0,0,0,6
5.55555555555556,5.55555555555556,5.55555555555556,1.99680416634069e-29,0,0,0,0,6
5.55555555555556,5.55555555555556,5.55555555555556,1.99649982185565e-29,0,0,0,0,6
6973.33860207806,6973.33860207806,6973.33860207806,2.14405214773745e-22,0,0,0,0,6
6973.33860207806,6973.33860207806,6973.33860207806,2.99904894643035e-22,0,0,0,0,6
6973.33860207806,6973.33860207806,6973.33860207806,2.14405214773745e-22,0,0,0,0,6
6973.33860207806,6973.33860207806,6973.33860207806,2.14372536033496e-22,0,0,0,0,6
6973.33860207806,6973.33860207806,6973.33860207806,2.14372536033496e-22,0,0,0,0,6
12.7777777777778,12.7777777777778,12.7777777777778,3.86581286603557e-28,0,0,0,0,6
12.7777777777778,12.7777777777778,12.7777777777778,6.20614404379708e-28,0,0,0,0,6
12.7777777777778,12.7777777777778,12.7777777777778,3.86581286603557e-28,0,0,0,0,6
12.7777777777778,12.7777777777778,12.7777777777778,3.86522365511253e-28,0,0,0,0,6
12.7777777777778,12.7777777777778,12.7777777777778,3.86522365511253e-28,0,0,0,0,6
18.3333333333333,18.3333333333333,18.3333333333333,4.60063679924894e-28,0,0,0,0,6
18.3333333333333,18.3333333333333,18.3333333333333,4.57618552616936e-27,0,0,0,0,6
18.3333333333333,18.3333333333333,18.3333333333333,4.60063679924894e-28,0,0,0,0,6
18.3333333333333,18.3333333333333,18.3333333333333,6.26102344133931e-28,0,0,0,0,6
65084.4936193952,65084.4936193952,65084.4936193952,1.54907767674031e-20,0,0,0,0,6
65084.4936193952,65084.4936193952,65084.4936193952,5.31233771172945e-23,0,0,0,0,6
65084.4936193952,65084.4936193952,65084.4936193952,1.54907767674031e-20,0,0,0,0,6
65084.4936193952,65084.4936193952,65084.4936193952,1.73641754187132e-20,0,0,0,0,6
65084.4936193952,65084.4936193952,65084.4936193952,1.73641754187132e-20,0,0,0,0,6
8.33333333333333,8.33333333333333,8.33333333333333,2.87539799953059e-29,0,0,0,0,6
8.33333333333333,8.33333333333333,8.33333333333333,6.21144295795842e-28,0,0,0,0,6
8.33333333333333,8.33333333333333,8.33333333333333,2.87539799953059e-29,0,0,0,0,6
8.33333333333333,8.33333333333333,8.33333333333333,2.87495974347213e-29,0,0,0,0,6
9297.78480277074,9297.78480277074,9297.78480277074,3.35008148083976e-24,0,0,0,0,6
9297.78480277074,9297.78480277074,9297.78480277074,4.02088556806729e-22,0,0,0,0,6
9297.78480277074,9297.78480277074,9297.78480277074,3.35008148083976e-24,0,0,0,0,6
9297.78480277074,9297.78480277074,9297.78480277074,1.33982835020935e-23,0,0,0,0,6
9297.78480277074,9297.78480277074,9297.78480277074,1.33982835020935e-23,0,0,0,0,6
11.6666666666667,11.6666666666667,11.6666666666667,2.04472746633286e-28,0,0,0,0,6
11.6666666666667,11.6666666666667,11.6666666666667,4.56350911196945e-28,0,0,0,0,6
11.6666666666667,11.6666666666667,11.6666666666667,2.04472746633286e-28,0,0,0,0,6
11.6666666666667,11.6666666666667,11.6666666666667,2.04441581758018e-28,0,0,0,0,6
11.6666666666667,11.6666666666667,11.6666666666667,2.04441581758018e-28,0,0,0,0,6
15.5555555555556,15.5555555555556,15.5555555555556,1.15335408647838e-27,0,0,0,0,6
15.5555555555556,15.5555555555556,15.5555555555556,2.48245761751883e-27,0,0,0,0,6
15.5555555555556,15.5555555555556,15.5555555555556,1.15335408647838e-27,0,0,0,0,6
15.5555555555556,15.5555555555556,15.5555555555556,1.27775988598761e-27,0,0,0,0,6
60435.6012180098,60435.6012180098,60435.6012180098,1.34003259233590e-21,0,0,0,0,6
60435.6012180098,60435.6012180098,60435.6012180098,8.50699756549774e-20,0,0,0,0,6
60435.6012180098,60435.6012180098,60435.6012180098,1.34003259233590e-21,0,0,0,0,6
60435.6012180098,60435.6012180098,60435.6012180098,1.92935282430146e-21,0,0,0,0,6
60435.6012180098,60435.6012180098,60435.6012180098,1.92935282430146e-21,0,0,0,0,6
3,3,3,0,0,0,0,0,6
3,3,3,0,0,0,0,0,6
3,3,3,0,0,0,0,0,6
3,3,3,0,0,0,0,0,6
3,3,3,0,0,0,0,0,6
1,1,1,0,0,0,0,0,6
1,1,1,0,0,0,0,0,6
1,1,1,0,0,0,0,0,6
1,1,1,0,0,0,0,0,6
1,1,1,0,0,0,0,0,6
4,4,4,0,0,0,0,0,6
4,4,4,0,0,0,0,0,6
4,4,4,0,0,0,0,0,6
4,4,4,0,0,0,0,0,6
2,4,2,0.510840108401083,0,2,0,0.0487804878048780,6
2,2,2,0,0,0,0,0,6
2,2,2,0,0,0,0,0,6
2,2,2,0,0,0,0,0,6
4,4,4,0,0,0,0,0,6
1,1,1,0,0,0,0,0,6
1,3,1,0.187895212285456,0,0,0,0,6
1,1,1,0,0,0,0,0,6
1,1,1,0,0,0,0,0,6
1,1,1,0,0,0,0,0,6
1,1,1,0,0,0,0,0,6
1,1,1,0,0,0,0,0,6
1,1,1,0,0,0,0,0,6
1,1,1,0,0,0,0,0,6
1,1,1,0,0,0,0,0,6
1,1,1,0,0,0,0,0,6
1,1,1,0,0,0,0,0,6
1,1,1,0,0,0,0,0,6
1,2,1,0.121479430379747,0,0.500000000000000,0,0.00312500000000000,6
1,1,1,0,0,0,0,0,6
1,1,1,0,0,0,0,0,6
1,1,1,0,0,0,0,0,6
1,2,1,0.176582278481013,0,0,0,0,6
1,1,1,0,0,0,0,0,6
1,2,1,0.175540123456790,0,0.500000000000000,0,0.00609567901234567,6
1,1,1,0,0,0,0,0,6
1,1,1,0,0,0,0,0,6
1,1,1,0,0,0,0,0,6
1,2,1,0.122784810126583,0,0.500000000000000,0,0.00617088607594938,6
1,2,1,0.112302215189873,0,0.500000000000000,0,0.00312500000000000,6
0.555555555555556,0.555555555555556,0.555555555555556,3.12000650990732e-31,0,0,0,0,6
0.555555555555556,0.555555555555556,0.555555555555556,7.92275887494696e-31,0,0,0,0,6
0.555555555555556,0.555555555555556,0.555555555555556,3.12000650990732e-31,0,0,0,0,6
0.555555555555556,0.555555555555556,0.555555555555556,3.12000650990732e-31,0,0,0,0,6
1.38888888888889,1.38888888888889,1.38888888888889,1.24800260396293e-30,0,0,0,0,6
1.38888888888889,1.38888888888889,1.38888888888889,7.13048298745226e-30,0,0,0,0,6
1.38888888888889,1.38888888888889,1.38888888888889,1.24800260396293e-30,0,0,0,0,6
1.38888888888889,1.38888888888889,1.38888888888889,1.24781238865978e-30,0,0,0,0,6
1,1,1,0,0,0,0,0,6
1,1,1,0,0,0,0,0,6
1,1,1,0,0,0,0,0,6
1,1,1,0,0,0,0,0,6
1,1,1,0,0,0,0,0,6
1,1,1,0,0,0,0,0,6
1,1,1,0,0,0,0,0,6
1,1,1,0,0,0,0,0,6
1,2,1,0.121479430379747,0,0.500000000000000,0,0.00312500000000000,6
1,1,1,0,0,0,0,0,6
1,1,1,0,0,0,0,0,6
1,1,1,0,0,0,0,0,6
1,2,1,0.181790123456790,0,0,0,0,6
1,1,1,0,0,0,0,0,6
1,2,1,0.175540123456790,0,0.500000000000000,0,0.00609567901234567,6
1,1,1,0,0,0,0,0,6
1,1,1,0,0,0,0,0,6
1,1,1,0,0,0,0,0,6
1,2,1,0.122784810126583,0,0.500000000000000,0,0.00617088607594938,6
1,2,1,0.121527777777777,0,0.500000000000000,0,0.00609567901234567,6
1,1,1,0,0,0,0,0,6
1,1,1,0,0,0,0,0,6
1,1,1,0,0,0,0,0,6
1,1,1,0,0,0,0,0,6
1,1,1,0,0,0,0,0,6
4.16666666666667,4.16666666666667,4.16666666666667,0,0,0,0,0,6
4.16666666666667,4.16666666666667,4.16666666666667,2.56697387548281e-28,0,0,0,0,6
4.16666666666667,4.16666666666667,4.16666666666667,0,0,0,0,0,6
4.17000002331204,4.17000002331204,4.17000002331204,3.91313965083707e-29,0,0,0,0,6
4.16666666666667,4.16666666666667,4.16666666666667,0,0,0,0,0,6
3,3,3,0,0,0,0,0,6
3,3,3,0,0,0,0,0,6
3,3,3,0,0,0,0,0,6
3,3,3,0,0,0,0,0,6
3,3,3,0,0,0,0,0,6
3,3,3,0,0,0,0,0,6
3,3,3,0,0,0,0,0,6
3,3,3,0,0,0,0,0,6
1,1,1,0,0,0,0,0,6
1,1,1,0,0,0,0,0,6
1,1,1,0,0,0,0,0,6
1,1,1,0,0,0,0,0,6
1,1,1,0,0,0,0,0,6
0,1,0,0.0469738030713639,0,0,0,0,6
120,120,120,0,0,0,0,0,6
120,120,120,0,0,0,0,0,6
120,120,120,0,0,0,0,0,6
120,120,120,0,0,0,0,0,6
120,120,120,0,0,0,0,0,6
2.22222222222222,2.22222222222222,2.22222222222222,7.98599928742259e-31,0,0,0,0,6
2.22222222222222,2.22222222222222,2.22222222222222,2.85219319498091e-29,0,0,0,0,6
2.22222222222222,2.22222222222222,2.22222222222222,7.98721666536274e-31,0,0,0,0,6
2.22222222222222,2.22222222222222,2.22222222222222,7.98599928742259e-31,0,0,0,0,6
2.22222222222222,2.22222222222222,2.22222222222222,7.98599928742259e-31,0,0,0,0,6
2,2,2,0,0,0,0,0,6
2,2,2,0,0,0,0,0,6
2,2,2,0,0,0,0,0,6
2,2,2,0,0,0,0,0,6
2,2,2,0,0,0,0,0,6
2,2,2,0,0,0,0,0,6
2,2,2,0,0,0,0,0,6
2,2,2,0,0,0,0,0,6
40,40,40,0,0,0,0,0,6
40,40,40,0,0,0,0,0,6
40,40,40,0,0,0,0,0,6
40,40,40,0,0,0,0,0,6
40,40,40,0,0,0,0,0,6
40,40,40,0,0,0,0,0,6
40,40,40,0,0,0,0,0,6
40,40,40,0,0,0,0,0,6
60,60,60,0,0,0,0,0,6
60,60,60,0,0,0,0,0,6
60,60,60,0,0,0,0,0,6
60,60,60,0,0,0,0,0,6
60,60,60,0,0,0,0,0,6
60,60,60,0,0,0,0,0,6
60,60,60,0,0,0,0,0,6
60,60,60,0,0,0,0,0,6
16.3422309027778,21.0422261555990,18.0897135204739,1.40698146285245,0,1.05126892946068,0.00245027534411170,0.0326842766990320,8
14.4972144232856,16.6622225443522,16.0147163603041,0.235741623527633,0,1.98002972298612,0.0121245432076385,0.139239024136089,8
43.2622273763021,62.1022203233507,56.2272156609429,24.9947646690697,0,17.9999847412142,0.198504700039591,12.7184553711709,8
56.7822138468424,77.2272237141927,75.9772131178114,68.4929305750150,0,18.6852558861144,0.0364534424640976,4.26646449529652,8
15.7972176869711,21.3072119818793,18.1772232055664,2.36908337211397,0,1.82406185202918,0.000450904791912991,0.0320377999331781,8
14.4572215610081,16.6672282748752,15.6822268168132,0.230889546529544,0,1.39442216793808,0.00124936853544467,0.0299541456186322,8
42.0272106594509,62.5922139485677,48.4772173563639,19.1772318684098,0,56.3921391418621,0.0903257111025957,17.1929061599832,8
53.4572177463108,77.1972105238173,57.2447183397081,70.1340245303165,0,41.8611786397606,0.0364534424640966,9.19257220655538,8
19.9066543579102,22.6566696166992,21.6216659545899,0.485908676856635,0,1.20127706754874,0.000800307918079561,0.0179954127396783,8
21.9172286987305,24.4922235276964,23.2322163052029,0.750141313001539,0,0.0242004550531310,0.000200373845327342,7.36601835949088e-06,8
22.0922173394097,22.9222318861220,22.2422112358941,0.0806812316413496,0,0.000800307918079561,5.01146761378059e-05,3.32354959321717e-08,8
16.5066517723500,22.8372849358500,17.1017106374000,2.91587374617736,0,2.02045473015255,0.00125021617434535,0.0917239564584204,8
72.6570663452148,74.8172836303711,73.3051300048829,0.499139757930770,0,0.0524995494633775,0.00583300858852300,0.000117679410701103,8
20.8522245619032,22.2572241889106,21.5822209252252,0.162814699238726,0,0.00404974670805967,0.000199780333787700,5.17311217451262e-07,8
20.7022306654188,22.1822102864583,21.4972220526801,0.176197246489566,0,0.00404974670806863,0.000200373845327306,6.18728437431933e-07,8
0.00486191523485506,0.00490923322245460,0.00490923322245460,2.50412563527220e-10,0,7.00018657761075e-11,0,5.87681020302177e-22,8
20.3372107611762,21.1422199673123,20.8597246805827,0.0446069208373320,0,0.00320123167231825,0.000199780333787700,2.22960948373304e-07,8
20.3372107611762,21.1072158813477,20.8347087436252,0.0420344508468244,0,0.00179980265840718,0.000199780333787700,1.55482565460437e-07,8
13.7713792588976,16.5416569179959,15.4565477371216,0.330992490623128,0,4.26404867911411,0.0392579748177583,1.06540248387701,8
18.5422113206652,20.9422217475043,19.5297156439887,0.473080490469220,0,0.238051684573327,0.00124936853769025,0.00126774153754281,8
21.7422103881836,22.1322250366211,21.9822226630317,0.00864354621767977,0,0.00569954461924403,4.97969278829414e-05,4.01938073894523e-07,8
17.4022123548720,19.6572176615398,17.9822307162815,0.226929399314724,0,0.00499747414177832,0.000199780333787771,4.46296494716947e-07,8
16.3322067260742,17.4422221713596,17.0022190941705,0.0606010220633758,0,0.00845063477754593,0.000200373845327342,1.11932510903271e-06,8
11.5361552768000,15.9415944417000,15.0915114084500,0.246265310753632,0,0.966246529862324,0.0264550617601453,0.0285288046361814,8
5.20051956177000,7.28072802226000,5.77057838440000,0.0679096794538484,0,0.369874889856386,0.00320072296802997,0.00166885261236059,8
11.3640891181000,30.0509601169000,16.4445961846000,13.4491789913928,0,45.1340321712722,0.0835415325250642,25.5733445647572,8
20.5046590169271,23.8114547729492,21.7569944593642,0.181207480570975,0.365639610432608,13.5405951888236,0.940958597345407,2.82227096824514,8
12.1285925971137,24.1124810112847,21.5436002943251,3.41204395852006,0.00184199172224339,41.0946603003154,0.753653372358265,58.1080038749832,8
16.7466757032500,19.1019121806000,18.2218233744000,0.401901392319218,0,0.192241123637497,0.0144521386961294,0.00168108086705203,8
12.8862900204000,16.5416569180000,14.6014616225000,0.314053641737365,0,4.29330411931832,0.0242051177345416,0.441137487848748,8
9.73497390747000,10.3550370534050,10.0000021192550,0.00433637779545039,0,0.266502268803807,0.00125021617934587,0.000882456920363933,8
9.77772818671000,10.1777680715000,10.0027508205950,0.00564805977668040,0,0.0684634061707471,0.00405070040847951,0.000166333402369731,8
5.25052600437000,6.37063768174500,5.78057818942500,0.0433368917618631,0,0.713176349658909,0.000200034588095302,0.00929340527811741,8
5.03550423516500,9.77597766452000,5.63556353251000,0.976739178313873,0,7.14562779963288,0.00125021617584557,0.629345609829883,8
13.9613978068000,16.8416860368500,15.7615767585000,0.284972853938129,0,3.64573337416502,0.000200034589495423,0.247546410119339,8
12.6662678189000,13.1313154433000,12.9862997267000,0.00565874307485894,0,0.0840662736056407,0.00223383260730109,0.000143801611011417,8
12.6112620036000,13.1313133240000,12.9112921821000,0.00441465224505741,0,0.0512102110050535,0.00125021617434553,5.07050337293237e-05,8
7.28522830539000,18.6163626777000,10.3255335490000,8.37093468833849,0,7.03266468777665,0.00500107664995247,0.649712121018500,8
20.2372063530816,21.3600370619032,20.9473186069065,0.0391079525473422,23.3667122186944,66.3341921684364,47.5450634260644,102.631203829689,8
9.79723294576009,10.6822119818793,10.0122303432888,0.00874594529121397,0,0.0312501059639044,0.000799121335146752,2.12457421898090e-05,8
9.77721320258247,10.1472240024143,10.0172191196018,0.00673246085958896,0,0.0684477228989855,0.00245057206843778,0.000176280728821391,8
7.22720993889703,18.6222139994304,10.3222264183892,8.41145407263045,0,5.71222080181726,0.00605174573138083,0.433982019319872,8
16.6472074720595,20.8822250366211,18.4022119310167,1.40578969727564,0,3.03005274748748,0.00179980265840121,0.186787824335378,8
14.3422147962782,26.7372194925944,18.3622190687392,4.73976491702787,0.000200373845327342,190.873399238812,0.150120606936803,450.437874637685,8
21.7972183227539,34.2122099134657,31.8247201707628,13.4248384422972,0.000199780333787700,43.8983963050159,0.400111461486736,47.6574863185356,8
23.2172309027778,35.8322207132976,30.2297274271647,10.8638804649210,0.00124926260064362,18.1806164371486,0.211307549115056,23.0242727131830,8
17.2367244296500,17.5717565748500,17.4817487928500,0.00543530346694674,0,0.0800155308336978,0.000450141407107136,8.73829105093825e-05,8
20.5820592244500,23.0823092990500,22.2872289022000,0.172249778934069,0,2.33325837213818,0.0162035646460699,0.0755308923108250,8
18.2040235731000,22.6044633653000,20.6367672814000,1.18830264572972,0,2.33326752842260,0.000200119375807941,0.0680114411341511,8
9.54595565795500,28.3128335741000,15.2390252219500,13.7860110945334,0,38.7385907024911,0.0294478251234178,21.4036642092581,8
6.97222073872884,27.2872055901422,9.15972126854791,52.0197116066917,0,23.3243438140384,0.162644971518545,15.5000313280312,8
6.12222989400228,8.46721649169922,6.81971655951606,0.340305341283940,0,3.45846284180880,0.00320140124928483,0.166120722252475,8
21.1590194702500,22.5872378879000,21.9036483765000,0.0966943270287833,0,0.0503645795853981,0.000298023223876953,6.05091092368472e-05,8
12.2912300957500,19.9219936795000,17.5267548031500,1.62471595828299,0,10.6057206830318,0.000200034587495286,3.97749121353299,8
15.1422331068251,30.2522193060981,21.3672235276964,9.79060480949916,0.00235887197843407,205.926207341564,8.41698328886090,1941.92955680805,8
23.6972279018826,57.7922121683757,42.8672091166179,83.6497286589492,0.288307259187241,133.228888164457,64.9222768469616,1396.64221347218,8
24.2472161187066,29.7722074720595,27.6522127787273,1.20516232404210,0,0.224458996672133,0.00245057206844138,0.000501164157287224,8
23.9022297329373,30.3622182210286,27.2022162543403,1.87645155124240,0,0.0760441417550823,0.000800477501783247,8.31061107074696e-05,8
5.84058549669000,11.6311645508000,9.29593086242500,2.97076454873728,0,11.1432664807759,0.00125021617534557,1.79507627753953,8
70.0738143920898,89.9027938842773,73.2421264648438,14.1663626217570,0,23.0295271594080,0.00145804614294397,4.40338932191212,8
33.3522076076931,58.2922108968099,46.2422074211968,20.6619585687251,0,77.8753371094351,0.0391996582038482,29.9380983458979,8
20.4422208997938,28.1372133890788,25.2922270033095,3.73769383705613,0,2.77461556694632,0.00563283820866931,0.124580606571032,8
20.2122116088867,25.7922278510200,22.0447232988146,1.20041752592389,0.000633782061122204,6.02137607818977,0.451120208239394,1.99069641908295,8
49.2299249437000,65.6965721978000,62.9262966579750,35.1882094754962,0,19.2859242850836,0.0713565796965097,5.78433258819820,8
52.1372286478679,77.1622170342340,57.3872121175130,67.6318982300372,0,27.3799046496059,0.0288049806840905,4.51801963693709,8
34.5372072855632,49.5722240871853,48.8622326321072,21.0986471939010,0,22.4450761075132,0.00413266366176071,8.03179104738096,8
22.1322250366211,68.4722222222222,44.2397149403890,165.277472117533,16.1203765583300,726.341994530911,612.119037851172,43356.8652329434,8
59.2409261067500,81.7081705729000,79.6329689025750,77.0288662715851,0,2.24766052426768,0.0659963058808698,0.146723686094077,8
14.6172247992622,47.7522193060981,22.6622221204970,89.4276263184227,0,230.051530024297,0.00719971924101717,468.596103439133,8
26.2922286987304,70.3372234768337,43.1172095404731,113.580465820992,0,377.025472243995,0.0364477203725610,788.691059840790,8
58.6758677165000,81.3681411743000,79.7054757012500,75.3485885514315,0,97.0352784381208,0.0648127325743746,114.467596327896,8
34.3234337700500,41.2941318088000,37.1012115478500,4.11095466599178,0,0.00640144593915713,0.000800138353981276,1.25974312190183e-06,8
38.7488767836000,42.4192428589000,39.9790000915750,1.29010422663379,0,0.00405089115701674,0,6.42555475050822e-07,8
29.7849960327148,39.8366928100586,38.8258132934570,15.1134722041071,0,26.5658856370329,0.0340757348264241,8.57388115953193,8
49.0249040392000,65.3365368313500,62.7112748887750,34.2520893143945,0,12.9476700895706,0.136643394695271,3.85748149861733,8
58.8358900282000,81.6281721327000,80.2280298869000,78.1130439825979,0,117.201451631402,0.0420591161020037,167.117478228866,8
31.5778999328613,35.5261077880860,34.5915069580078,1.66360264390796,0,2.73429759545740,0.0355309263492589,0.103176415304362,8
20.7822163899740,59.7922261555990,22.3372120327420,21.5344654989353,4.98180775646001e-05,537.542815928900,0.654708103143802,5506.98108910077,8
20.8622360229492,65.5822075737847,22.4422200520833,49.7401141593668,0.000333165061655142,668.609379156546,1.05167158908295,11311.1718025984,8
16.9822491540000,22.4177932739000,18.0873595343500,1.72396954496286,0,2.83277051163373,0.00245057206638995,0.155499127539941,8
13.1679185231500,27.5893592834500,18.5134527418000,7.42727128076296,0,22.5301394824727,0.0684634062003500,2.34222234050301,8
5.73221524556478,32.2222179836697,9.41722869873046,87.1583369732319,0,39.5161764566372,0.932211234428413,60.0677952361417,8
2.69722726609972,9.10222583346894,5.73471758100722,2.34751514078589,0,44.1802095712393,0.0242004550531368,50.5680706665708,8
60.5460611979000,86.4436509874000,85.8810933430750,113.399653289566,0,46.0955883048064,0.0144528593034334,25.8866240032336,8
86.5686628554000,87.6387659708500,87.1237140231750,0.0514234062569892,0,0.145827503766959,0.00405089116601725,0.000966407078510787,8
19.4969516330000,20.1570171780000,19.8769866096000,0.0342856687854891,0,0.0312559342566967,0.00125011020242872,1.42484320815093e-05,8
20.3050316705000,20.9900983174500,20.7650756836000,0.0430002997313483,0,0.0128022136316982,0.00125032215075341,7.72190580281670e-06,8
19.8119820489000,22.6122623020000,21.2421247694000,0.558452936859950,0,0.627327458778845,0.00500086469738177,0.00598408369589179,8
18.0272123548720,22.6322258843316,20.4422060648601,1.19643145173612,0,2.97680802545041,0.00125095809638936,0.116728415938983,8
18.0474048191000,22.6278601752000,20.4501448737250,1.17943339596203,0,2.02643427294681,0.00125032215075359,0.0602240161052599,8
17.4382951525000,29.5545069376500,18.5734091865000,6.77863323124076,0,10.9723268998123,0.0108352775036001,1.53184339798908,8
21.4421463013000,22.6522657606000,21.6721704271000,0.138833840898685,0,0.00980169481526944,0,1.20344606245566e-06,8
5.22052341037000,7.66576661004000,5.76807710859500,0.0880789090779021,0,0.369873067101893,0.000450077823064390,0.00224839413259410,8
20.8920923869000,22.0572068956500,21.6471672058000,0.0701532915554342,0,0.192238495433354,0.0128028918753203,0.00168083432995848,8
20.7820807563000,21.7471779717000,21.3621372646500,0.0535062677561499,0,0.328115316952936,0.0544601160588123,0.00720023342532529,8
21.3171323140500,22.1672185262000,21.7221747504000,0.0479902151378691,0,0.0722140970920501,0.00125032215075359,0.000100159826558653,8
22.0276048448000,24.0778117710000,22.2726302676750,0.266288499739546,0,0.312112337983991,0.00405070041252517,0.00129740682976921,8
21.3692855834961,21.6912460327148,21.5033796098497,0.00643894835104780,0,0.000407939777137652,2.17203054445174e-05,7.85692781823344e-09,8
1.21721691555000,20.5522240532500,19.9722205268000,4.35561714691712,0,721.619646800790,0.000449887093083166,6350.37151333244,8
26.6722170511882,46.5922122531467,36.7872291141086,11.4142686054326,0,63.0565733765249,0.414504118187927,89.8335151739872,8
42.7722231547038,56.5622117784288,54.7772259182400,25.6158553922929,0,33.5268372832047,0.0946243354126311,14.0386714001179,8
30.7522201538086,49.2822180853950,47.2772195604112,9.65661144171239,0.000433464803582162,105.222182275166,0.0297338693453272,205.369928070679,8
50.6222131517198,68.4222327338325,67.3822212219238,44.4218689960745,0,52.1635899346593,0.0829954414096545,33.0248333090161,8
28.0722257826063,54.8422156439887,47.6922119988336,50.8170160909886,23.9655530084529,290.414772589524,154.512611172468,3739.33236315703,8
27.1222135755751,68.6222161187066,57.5872209337023,139.996278064338,29.6706580764087,542.579770273665,332.593652757835,16369.6057374148,8
6.51166703965929,26.6866514417860,9.20166863335504,48.5762045571855,0.00556996301137234,113.632267496386,0.755135265614099,212.091098076986,8
5.60222625732422,32.1922217475043,8.78722402784559,84.7132745131826,0.00123349011807529,165.789464925815,2.73482653740574,556.783113939101,8
4.96111551920573,7.16109805636936,5.73110580444336,0.314672645603549,0,0.887274220050457,0.0247628334029009,0.0126960121891601,8
3.03221808539497,8.71723069085016,5.71221033732096,1.64313301521720,0,23.5632062895594,1.41835479430113,18.7020674840062,8
-6.17061720954047,10.7810783386230,6.66816711425781,47.3591326330295,0.00130022482254537,21.5561637120608,0.00639463770025206,9.62797028000202,8
-6.38063854641000,10.8160824246000,1.15011533101475,47.5978369045510,0,45.0462486839083,0.00245049789035418,46.4648120174850,8
-2.86528640323215,12.1562163035075,9.78097862667507,38.0375997782372,0.000633499382682105,36.0703729562620,0.00354488980913748,16.6668381239892,8
-0.520051850212945,4.81048160129124,0.757576094733344,1.03649799329176,0.000200034588083830,1.59426561260643,0.00357322239069760,0.0529468200352544,8
5.47054820590549,16.4166418711345,9.30343151092530,10.1413633516455,0.000199992201139236,34.0001651545951,0.00576111164870664,25.2740559590021,8
8.59497600131565,9.42776468065050,8.94885010189481,0.0510530157371156,0,0.0428104793666750,0.000266792726450434,2.52425942183349e-05,8
8.09841050042046,10.4889710744222,9.24779044257270,0.163569177686937,0,0.548540414162301,0.000198680433562527,0.00136491257388867,8
10.3921042548286,13.7480396694607,13.3830155266656,1.26690281517957,0,0.241453288421632,0.000813674887468286,0.000755221286632223,8
8.78135681152344,14.3146345350477,12.8318595886231,1.51152844834525,0,3.01023906547619,0.00574465049884176,0.174224671709250,8
8.57312732272678,10.0789960225423,9.32435830434164,0.0859679789079032,0,0.923988799657295,0.199786848536677,0.0604863908554040,8