404.051696777344,539.061157226563,430.662994384766,491.501961491474,0,807.122002051200,2.98023223876953,2046.82021975707,158,158,158,0,0,42.4803543090818,2.56345367431652,11.7023224480764,1
402.586853027344,501.951843261719,429.686431884766,488.345331915638,0,176.746726037317,5.80134987955072,305.863018008369,177,177,177,0,0,19.0429229736330,3.29589843750000,7.99728230904268,1
399.901306152344,513.182250976563,426.024322509766,701.358976898440,0,156.639814379319,4.84784444173177,182.089150072654,180,180,180,0,0,18.3104858398440,3.29587554931652,5.66290964887827,1
382.309692382813,472.946563720703,418.930541992188,352.629017439645,0,465.653836756945,31.8198030218498,2945.45014616644,210,210,210,0,0,30.5173339843750,8.23971557617202,24.1677825157140,1
382.339706420899,557.816711425781,414.035339355469,1338.11565850430,0,650.449094818290,4.01331246644114,2257.30206128398,143,143,143,0,0,36.3880004882813,2.83312988281295,17.6315551061112,1
402.586853027344,503.660827636719,429.686431884766,484.542506742314,0,157.593816520029,5.84125518798828,280.199753880407,177,177,177,0,0,17.9442901611330,3.41796875000000,7.63990865655318,1
398.436462402344,515.623672485352,426.268463134766,704.033001497187,0,88.9097303161417,3.07957331339518,141.445495541103,175,175,175,0,0,14.8925628662111,2.56347656250000,5.96933224748656,1
383.225219726563,476.608673095703,418.015014648438,370.500469299297,0,1062.56778043509,35.6075664361318,10211.8387505668,207,207,207,0,0,45.7761840820313,8.54492187500000,35.6755746850849,1
403.807556152344,540.526000976563,430.907135009766,489.394518428633,0,961.517058319944,2.94049580891927,3368.53097652804,152,152,152,0,0,49.5604095458980,2.44140625000000,15.0133466539173,1
399.125411987304,570.359039306641,435.123382568359,1842.44562879085,0,20272.2468495946,14.2590451028357,1823073.69990932,403,403,403,0,0,82.7552490234370,5.03628540039102,81.0785084633574,1
438.955307006836,521.823822021485,468.525909423828,298.236032105285,9096.00972965123,16932.3781121324,10418.9044976941,1687859.57817795,4851,4851,4851,0,18.1910400390626,100.488677978516,40.7696075439450,164.665653844633,1
387.877395629883,554.003417968750,423.252593994141,1153.63724569128,0,448.776753763047,6.25007629425803,1178.57144080733,152,152,152,0,0,30.9377059936523,3.65629577636776,13.0489922247225,1
453.701324462891,599.465820312500,487.725448608399,1374.81825781971,0,505.288568036001,8.43455810968998,2395.10399675121,167,167,167,0,0,30.9563598632811,4.18329620361300,19.2151879322921,1
410.300003051757,539.799987792969,450.600006103516,1225.39968883685,0,529.773214111423,7.37339925144987,4037.86686807670,163,163,163,0,0,31.3499908447267,3.90000915527321,27.4730046003545,1
382.750030517578,521,414.437484741211,1193.23508883597,0,424.131923676006,3.12507629441069,539.007191717232,125,125,125,0,0,29.1249694824220,2.50003051757801,8.03172891577104,1
415.097763061524,819.881195068360,456.620834350586,6236.27937552544,0,30577.1319359426,3.30262171725413,3765029.79355578,128,128,128,0,0,300.134735107422,2.65605926513626,633.680941012222,1
0.00485600166155183,0.00490923322245460,0.00490923322245460,3.91613891837339e-10,0,1.39936999555852e-10,0,1.10454968119872e-21,16,16,16,0,0,1.77442453498282e-05,0,2.58063765205835e-11,7
119.792112526033,143.800404355721,135.210270987153,28.2773902868015,13023.0800717129,19286.4998812085,15186.2980904855,1702136.52405573,34529,34529,34529,0,84.7867308791415,124.140080301674,108.296219643478,29.6268823001507,7
0.572893218602388,610.023641985978,194.388027143634,28280.5270342960,0.701254976830696,74917.5819773660,46392.8742555971,549289727.548067,674,674,674,0,0.843427777695419,617.149808224456,411.854176995510,40030.5118404190,7
18.4650481633889,629.522756697377,614.715348033218,62418.3874974316,0,118532.034174302,7.76916353224551,443450705.036514,217,217,217,0,0,448.692041176877,4.07054670391949,6566.34612287741,7
0.176968997175452,618.490985195451,572.239790025420,25678.4297472469,0,162179.998190694,12.6172039681841,337079266.864461,191,191,191,0,0,569.526115627184,5.08818337989897,6057.35610070004,7
-1.00291588601142,464.797320614713,184.222872880329,9186.09997891219,384566.745951414,1309208.56325822,601532.889087760,106880397925.066,1372,1372,1372,0,56.9142307263348,2104.41978562367,558.870366033196,439903.003551065,7
1728.16582391479,2197.14786858211,1751.47139755142,2425.60088449969,0,90151.8668998977,33.1557730680232,48141725.6853167,200,200,200,0,0,434.046699715770,8.29969586305492,1758.34477499169,7
987.073498928755,1167.69862230799,1070.02664456724,241.675921619540,0,6732.77684384927,9.01968090047505,180014.522616990,202,202,202,0,0,116.041172381610,4.23456457169993,102.005497397590,7
2342.35593454001,2926.20642671482,2497.55993031991,11821.3507630566,0,297149.529569976,59.8249180277456,320443580.008963,196,196,196,0,0,770.907944660030,11.0771687902279,4794.16585792491,7
1295.99326022179,1815.94153846903,1341.66535191204,6955.42822075120,0,37414.5897488137,38.4496034666678,19665946.0299308,200,200,200,0,0,258.555243420907,8.96852812017755,1755.14478380672,7
2140.09845597969,2336.76745921637,2266.38547371209,3836.80341828971,0,100368.173585096,31.8274382087917,58885080.2505418,186,186,186,0,0,327.552323577938,7.97840058781503,1278.95910767784,7
1276.71963407186,1677.61346612066,1546.37923856737,350.552100835980,0,134310.296429959,48.5488593622242,106623210.132684,212,212,212,0,0,518.286207476060,9.78256832803481,1956.29745325393,7
432.259109475178,588.154823391367,541.707060267393,1795.04776864528,0,5526.43195071130,2.33844556322258,589108.645321376,206,206,206,0,0,105.132601515527,2.16671232819601,255.349204043138,7
1911.58855518599,1976.53041310445,1946.05880837548,112.213721518490,0,54749.1487565694,21.5849735161324,41967605.9339445,223,223,223,0,0,306.654304101690,6.69180802291498,1606.59662620787,7
40.2485008239747,46.3047637939453,43.6692066192627,1.35922396824071,0,0.238486187481558,0.00329201698453349,0.000827201969270735,100,100,100,0,0,0.834375381469748,0.0791025161743235,0.0142049726439729,2
39.5673103332520,44.6345138549805,43.0235748291016,1.07505898921561,0,0.106646002729887,0.00242454529506979,0.000103468266024081,68,68,68,0,0,0.528905868530302,0.0726556777953817,0.00470067710727258,2
36.0531234741211,43.0265655517578,40.9968757629395,1.76482158570835,0,0.777349584102984,0.00791278123991856,0.00408599992662353,133,133,133,0,0,1.24687576293950,0.126560211181598,0.0295232204753806,2
40.0689964294434,45.4315338134766,43.5940208435059,1.19315742158974,0,0.0777478027351492,0.00236370088532420,9.10027138668962e-05,66,66,66,0,0,0.428129196166950,0.0703125000000071,0.00482410859888112,2
25.7079410552979,87.1579742431641,55.1756401062012,285.113196420807,0,280.141149648989,0.360210736592611,427.927593497197,146,146,146,0,0,25.1037025451660,0.878906250000000,6.62349413025390,2
73.5447769165039,76.9169540405273,76.0014419555664,0.355870330902105,0,0.217308600743612,0.0149011611938477,0.000700353693850964,208,208,208,0,0,0.686645507812500,0.183105468750000,0.0119228407563762,2
74.9065704345703,78.9043655395508,77.7599639892578,0.489422197836453,0,0.782776623964310,0.0167638063430786,0.00251940126798393,212,212,212,0,0,1.25122070312500,0.183105468750000,0.0183897431598607,2
75.3873138427734,93.1332397460938,92.7060089111328,19.4190822953440,0,48.8828821115027,0.00807146231333415,13.6710921536664,165,165,165,0,0,9.88765716552740,0.122070312500000,1.14911994669494,2
41.4976348876953,65.8200836181641,55.3830947875977,25.0717214664731,0,19.0942088763693,0.186264514923096,4.81737201364565,168,168,168,0,0,5.69914627075193,0.617980957031250,0.779783939945823,2
43.0469512939453,93.1872100830078,58.2904396057129,66.1341618987513,0,97.0083354821155,0.115791490941788,52.5995360670717,142,142,142,0,0,14.2135334014892,0.488273620605398,2.34445226986845,2
35.6102867126465,35.7811851501465,35.7323570251465,0.00145743126407205,0,0.00139077504475911,0,3.78047621375596e-08,34,34,34,0,0,0.0549316406250000,0,0.000148286897437685,2
33.7687492370605,44.6000022888184,40.4062519073487,3.62088591895983,552.655079710956,1437.06991999296,646.221166215960,3738.32199992452,671,671,671,0,0.187496185302699,50.1975002288819,3.97343635559083,7.78901068320240,2
40.2326545715332,45.8546466827393,43.7120933532715,1.66572659365825,0,0.113293223029652,0.00323978762511202,0.000131741285640078,100,100,100,0,0,0.504652976989725,0.0796823501587411,0.00595249829650782,2
38.6812477111816,52.3000030517578,43.7687492370605,6.52608805918881,0,22.8285439697942,0.0711333418003189,7.35805994546301,125,125,125,0,0,6.39844036102298,0.375000000000000,0.861335560300760,2
41.6437492370605,50.2062492370605,47.7124977111816,2.40189424235601,0,5.79812677383601,0.0175913937904065,0.239477759681710,114,114,114,0,0,3.46874999999999,0.192189216613805,0.208716345792070,2
40.0378780364990,45.2260456085205,43.2074394226074,1.14207484630272,0,7.99098335131324,0.00658430023759629,0.208448762707178,128,128,128,0,0,3.69192123413085,0.119522094726534,0.0861986983974976,2
36.7521591186523,93.4689331054688,86.9381942749023,249.515065033426,0,173.683288974048,0.291032483830295,236.314952011403,161,161,161,0,0,19.7753486633301,0.747680664062500,6.41763405539925,2
37.2221069335938,46.3440361022950,41.1127548217773,3.28579052453874,0,3.01661763678565,0.0385024960851302,0.116743772995767,162,162,162,0,0,2.45939445495605,0.278125762939503,0.151530158280359,2
44.9954299926758,50.9768524169922,48.8711471557617,1.12933664060031,0,0.183780988057454,0.00745058059692383,0.000360840268976466,166,166,166,0,0,0.640869140625007,0.122070312500000,0.00888741084584598,2
46.3005981445313,51.4427947998047,49.6575241088867,0.917921760358142,0,0.162360568841298,0.00651925802230835,0.000286526918739143,175,175,175,0,0,0.595092773437507,0.118251800537131,0.00746704318388615,2
41.5434112548828,70.7181396484375,46.5330200195313,31.3971890511015,0,173.804663122941,0.0282501180966695,180.217061124745,132,132,132,0,0,18.6919631958008,0.244140625000000,3.25487341867895,2
40.4300651550293,67.1633834838867,54.4910011291504,32.0908669851965,0,19.2878989038485,0.0465661287307739,3.13659141386416,114,114,114,0,0,6.54600334167480,0.320431709289561,0.687202643352167,2
39.9500007629395,46.3968753814698,44.1187515258789,1.85602512510313,0,0.363477667176396,0.00316401958601114,0.000511537569321203,77,77,77,0,0,0.856252670288100,0.0796909332275604,0.00843843143888495,2
44.9200000762939,50.9924983978272,48.8400001525879,1.11075698605593,0,0.202109348552740,0.00810002746584487,0.000452770104516287,170,170,170,0,0,0.663751602172795,0.125000000000000,0.00933021342562789,2
46.2999992370605,51.3050003051758,49.6424999237061,0.925840895688853,0,0.188675330353992,0.00719987182674657,0.000294496508738516,193,193,193,0,0,0.717498779296861,0.119998931884801,0.00709296172534952,2
41.5450000762940,70.5649986267090,46.6399993896485,31.4239532870593,0,164.806948649857,0.0281081863407264,162.089388169567,106,106,106,0,0,18.6599998474121,0.240001678466804,3.33066262684223,2
35.6100006103516,35.7799987792969,35.7299995422363,0.00136517696147171,0,0.00129998321547935,0,3.03695574370135e-08,32,32,32,0,0,0.0524997711181499,0,0.000134714079839113,2
42.4589347839355,65.6827545166016,54.7574882507324,25.9323466105424,0,28.9874153678543,0.178037832180659,5.60750199419954,162,162,162,0,0,7.61412048339850,0.606536865234382,0.793777410712766,2
37.1281242370606,44.3937511444092,41.4359388351440,1.87723509233240,4.85393766576987,23.0879038319263,9.21146565400441,12.2339428832153,1868,1868,1868,0,1.32975006103521,7.90045166015627,3.90455245971686,1.37650679011046,2
37.2471084594727,49.9596843719483,43.3127679824829,5.23934184720686,0,6.08004640788808,0.0344932594356043,0.461040126075110,232,232,232,0,0,4.56877517700190,0.260941028594992,0.324124549575522,2
31.0250015258789,51.2500000000000,35.2343769073487,23.2625706234452,0,48.7280781126026,0.0211849347761039,22.5739360072309,95,95,95,0,0,9.99843692779538,0.210940361022978,1.87789482208357,2
39.8252449035645,45.6096553802490,43.5315170288086,1.10677998360123,0,0.181967894241065,0.00446635723832198,0.000496984377781925,98,98,98,0,0,0.632815361022892,0.0984392166137198,0.0107156255316642,2
32.3906250000000,48.5562515258789,35.9281253814697,13.6059012806360,0.00249225807347276,33.9027312221569,2.04313126198955,25.9999580450934,612,612,612,0,0.0890626907348491,11.0937461853027,2.51249694824220,3.93302670950321,2
37.5937500000000,43.7937507629395,41.6218757629395,1.58323317526222,0,0.639983691375785,0.00411487897994081,0.00330672617318957,68,68,68,0,0,1.33437538146975,0.0937500000000000,0.0201435828129186,2
34.6250000000000,42.6781272888184,39.0031261444092,3.30635513113698,115.070082867798,646.506654410367,163.641116496091,1046.38132147104,1566,1566,1566,0,0.106249809265144,34.8796863555908,3.03359222412113,6.39619539904516,2
36.2939720153809,44.1377716064453,40.8190002441406,2.26112325759303,0,9.60134815265090,1.91586508446198,3.53160329073822,147,147,147,0,0,4.52815532684325,1.97345066070555,0.732005887913329,2
30.9874992370605,51.0000038146973,36.2515630722046,20.4036453773668,0,44.6931212997491,0.0283981370945782,10.4239082795595,106,106,106,0,0,9.01875114440918,0.239062786102274,1.17926863321353,2
34.2937507629395,53.4499969482422,37.9187507629395,24.2773567218092,0,44.5381612014801,0.262891495234109,12.8476351149064,138,138,138,0,0,9.38906478881835,0.724217891693101,1.47300054416867,2
34.8750000000000,52.8374996185302,39.4546871185303,23.1683930287152,0,44.5332031250000,0.0104589557655976,14.8455565412643,105,105,105,0,0,9.43750000000000,0.150000572204625,1.61726465150706,2
41.2077178955078,65.3012847900391,53.3079071044922,29.1465753900024,0,22.3854698707777,0.225374940811842,3.20001954499236,162,162,162,0,0,7.04954338073731,0.671382904052749,0.686342964731881,2
40.2312469482422,45.0906238555908,43.9250030517578,0.927709209520141,0,0.192225089078445,0.00144527435865426,0.000292170458469057,61,61,61,0,0,0.628123283386287,0.0562505722045472,0.00608132528536790,2
42.0596141815186,51.5127983093262,45.7658882141113,3.72840844521693,0,3.38003570566081,0.0155016644851782,0.146082669436967,142,142,142,0,0,2.88751602172855,0.182032585144036,0.154543362434633,2
39.8189964294434,45.6002807617188,43.5252685546875,1.11202417815354,0,0.186838002210897,0.00438815117134874,0.000514647392891941,96,96,96,0,0,0.642190933227525,0.0968780517577983,0.0110633279164523,2
39.7437515258789,43.8437500000000,42.5828142166138,0.660201159535668,0,1.23855031014437,0.000989521346733572,0.00558251286189514,69,69,69,0,0,1.58906078338620,0.0468721389770224,0.0165335992047714,2
36.4012069702148,93.4689331054688,86.7245712280273,251.157741380492,0,212.052873569560,0.340243180592857,258.995427289913,169,169,169,0,0,19.7753505706787,0.869748115539554,6.35701303881897,2
36.4012069702148,93.4689331054688,86.8466415405273,251.615143116763,0,226.934596354199,0.289011281061271,298.132909647989,165,165,165,0,0,21.3088474273682,0.762939453125000,6.67291519485556,2
36.4927597045898,93.4689331054688,86.6635360717773,251.337281835401,0,285.490536830883,0.313234825929006,405.473404025596,169,169,169,0,0,23.8952102661133,0.778198242187500,7.20297944531744,2
36.4012069702148,93.4841918945313,86.6177597045898,250.682615703311,0,226.934596354199,0.291038304567337,259.728410579318,166,166,166,0,0,21.3088474273682,0.755310058593750,6.37520164453820,2
36.4012069702148,93.4689331054688,86.7245712280273,251.659939788997,0,212.052873569560,0.359333120296178,264.181998737469,161,161,161,0,0,19.7753505706787,0.858306884765632,6.47153487294244,2
40.2609977722168,46.3532028198242,43.6594409942627,1.36398484924153,0,0.245015462239583,0.00364182591632121,0.000807758624252805,100,100,100,0,0,0.691406250000000,0.0878891944885076,0.0122963283861348,2
39.5673103332520,44.6548271179200,43.0235710144043,1.07949686593347,0,0.105511994363045,0.00242454529506979,0.000117112985540201,74,74,74,0,0,0.525001525878949,0.0726585388183523,0.00477796335670796,2
35.9843750000000,43.0187492370606,40.9906253814698,1.75189780622251,0,0.477034785749674,0.00754421235372877,0.00261073071873000,126,126,126,0,0,1.02343940734870,0.126560211181570,0.0267056985189640,2
42.4589347839355,65.4080963134766,54.7574882507324,25.8786030819988,0,23.8893926726378,0.169112657507261,4.65383335226321,168,168,168,0,0,6.91222000122070,0.595089912414522,0.783069755799952,2
40.1266250610352,46.2813262939453,43.6531906127930,1.37234777949069,0,0.257373848564993,0.00366459429399904,0.000920908038710138,103,103,103,0,0,0.799222946166999,0.0855474472045508,0.0138084679930192,2
1,1,1,0,0,0,0,0,0,0,0,0,0,0,0,0,21
1,3,1,0.0353849233712212,0,2,0,0.0237382387614833,1,1,1,0,0,2,0,0.0237382387614833,21
1,1,1,0,0,0,0,0,0,0,0,0,0,0,0,0,21
1,1,1,0,0,0,0,0,0,0,0,0,0,0,0,0,21
1,1,1,0,0,0,0,0,0,0,0,0,0,0,0,0,21
1,1,1,0,0,0,0,0,0,0,0,0,0,0,0,0,21
1,1,1,0,0,0,0,0,0,0,0,0,0,0,0,0,21
1,1,1,0,0,0,0,0,0,0,0,0,0,0,0,0,21
1,1,1,0,0,0,0,0,0,0,0,0,0,0,0,0,21
1,1,1,0,0,0,0,0,0,0,0,0,0,0,0,0,21
1,1,1,0,0,0,0,0,0,0,0,0,0,0,0,0,21
1,1,1,0,0,0,0,0,0,0,0,0,0,0,0,0,21
1,1,1,0,0,0,0,0,0,0,0,0,0,0,0,0,21
1,2,1,0.196472925981123,0,0.500000000000000,0,0.00999751614505705,7,7,7,0,0,1,0,0.0399900645802282,21
1,1,1,0,0,0,0,0,0,0,0,0,0,0,0,0,21
1,1,1,0,0,0,0,0,0,0,0,0,0,0,0,0,21
1,1,1,0,0,0,0,0,0,0,0,0,0,0,0,0,21
1,2,1,0.227130792704563,0,0.500000000000000,0,0.00999751614505705,7,7,7,0,0,1,0,0.0399900645802282,21
1,1,1,0,0,0,0,0,0,0,0,0,0,0,0,0,21
1,2,1,0.226791480377548,0,0.500000000000000,0,0.00999751614505705,7,7,7,0,0,1,0,0.0399900645802282,21
1,1,1,0,0,0,0,0,0,0,0,0,0,0,0,0,21
1,1,1,0,0,0,0,0,0,0,0,0,0,0,0,0,21
1,1,1,0,0,0,0,0,0,0,0,0,0,0,0,0,21
1,2,1,0.196472925981123,0,0.500000000000000,0,0.00999751614505705,7,7,7,0,0,1,0,0.0399900645802282,21
1,2,1,0.199522301469022,0,0.500000000000000,0,0.00999751614505705,7,7,7,0,0,1,0,0.0399900645802282,21
105.084388946268,124.544478569632,108.976418748428,14.3518645322938,0,121.182243298293,0,337.632157382806,30,30,30,0,0,15.5680598212040,0,11.4872756960757,3
66.1642542401168,77.8402991060197,70.0562691954178,4.99869677880005,0,30.2955608245733,0,104.739837789821,26,26,26,0,0,7.78402991060200,0,6.91453367681950,3
105.084388946268,124.544478569632,108.976418748428,8.58562013745891,0,121.182243298293,0,143.986841510690,12,12,12,0,0,15.5680598212040,0,5.75479486574782,3
62.2722392848158,70.0562691954178,62.2722392848158,8.80435886036037,0,30.2955608245733,0,160.302745658370,44,44,44,0,0,7.78402991060200,0,10.5825897455145,3
15.5680598212039,70.0562691954178,62.2722392848158,459.879564546724,0,1484.48248040409,0,55732.7142705005,22,22,22,0,0,54.4882093742139,0,96.7962441273450,3
23.3520897318059,54.4882093742138,46.7041794636118,140.986996644503,0,484.728973193170,0,6163.80797791464,30,30,30,0,0,31.1361196424079,0,35.0306362897941,3
685.000095777015,710.000127449047,703.000130458365,37.7914525484144,0,2216.33283604913,2.00010008867416,27670.9394824008,169,169,169,0,0,62.2499986903215,2.00005004371099,33.0166788445379,3
672.000126817507,699.000149145814,692.000152155132,34.6617709786383,0,3145.33292527390,2.33335112309156,41650.7996030475,171,171,171,0,0,75.0000059349428,2.25001175859757,32.7764529896476,3
0,513.500110117874,490.000086284908,49548.5787984722,0,129032.031282043,1.99998131259372,162425597.470023,108,108,108,0,0,508.000061578822,1.99999065627503,4509.08829128578,3
0,159.000029210561,138.000023391656,2490.45657065967,0,11400.5033287774,2.00001100628312,676409.843969637,173,173,173,0,0,151.000022044882,2.00000550313399,301.987488730036,3
373.000068712156,373.000068712156,373.000068712156,8.08997432172764e-24,0,0,0,0,0,0,0,0,0,0,0,0,3
373.000068712156,373.000068712156,373.000068712156,8.08999228986535e-24,0,0,0,0,0,0,0,0,0,0,0,0,3
373.000068712156,373.000068712156,373.000068712156,8.08997432172764e-24,0,0,0,0,0,0,0,0,0,0,0,0,3
373.000068712156,373.000068712156,373.000068712156,8.08999228986535e-24,0,0,0,0,0,0,0,0,0,0,0,0,3
25.7218460463321,363.353485517262,276.527659604763,12537.2933268123,5036.39780850019,103548.664595455,43066.5438733345,205868495.230140,1514,1514,1514,0,89.9769232258570,384.131930734249,148.322435599479,2600.48184332491,3
1118.80666248505,3746.29196712900,2950.91099914779,75029.6497149246,66836291.0829446,110833027.015161,77718075.1533131,9346706729809.90,18010,18010,18010,0,4959.27077939309,14182.5473810268,9595.52257310100,1364940.09452577,3
-1.01194971727294,728.507390214705,527.115050816058,3445.58475642368,81421.7785817045,280137.837713718,129502.330673584,197769091.113016,842,842,842,0,299.646297328676,832.112850526671,686.969862288446,2317.91581568906,3
20.1020113627000,22.0672077602500,20.5920600891000,0.409290477279710,0,0.533596020503865,0.000399984403649070,0.00254909770450720,44,44,44,0,0,1.18511623805000,0.0299994150749967,0.0207586579896839,4
20.0922160678440,22.1622212727865,20.9422217475043,0.204681565444204,0,0.115904021260109,0.00176234043090831,0.000141917155615486,91,91,91,0,0,0.502510070800799,0.0599967108833006,0.00534156795144345,4
20.4622099134657,23.3622190687392,21.9572215610080,0.608931527824572,0,0.194528460347641,0.00439530968784782,0.000347470707206093,112,112,112,0,0,0.644989013671879,0.0975036621093750,0.00947285412999552,4
19.5122294955784,21.4272223578559,20.4972288343642,0.0919914506404201,0,0.587749219302657,0.000624878696356865,0.00172582226602807,66,66,66,0,0,1.15498436821835,0.0350040859646512,0.0203349249643704,4
19.5222240024142,21.3472196790907,20.5622185601128,0.103630645619379,0,0.448028246218873,0.000699570162005463,0.00102034117666019,61,61,61,0,0,1.01998858981665,0.0374921162923485,0.0163202294464213,4
20.0322172376845,21.5122307671441,20.4597155253092,0.0306031331765062,0,0.295626616002233,0.000449887092042209,0.000328335041472459,94,94,94,0,0,0.809990564982147,0.0300004747179017,0.00743074301442289,4
19.5872094896105,21.3922034369575,20.7472144232856,0.0693979875971333,0,0.228369339908367,0.000233246558950030,0.000462056305151356,91,91,91,0,0,0.710006290011897,0.0224971771240483,0.0118657071610634,4
18.8622199164497,21.2122090657552,20.2422078450521,0.136177611431711,0,0.414054103946187,0.000233416241467352,0.00213227432904113,82,82,82,0,0,0.910004509819800,0.0225003560384245,0.0266284564900541,4
20.5622185601128,23.7972174750434,21.2122090657552,0.569815914073483,0,0.106296808566190,0.00123349011807882,0.000114943730527781,46,46,46,0,0,0.487492879231798,0.0499894883897518,0.00550528323832330,4
20.9822146097819,22.8472052680122,21.4622116088867,0.145595612113487,0,0.0960680210235577,0.000933296970088828,0.000103861468148439,105,105,105,0,0,0.490004221598301,0.0449975331624799,0.00392943195796083,4
20.1172256469727,22.7822197808160,20.8372116088867,0.381415395530010,0,0.235633674603940,0.00123363140938851,0.000350872962838823,47,47,47,0,0,0.727500915527326,0.0525029500325971,0.00763281640095597,4
20.3922186957466,22.2422260708279,20.9172270033095,0.182662382801075,0,0.0656261233659815,0.00103305997839786,5.39964062818721e-05,102,102,102,0,0,0.369995964897999,0.0450007120767744,0.00350149628205173,4
20.0422286987305,22.5322172376845,20.6872177124023,0.283169992097871,0,0.156235668895426,0.00113307734878912,0.000110243731256650,46,46,46,0,0,0.592505137125674,0.0475062264336241,0.00416852302229960,4
20.3722127278646,21.4922247992622,20.7922278510200,0.0509490433384148,0,0.0546943112298118,0.00124947447473705,2.78374111324081e-05,146,146,146,0,0,0.335006713867198,0.0500064425997984,0.00231157627795097,4
20.2022171020508,23.8322067260742,20.8672247992622,0.183823131707681,0,1.39818779255021,0.00130014012949784,0.00569855208821766,94,94,94,0,0,1.72999487982855,0.0525061289469733,0.0238971532263110,4
20.0722249348958,23.1122207641602,20.9722222222222,0.311618011905512,0,0.256889367786510,0.00163272575694793,0.000445947170596399,48,48,48,0,0,0.757484436035099,0.0599967108831994,0.00833752988487798,4
19.5372221204970,22.4372312757704,20.5822075737847,0.391525635435768,0,0.345240661306964,0.00247550224642299,0.00101501761986078,55,55,55,0,0,0.877510706583674,0.0724946127997743,0.0146628474700689,4
19.7122255961100,21.9372325473362,20.4922167460124,0.178495822070058,0,0.151761516205514,0.00306308095940562,0.000261745605290861,137,137,137,0,0,0.574997795952697,0.0799857245551010,0.00780425601051469,4
19.5122273763021,22.8322050306532,20.3922102186415,0.437657847892885,0,0.186042098743824,0.00163401147854189,0.000133019634558619,31,31,31,0,0,0.609987046983498,0.0600115458170603,0.00537149311874162,4
19.7622299194336,22.1322080824110,20.3922102186415,0.187255349999942,0,0.142161341979551,0.00163272575694834,0.000289172476454173,109,109,109,0,0,0.629988776312949,0.0599892934164004,0.00744543985584212,4
19.6122360229492,23.5822041829427,20.6222152709961,0.631577321016015,0,0.276028750744066,0.00250043242440460,0.000747582847275921,47,47,47,0,0,0.787493387858021,0.0750033060709470,0.0128879076844740,4
19.8322041829427,22.3922326829698,20.5147245195177,0.249894320983904,0,0.129734406198894,0.00191706173905169,0.000210908835681914,93,93,93,0,0,0.540002187093148,0.0650013817681252,0.00718361822507837,4
19.8522249857584,22.6372273763021,20.8022054036458,0.337442177602990,0,0.242193988801030,0.00163289527179075,0.000470807326004943,45,45,45,0,0,0.789994133843301,0.0599945916070013,0.00879204090110687,4
19.9572202894422,21.4022148980035,20.5522155761719,0.102495981942698,0,0.123337283784390,0.00124145407736806,5.22513339921038e-05,122,122,122,0,0,0.525007247924773,0.0500022040473471,0.00237473493123194,4
19.8172060648600,22.0472166273329,20.7172309027778,0.256352885490874,0,0.298434023226697,0.00142569519189615,0.000637393599093967,57,57,57,0,0,0.860000186496301,0.0549930996365013,0.00997331343543523,4
19.4122229682075,21.9772254096137,20.2422078450521,0.310843317137108,0,0.247417882602451,0.00125074609654379,0.000436418221592019,43,43,43,0,0,0.784988403320249,0.0525061289469733,0.00814280507279061,4
19.6722157796224,20.9122212727865,20.1572185092502,0.0865117672915188,0,0.107203957834574,0.000933099279628453,5.42822339152545e-05,119,119,119,0,0,0.480009714762375,0.0449975331624728,0.00284944098297759,4
19.4972144232856,23.2322311401367,20.6322224934896,0.650596928923283,0,0.242680629553081,0.00203327537986485,0.000563654640461408,40,40,40,0,0,0.824981265597849,0.0674978892008227,0.00987976683147353,4
21.3222249348958,23.8722144232856,22.1172332763672,0.367291279063272,0,0.0854310687195400,0.000800307918079419,8.66003273962405e-05,56,56,56,0,0,0.449996524386950,0.0400076972113972,0.00484873050999649,4
19.8222266303168,26.0872268676758,22.1422025892470,1.09220728576597,0,1.52492218861307,0.0139505121637322,0.0212735787482270,114,114,114,0,0,1.84499422709145,0.169997745090049,0.0638095497981513,4
20.9322102864583,23.5622172885471,21.9422213236491,0.313055464205607,0,0.152799919172587,0.00404974670805951,0.000291802589580430,138,138,138,0,0,0.619996388753251,0.0899982452392489,0.00834874272638063,4
20.7072215610080,23.8622368706597,22.0822058783637,0.476822457263273,0,0.210687853704635,0.00245057206844138,0.000385225058824865,102,102,102,0,0,0.784990522596551,0.0700081719292989,0.00965577256597210,4
21.5622160169813,23.3072132534451,22.1122360229492,0.173105059444168,0,0.0338025391101837,0.000449505831864806,2.18807020931948e-05,87,87,87,0,0,0.309999254014748,0.0300004747179017,0.00254060612444656,4
20.9722222222222,23.4622277153863,21.9872199164496,0.332953839740414,0,0.124637437950829,0.00359973246940694,0.000232874307311120,130,130,130,0,0,0.525010426839227,0.0899929470486001,0.00749524871898712,4
19.8972235785591,22.0822058783637,20.9097194671631,0.281993633606672,0,0.122638052795782,0.00113295728949985,7.96305219654846e-05,40,40,40,0,0,0.525010426839149,0.0475041071573372,0.00376252553305180,4
19.8222266303168,21.4122221204970,20.6222152709961,0.106386112062619,0,0.112304458329468,0.00163410333825526,0.000104910378638840,54,54,54,0,0,0.502510070800724,0.0599945916069853,0.00507835193417106,4
19.4822311401367,21.2672191196018,20.3272162543403,0.127513597679414,0,0.160040621024837,0.00206720782922770,0.000234422802149947,55,55,55,0,0,0.600013732910099,0.0674978892008262,0.00800051763780744,4
19.9472257826064,21.7022323608398,20.6697156694200,0.107368439167162,0,0.105794899556908,0.00236622121811608,0.000143554131908225,88,88,88,0,0,0.459988911946599,0.0699912177192239,0.00653890600296217,4
20.1022254096137,22.2922261555990,20.7122124565972,0.150483943839314,0,0.122804875401023,0.000233303083858412,0.000259981657964306,52,52,52,0,0,0.525010426839152,0.0225003560383463,0.00952362958030367,4
19.8472213745117,21.6222127278646,20.5722257826063,0.157022287858091,0,0.0306954334713741,0.000433535473191552,1.05227416836189e-05,36,36,36,0,0,0.262479782104499,0.0300057729085523,0.00158350952030733,4
21.1622089809842,22.8022087944878,21.6097238328722,0.103109000739012,0,0.0362337924961157,0.000633089683388747,1.96508369470044e-05,84,84,84,0,0,0.285002390543625,0.0374889373779723,0.00201810264552372,4
21.0222244262695,23.4422217475043,21.7422103881836,0.269479659564516,0,0.0677307486381349,0.00142921078415490,5.76266608015997e-05,102,102,102,0,0,0.389992396036803,0.0525061289469733,0.00376093193272940,4
21.0822041829427,24.1622246636285,22.1372138129341,0.312733178079739,0,0.777768642922059,0.00190075252510750,0.00305452041630472,129,129,129,0,0,1.09500037299265,0.0625069936115992,0.0207177889139828,4
21.2722227308485,24.1522132025825,22.3022227817112,0.266133547025026,0,0.245009731813178,0.00303416882872413,0.000739830878266927,135,135,135,0,0,0.712509155273398,0.0799857245550975,0.0118582388647274,4
20.6122334798177,22.9522323608398,21.1722310384115,0.160199369170981,0,0.0671043278040504,0.000416491683209182,2.20944882896714e-05,35,35,35,0,0,0.430009629991297,0.0299983554416485,0.00180118627066625,4
19.9822150336372,23.2722091674805,20.7822163899740,0.345651382841605,0,0.192971115984798,0.00180005696659273,0.000355666291996499,43,43,43,0,0,0.670013427734354,0.0600115458171011,0.00873987238461713,4
20.3322050306532,25.1722335815430,22.6422034369575,1.07881963286348,0,0.664278398139236,0.00719971924101717,0.00473862487924339,38,38,38,0,0,1.22248013814285,0.124999152289501,0.0335921141149513,4
20.6722344292535,24.4022115071615,22.6122368706597,0.783644631796199,0,0.416104945898173,0.00430048940298015,0.00205205184991518,48,48,48,0,0,1.00497563680015,0.0999747382270009,0.0219389842813607,4
20.3822241889106,24.1922208997938,22.1572176615398,1.11443311252912,0,0.184893701225519,0.00362514299383689,0.000505982816863176,35,35,35,0,0,0.655015309651702,0.0850062900119504,0.0114341214166540,4
20.8072111341688,25.4072189331055,22.3822233412001,1.21559854342203,0,1.30501022524538,0.00320157083074295,0.00950983418820232,32,32,32,0,0,1.86498853895399,0.0824896494547467,0.0299635661518094,4
20.9022119310168,24.4672160678440,22.4372164408366,0.795816121453852,0,0.113466932848099,0.00319885806630224,0.000200309693976851,38,38,38,0,0,0.539993709988053,0.0800196329753007,0.00796139797955760,4
19.2422103881836,21.3722144232856,20.3547276390923,0.154557109971546,0,0.362122094373874,0.00103316591693731,0.000491938219183538,53,53,53,0,0,0.899985631306947,0.0449991226196271,0.00760159708739827,4
19.4422234429253,21.4672152201335,19.8522271050347,0.214590443611801,0,0.0600390104443442,0.000633089683391494,2.21507774233900e-05,127,127,127,0,0,0.367517471313526,0.0374905268351249,0.00189152718310512,4
20.7672182718913,21.9622124565972,21.2022315131293,0.0858802846608952,0,0.123326404814492,0.000233402054847224,4.30766920152168e-05,78,78,78,0,0,0.524984995524072,0.0225003560384245,0.00209799868670060,4
21.6272184583876,22.9472117953830,21.9722196790907,0.0851016886143605,0,0.0307011976586559,0.000233345571857939,8.38190718951171e-06,33,33,33,0,0,0.262505213419576,0.0225003560384245,0.00151075323929160,4
19.3622334798177,21.0922156439887,20.4172282748752,0.0973867990174451,0,0.0756974932495826,0.000800307918075439,0.000100022965763019,55,55,55,0,0,0.412492752075224,0.0400076972112977,0.00533324317208676,4
22.3888863457574,25.8188798692491,23.3288870917426,0.394530710021320,0,0.811624918316301,0.000899901330700701,0.00554613999783013,31,31,31,0,0,1.34999275207523,0.0449975331623982,0.0315868642513393,4
21.2072202894422,22.9222318861220,21.8922042846680,0.145626845889660,0,0.0540967249259486,0.000632976675491507,1.89924155390223e-05,56,56,56,0,0,0.344991683960021,0.0374889373778977,0.00201864337432947,4
20.8022054036458,22.3722161187066,21.6847292582194,0.0945122615484316,0,0.0459337604316333,0.000199780333787700,1.61251214095975e-05,52,52,52,0,0,0.330003102620449,0.0199890136718999,0.00202300338329288,4
19.0822050306532,20.0022188822429,19.2822180853950,0.0598212085449025,0,0.0132314963642312,0.000899901330700701,3.72290007415218e-06,60,60,60,0,0,0.175003475613099,0.0449975331624728,0.000845231913086180,4
20.3522237141927,21.2222205268012,20.7422086927626,0.0347885236730721,0,0.0273032800604460,0.000100186924160781,4.02522733845443e-06,47,47,47,0,0,0.225013097127302,0.0150140126546248,0.000753396492578991,4
20.3822241889106,21.3622199164497,20.6922234429253,0.0251405195393521,0,0.0963981906558135,5.01146761378059e-05,3.58984256950618e-05,53,53,53,0,0,0.464995702107750,0.0100114610460018,0.00203143485201520,4
20.3122160169813,21.6922208997938,20.6022262573242,0.103052898895321,0,0.0278973226555701,0.000233246558950030,9.67839723042275e-06,44,44,44,0,0,0.247488021850575,0.0224971771240483,0.00149214805147122,4
20.3872129652236,21.6222127278646,20.9372160169813,0.0635691068634220,0,0.0706323097918032,0.000100186924160746,1.58595777115397e-05,41,41,41,0,0,0.397497812906920,0.0150140126546212,0.00122973134756513,4
19.7422112358941,21.2922286987305,20.4772249857585,0.0655097305602335,0,0.204129894368255,0.000450014241649729,0.000229412326337314,53,53,53,0,0,0.674994786580427,0.0300089518229250,0.00525315145397158,4
19.7622299194336,22.3122151692708,21.3022062513563,0.272258762425314,0,0.613743761632631,0.00129908057041725,0.00322743304126957,59,59,59,0,0,1.15500768025710,0.0525061289469733,0.0234744641472052,4
21.0855526394314,24.3305481804742,22.0055643717448,0.693462087238234,0,0.424018684571535,0.00123349011807550,0.00151628836635877,39,39,39,0,0,0.967483520507848,0.0524806976318253,0.0163828439598519,4
20.1622221204970,21.5922164916992,20.6872177124023,0.110757947218726,0,0.201100953192299,0.000800307918079561,0.000208402735412628,50,50,50,0,0,0.660003026326500,0.0400076972114007,0.00559728283599172,4
20.7022179497613,23.2322311401367,21.4622116088867,0.304034653775558,0,0.0948953458504232,0.00123363140938646,8.54054195977109e-05,62,62,62,0,0,0.457487106323246,0.0524838765462743,0.00459241601968338,4
20.3322219848633,23.2122124565972,20.9922112358941,0.345496768933585,0,1.04262050231773,0.000433662829396240,0.00582359851477501,35,35,35,0,0,1.51499112447105,0.0300057729085523,0.0261146983585324,4
20.8122168646918,23.3622360229492,21.8922042846680,0.338690439767620,0,0.0809622707227230,0.00103361104684724,5.37686539080790e-05,57,57,57,0,0,0.465011596679702,0.0450229644774787,0.00356710521377925,4
20.3572294447157,21.3822258843316,20.7072215610080,0.0615098459421447,0,0.0169344534072260,0.000399560667575400,4.92515239033826e-06,21,21,21,0,0,0.195007324218803,0.0299835205077734,0.00123389160081861,4
21.0822041829427,21.8722152709961,21.2722227308485,0.0383223466049637,0,0.00926708245385917,0.000100229352275576,1.65451463359037e-06,71,71,71,0,0,0.150008731418151,0.0150171915690009,0.000716176037107406,4
20.4172282748753,21.4372168646918,20.9972148471409,0.0708916931172282,0,0.0453027476733447,0.000199780333785712,5.68855238123381e-06,102,102,102,0,0,0.315008163452173,0.0199890136718004,0.000791042754690240,4
20.5722257826063,22.1122190687392,21.4722188313802,0.138020117713457,0,0.0272306678838374,0.000699570162008588,8.16425664887570e-06,108,108,108,0,0,0.247488021850646,0.0375143686929711,0.00129713806691119,4
18.8222249348958,20.6322224934896,19.5422278510200,0.106219383823422,0,0.0852952964056254,0.000900028483299351,0.000176793970699780,56,56,56,0,0,0.434989929199201,0.0449975331624017,0.00820293559644533,4
21.3822258843316,22.8922017415365,22.5672213236491,0.190346583928804,0,0.00203317636695728,5.00722510171967e-05,2.11373324342398e-08,17,17,17,0,0,0.0674978892008262,0.0100072224934991,7.34545316811315e-05,4
21.0572115580241,22.8322050306532,21.4222335815430,0.166551753718400,0,0.0289332506068580,0.000133413012778961,1.26595992812338e-05,29,29,29,0,0,0.254999796549452,0.0175031026204007,0.00199743286240818,4
19.9522315131293,20.7122124565972,20.0872103373210,0.0383044555166814,0,0.0612524329532945,0.00123363140939011,1.65203523865261e-05,60,60,60,0,0,0.350006951226099,0.0525061289468951,0.00119720275872153,4
20.7922278510200,22.3122151692708,21.2122090657552,0.128573468917902,0,0.0457026474783924,0.000100186924160781,1.65688560123795e-05,40,40,40,0,0,0.307502746582053,0.0150140126546248,0.00185851367610577,4
20.3922017415365,20.8122168646918,20.6222216288249,0.00670405054337758,0,0.00719971924101717,5.01146761378059e-05,3.20008122203198e-07,59,59,59,0,0,0.119997660319001,0.0100114610460018,0.000224058229641865,4
20.2172152201335,21.8622186448839,20.8772193060981,0.113465260388897,0,0.0944282876151838,0.000233303083858412,4.09657272380239e-05,35,35,35,0,0,0.457487106323249,0.0225003560383463,0.00213487649060673,4
19.4422234429253,22.6172256469727,21.4322111341688,0.542202740522245,0,1.10012276005074,0.00303260052750075,0.0159376888302033,75,75,75,0,0,1.51501337687175,0.0799899631076997,0.0454416232859118,4
19.9822319878472,20.9622107611762,20.4772249857585,0.0572570494190518,0,0.00622486500873291,0.000200373845327342,5.09931714382403e-07,21,21,21,0,0,0.125001271565750,0.0200186835395009,0.000396251742127568,4
20.4122246636285,21.0822041829427,20.6622229682075,0.0283610006512039,0,0.00303258638279933,9.98902207898323e-05,1.34897844335288e-07,29,29,29,0,0,0.0824896494547502,0.0149917602539240,0.000188080849890838,4
20.3172069125705,22.5522062513563,20.9822294447157,0.113186404171276,0,0.198389550981388,0.00163289527179075,0.000457144852171196,67,67,67,0,0,0.659980773925724,0.0599967108831976,0.0106716215615556,4
20.3472201029459,21.6472074720595,20.8097139994303,0.0734491740131375,0,0.0264521369518168,0.000233741204298603,1.05467353947745e-05,60,60,60,0,0,0.230009290907201,0.0225194295247491,0.00175729615329868,4
20.4472266303168,20.9122212727865,20.6822119818793,0.00989982693969488,0,0.00263381700405875,5.01146761378059e-05,1.40307687666065e-07,41,41,41,0,0,0.0750064849853267,0.0100114610460018,0.000207335726467909,4
20.1772223578559,21.3222249348958,20.8172225952148,0.0743285729857740,0,0.125204697045334,0.000233303083858364,6.90682409376567e-05,59,59,59,0,0,0.525010426839227,0.0225003560383463,0.00278994744404888,4
18.8772201538086,21.4322111341688,20.5722257826063,0.244504213260405,0,0.642645354410262,0.00130043683287288,0.00523170976282052,57,57,57,0,0,1.16251309712730,0.0525061289469733,0.0253847216785850,4
19.6672270033095,21.0222074720595,20.1322258843316,0.0833912136034965,0,0.0420340466988131,0.000399560667573411,1.77323255999538e-05,26,26,26,0,0,0.307502746582049,0.0299835205078516,0.00235335405565231,4
20.4122246636285,21.7922295464410,21.0522079467773,0.0397162866631663,0,0.0625325620764663,0.000899901330700701,2.60915081504022e-05,75,75,75,0,0,0.374997456868499,0.0449975331624017,0.00192235097829550,4
20.5322180853950,21.6822263929579,20.8322143554687,0.0879342624917573,0,0.0577990601051125,0.000450014241648184,4.26213043875369e-05,47,47,47,0,0,0.369995964898052,0.0300057729085488,0.00405755602556539,4
20.2072207132975,22.1572176615398,21.5022193060981,0.192034554808505,0,0.520434239027711,0.00160061583615912,0.00225048185632716,54,54,54,0,0,1.05750083923343,0.0599892934163258,0.0177963692248551,4
20.4920493232000,22.3322359721000,20.9320958455000,0.354776797154494,0,0.431645376772051,0.000200034589495423,0.00252619868702779,57,57,57,0,0,1.06510798140000,0.0200017294000006,0.0211258429592212,4
20.6722344292535,21.5872107611762,21.2822172376845,0.0354210149113634,0,0.0145316081564236,9.98902627089650e-05,2.18854691687847e-06,36,36,36,0,0,0.179990132649749,0.0149917602539276,0.000683775453965836,4
20.3903706868490,21.2584135267470,20.8979712592231,0.0364765241235600,0,0.00635089481238520,0.000157537249706666,6.48397385324637e-07,64,64,64,0,0,0.119155248006148,0.0181961059570490,0.000420015943401653,4
20.3872129652236,21.0622151692708,20.5622164408366,0.00898928827827887,0,0.0144470948725854,5.00722510171967e-05,5.77908348088712e-07,67,67,67,0,0,0.169982910156200,0.0100072224934991,0.000216561781801489,4
19.8709932963054,20.4984029134115,20.1826392279731,0.00685444578793741,0,0.0499373451394908,0.00248973987471412,5.33769869834318e-05,201,201,201,0,0,0.334418614705346,0.0712521870930729,0.00407787286324542,4
21.0514746771918,21.9089889526367,21.3785934448242,0.0264356581768256,0,0.0325775842054110,0.000179571394451060,5.96425763339626e-06,155,155,155,0,0,0.237693786621151,0.0198205312092732,0.000870323961033645,4
19.8972087436253,21.8422147962782,20.7822185092503,0.176552036581536,0,0.0584924394631844,0.000800307918079561,5.10100548842445e-05,57,57,57,0,0,0.395003424750449,0.0400076972114007,0.00389404862434752,4
20.4722213745117,23.2322311401367,20.8122168646918,0.441225060171412,0,0.126230424253737,0.00123363140938678,0.000106202229272943,136,136,136,0,0,0.532493591308576,0.0499894883898016,0.00495217921415690,4
19.9922095404731,21.2822172376845,20.2022171020508,0.117730926307428,0,0.382631700538671,0.00320123167231000,0.000291231217936943,100,100,100,0,0,0.862496693929053,0.0824896494547538,0.00462659715448529,4
20.9722222222222,22.5622177124023,21.7172304789225,0.0496096277598016,0,0.252043933141959,0.00124947447473190,0.000890889622515489,165,165,165,0,0,0.714997185601099,0.0500022040472956,0.0122535780965949,4
18.5651482476128,21.5171135796441,19.2501576741536,0.122949755489379,0,1.35952251202910,0.000764580555846880,0.00966029859499897,182,182,182,0,0,1.74504280090335,0.0398254394531286,0.0398399526592366,4
21.2857415941027,22.0514742533366,21.5956645541721,0.0381718712472915,0,0.00782179377432688,9.81849938277970e-05,5.99867175705779e-07,44,44,44,0,0,0.141660902235248,0.0148296356201207,0.000378096111162703,4
19.0636189778646,21.8795839945476,20.2674780951606,0.598036568746791,0,0.372638305968480,0.00313246038089771,0.00151092946444904,112,112,112,0,0,0.911385218302424,0.0830396016438755,0.0174412718639226,4
19.0793991088867,21.4347754584418,19.9542151557075,0.190250761430724,0,0.775064209786530,0.00147113100809207,0.00233479091954827,123,123,123,0,0,1.31710052490232,0.0548394521077498,0.0143101073415120,4
19.1622246636285,22.1722327338325,21.1722310384115,0.439387972386119,0,1.05126892946068,0.00363278916894205,0.0129100768753706,112,112,112,0,0,1.57000647650825,0.0825119018554510,0.0394842383869780,4
19.8822233412001,22.6522148980035,20.9322102864583,0.348535548280054,0,0.219103091303184,0.00249873707238645,0.000730573310251266,80,80,80,0,0,0.690008799234970,0.0749810536702498,0.0142795497776902,4
19.7522184583876,21.5822050306532,20.3522237141927,0.138967885213605,0,0.0814358163634412,0.000699782098974490,6.07923730068886e-05,71,71,71,0,0,0.427506764729774,0.0375111897785985,0.00386515815358273,4
20.1922225952148,21.8822224934896,20.4622099134657,0.100593298328396,0,0.0510289627733332,0.000433436562085169,4.28116239322108e-05,107,107,107,0,0,0.337486267089826,0.0300004747178004,0.00337218202728805,4
19.6822102864583,20.2822197808160,19.9072180853950,0.00798375158963371,0,0.0469034907279648,0.000233811915827113,6.64291194454896e-06,186,186,186,0,0,0.285002390543628,0.0225226084391252,0.000600497273180815,4
20.2622307671441,20.8922025892470,20.6172243754069,0.0124238394704387,0,0.168209420569218,5.01146761377703e-05,5.88804733727251e-05,25,25,25,0,0,0.580016242133301,0.0100114610459983,0.00100367223899634,4
19.9222183227539,21.3322067260742,20.4122246636285,0.0586191230286839,0,0.297032481215347,0.000633782061120788,0.000270805503061112,173,173,173,0,0,0.794998804728149,0.0374921162923485,0.00390808550457661,4
19.9122238159180,21.6022237141927,20.9997240702311,0.101738907781873,0,0.286287161740301,0.00103333549166184,0.000959077433357185,113,113,113,0,0,0.802481969197572,0.0450007120768117,0.0159101249369375,4
18.5022205776639,20.5072254604764,19.4472270541721,0.159713360819189,0,0.0721300403175992,0.000934229658026512,8.32899402595794e-05,87,87,87,0,0,0.430007510715047,0.0449975331624763,0.00507711800750800,4
20.2272097269694,20.9272215101454,20.5922147962782,0.0251098369250861,0,0.0182322622121163,0.000233246558950030,2.69996279064549e-06,122,122,122,0,0,0.202493667602550,0.0224971771240483,0.000679971500599343,4
18.0822075737847,20.7122124565972,19.1272184583876,0.272705359527810,0,0.332503458668239,0.00223264596046461,0.00149952034109028,115,115,115,0,0,0.825004577636701,0.0674978892008262,0.0194318223994709,4
21.0922156439887,22.3622343275282,21.8122185601128,0.0950218744389128,0,0.00845063477754593,0.000432970451664867,1.37742859293961e-06,29,29,29,0,0,0.130004882812500,0.0299962361653989,0.000649786460319053,4
20.1322258843316,21.5022193060981,20.5222235785590,0.0799909118370110,0,0.161234908678568,0.000699570162008553,0.000130803710921508,134,134,134,0,0,0.592505137125674,0.0375143686929746,0.00321438312591920,4
20.1272201538086,21.6922208997938,20.6572172376845,0.146235111943437,0,0.0734355066636645,0.000933212335430236,6.15966186495109e-05,69,69,69,0,0,0.405006408691424,0.0449975331624017,0.00404280939766047,4
20.6772232055664,22.3722161187066,20.9872203403049,0.175459112824708,0,0.259202099613603,0.000800307918075439,0.000561682058705726,102,102,102,0,0,0.727500915527326,0.0400076972112977,0.0115980549755907,4
21.7422103881836,22.9722213745117,21.9822311401367,0.0440302073591717,0,0.0954890609555904,0.00190075252510498,6.84287704810052e-05,190,190,190,0,0,0.494995117187500,0.0600263807509016,0.00350069028290914,4
21.0822211371528,21.9522306654188,21.4422225952148,0.0278415987443777,0,0.111438461260578,0.000633669011304114,3.90276158032587e-05,192,192,192,0,0,0.457512537638401,0.0374921162923485,0.00147516306147691,4
19.9722205268012,21.6422017415365,20.2697139316135,0.173462368118039,0,0.0576028402776334,0.000933296970090084,4.04839872503624e-05,152,152,152,0,0,0.360008875528948,0.0449975331624728,0.00267628067615485,4
18.6272197299534,19.9522315131293,19.4397195180257,0.0573285445989972,0,0.0378046438613219,0.000632976675493828,1.06802070158587e-05,145,145,145,0,0,0.290025075276652,0.0350062052408742,0.00156764699889143,4
18.3422173394097,22.5522062513563,21.0222074720595,0.624955487842922,0,3.00894943059351,0.00253351713188554,0.0761436882822025,109,109,109,0,0,2.37000465393068,0.0750033060709470,0.0780141273207651,4
19.7022332085503,21.1522123548720,20.1722335815430,0.0927217509677775,0,0.308107377161454,0.00103311646138350,0.000254895281749674,147,147,147,0,0,0.832509994506825,0.0449975331624799,0.00458942517756350,4
20.9222327338325,22.7922270033095,21.4422225952148,0.224169304431450,0,0.0996346545270389,0.00123363140938828,5.34505296009589e-05,161,161,161,0,0,0.450003941853897,0.0499894883898016,0.00294887858037498,4
20.8772193060981,21.4222187466092,21.1672274271648,0.0124120712168958,0,0.00443356313456327,5.01146761377703e-05,2.31928641377383e-07,35,35,35,0,0,0.0975036621093786,0.0100114610459983,0.000271694506542419,4
20.5822075737847,21.1872164408366,20.8122168646918,0.0171950284887240,0,0.00466648477709212,9.98902207898323e-05,2.50210736113600e-07,39,39,39,0,0,0.0999895731607978,0.0149917602538494,0.000237768469100651,4
20.3422164916992,20.9822294447157,20.7922278510200,0.0132785339499483,0,0.00423366983479576,5.01146761378059e-05,3.60080976097212e-07,42,42,42,0,0,0.100006527370851,0.0100114610460018,0.000337028911627389,4
20.1622221204970,21.9922086927626,20.9022119310168,0.269148065380266,0,0.0786924710937552,0.000450904791912991,4.36384756660576e-05,28,28,28,0,0,0.425003899468297,0.0300153096516986,0.00249080461230177,4
20.4622099134657,22.0122294955784,21.5172195434571,0.0571724683806901,0,0.0233321410468159,0.000233345571857939,8.17623435786039e-06,45,45,45,0,0,0.224990844726523,0.0225003560384245,0.00147952703226927,4
19.5422278510200,21.1922200520833,20.0722122192383,0.102881873401388,0,0.336434914956333,0.00123240240134113,0.000504783047855003,105,105,105,0,0,0.870002110799103,0.0499852498372988,0.00740383293067924,4
20.7122124565972,21.4622116088867,21.2222205268012,0.0328404986518124,0,0.00723447136742269,9.98902627079358e-05,7.69157962500502e-07,35,35,35,0,0,0.127509435017853,0.0149917602539240,0.000476794609809946,4
19.0022193060981,21.8622334798177,19.8122151692708,0.200460576791016,0,0.441649759192124,0.00203297859265642,0.00239268112584381,109,109,109,0,0,0.960019429524749,0.0650172763401002,0.0223301895452452,4
20.8722305297852,22.0522054036458,21.4272223578559,0.0375392223740338,0,0.0256295859192773,0.000233345571856614,3.12601777645072e-06,72,72,72,0,0,0.239982604980455,0.0225003560383499,0.000690618284192538,4
20.2533170912001,20.9533903333876,20.6310335795085,0.0227024149408524,0,0.0284964804105924,0.000601985802971678,5.41882621050580e-06,194,194,194,0,0,0.242888132731125,0.0346755981445490,0.000887191797489110,4
20.1367823282878,21.0668139987522,20.8067353566488,0.0297447250920442,1.47543964458655e-06,0.216284307166505,0.000140877894076774,0.000768781002785561,229,229,229,0,0.000656975640200841,0.278121100531703,0.0162421332465517,0.000978582385876943,4
20.5279625786675,21.5776528252496,21.1691072252062,0.0553128035767128,0,0.0752217285256027,0.000393448240381541,7.00763939994619e-05,147,147,147,0,0,0.389245351155598,0.0284481048584233,0.00256927573750529,4
20.9174643622504,23.4092966715495,22.0222748650445,0.214207807917850,0,0.371435666886805,0.000490205703302484,0.000858235985687455,79,79,79,0,0,0.901645024617526,0.0325345993042134,0.00970650174367235,4
20.9857643975151,22.3417366875543,21.5735308329265,0.106495194946710,0,0.0344895907505606,0.000460723774563443,9.48230416257897e-06,77,77,77,0,0,0.281032986111050,0.0313398573133519,0.00151311525179517,4
20.2922142876519,22.1972274780273,20.7722091674805,0.398307159897641,0,0.517955070560950,0.000232907661013235,0.00326436063851720,77,77,77,0,0,1.15499920315210,0.0224781036377273,0.0259200350346926,4
20.5117628309462,21.0736083984375,20.8810043334961,0.00898957528712619,0,0.0100375085574776,0.00167522248450464,2.07184465268189e-06,306,306,306,0,0,0.141686333550400,0.0578276316324775,0.000547392634604914,4
19.6928024291992,23.5133277045356,21.8800269232856,0.431616561879921,0,1.26709617607153,0.00193888476499696,0.00790936322704244,52,52,52,0,0,1.52742067972815,0.0643380482991720,0.0294580147869832,4
20.8322058783637,23.1622229682075,21.5572124057346,0.279042213675909,0,0.697284443978204,0.0170344564442823,0.00611803483920196,135,135,135,0,0,1.25248591105140,0.188751750522163,0.0486977980593276,4
20.6310696072049,23.7313503689236,21.3290066189236,0.332240292951257,0,0.511818626516390,0.00110385164754101,0.00338189338008114,82,82,82,0,0,1.06773376464847,0.0477329889933387,0.0264136143868971,4
21.1422051323785,24.2622290717231,22.8322050306532,0.278193579617303,0,0.827031085319690,0.0165821957701820,0.0141851137338835,110,110,110,0,0,1.35749816894535,0.187501907348624,0.0832122166606429,4
21.2492900424534,23.2745424906413,21.8304284413656,0.198532909383534,0,0.117372870893796,0.000504790291770566,9.75056374779382e-05,207,207,207,0,0,0.666139390733498,0.0317764282226474,0.00570140515988343,4
21.5222083197700,23.4672313266331,22.4136267768012,0.164823381033106,0,0.562535302991130,0.000545104863523056,0.00173580055656010,82,82,82,0,0,1.12500190734862,0.0337600708007990,0.0150228750450385,4
22.8622351752387,25.8788681030273,23.7094020843506,0.294973314116829,0,1.20285246119412,0.00174098612260278,0.00397853134743929,83,83,83,0,0,1.55831972757975,0.0600020090738589,0.0183967626036295,4
24.1265318128797,28.0844921535916,25.0270292494032,1.32171824336734,0,8.10002862119416,0.00119489924732882,0.238804318771540,88,88,88,0,0,4.02492947048620,0.0495052337646023,0.0698540889882019,4
20.1020113627116,22.0672077602810,20.6020609537760,0.408922519765167,0,0.523135401641179,0.000200119375447802,0.00249276248227787,40,40,40,0,0,1.15011215209960,0.0200059678819997,0.0204893054968805,4
21.1727523803711,23.1178495619032,21.9699011908637,0.162637961351056,0,1.04940752933568,0.258371060059692,0.0493814074547074,321,321,321,0,0,1.44872877332900,0.737365086873378,0.108579720052372,4
20.7422086927626,23.1622229682075,21.5697161356608,0.279749673916866,0,0.715225244251432,0.0170338418234845,0.00634370390248600,131,131,131,0,0,1.25999450683597,0.188751750522163,0.0501018146109032,4
20.6310696072049,23.7313503689236,21.3268068101671,0.332016763239898,0,0.511818626516390,0.00108894106952275,0.00333160337262557,79,79,79,0,0,1.06773376464847,0.0488138198852734,0.0262847673798062,4
20.9822294447157,24.2622290717231,22.7822197808160,0.277234847195035,0,0.589722741835719,0.0167671431571216,0.0136091739580234,121,121,121,0,0,1.05001767476400,0.187500317891441,0.0828649529144554,4
1,1,1,0,0,0,0,0,0,0,0,0,0,0,0,0,5
1,1,1,0,0,0,0,0,0,0,0,0,0,0,0,0,5
1,1,1,0,0,0,0,0,0,0,0,0,0,0,0,0,5
1,1,1,0,0,0,0,0,0,0,0,0,0,0,0,0,5
1,1,1,0,0,0,0,0,0,0,0,0,0,0,0,0,5
2,2,2,0,0,0,0,0,0,0,0,0,0,0,0,0,5
1,1,1,0,0,0,0,0,0,0,0,0,0,0,0,0,5
1,1,1,0,0,0,0,0,0,0,0,0,0,0,0,0,5
3,3,3,0,0,0,0,0,0,0,0,0,0,0,0,0,5
3,3,3,0,0,0,0,0,0,0,0,0,0,0,0,0,5
3,3,3,0,0,0,0,0,0,0,0,0,0,0,0,0,5
3,3,3,0,0,0,0,0,0,0,0,0,0,0,0,0,5
3,3,3,0,0,0,0,0,0,0,0,0,0,0,0,0,5
4,4,4,0,0,0,0,0,0,0,0,0,0,0,0,0,5
4,4,4,0,0,0,0,0,0,0,0,0,0,0,0,0,5
4,4,4,0,0,0,0,0,0,0,0,0,0,0,0,0,5
4,4,4,0,0,0,0,0,0,0,0,0,0,0,0,0,5
2,4,2,0.721854216251078,0,2,0,0.160188624685810,7,7,7,0,0,2,0,0.160188624685810,5
2,2,2,0,0,0,0,0,0,0,0,0,0,0,0,0,5
2,2,2,0,0,0,0,0,0,0,0,0,0,0,0,0,5
2,2,2,0,0,0,0,0,0,0,0,0,0,0,0,0,5
2,2,2,0,0,0,0,0,0,0,0,0,0,0,0,0,5
4,4,4,0,0,0,0,0,0,0,0,0,0,0,0,0,5
1,1,1,0,0,0,0,0,0,0,0,0,0,0,0,0,5
1,1,1,0,0,0,0,0,0,0,0,0,0,0,0,0,5
1,1,1,0,0,0,0,0,0,0,0,0,0,0,0,0,5
1,1,1,0,0,0,0,0,0,0,0,0,0,0,0,0,5
1,1,1,0,0,0,0,0,0,0,0,0,0,0,0,0,5
1,1,1,0,0,0,0,0,0,0,0,0,0,0,0,0,5
1,1,1,0,0,0,0,0,0,0,0,0,0,0,0,0,5
1,1,1,0,0,0,0,0,0,0,0,0,0,0,0,0,5
1,2,1,0.196472925981123,0,0.500000000000000,0,0.00999751614505705,7,7,7,0,0,1,0,0.0399900645802282,5
1,1,1,0,0,0,0,0,0,0,0,0,0,0,0,0,5
1,1,1,0,0,0,0,0,0,0,0,0,0,0,0,0,5
1,1,1,0,0,0,0,0,0,0,0,0,0,0,0,0,5
1,2,1,0.227130792704563,0,0.500000000000000,0,0.00999751614505705,7,7,7,0,0,1,0,0.0399900645802282,5
1,1,1,0,0,0,0,0,0,0,0,0,0,0,0,0,5
1,2,1,0.226791480377548,0,0.500000000000000,0,0.00999751614505705,7,7,7,0,0,1,0,0.0399900645802282,5
1,1,1,0,0,0,0,0,0,0,0,0,0,0,0,0,5
1,1,1,0,0,0,0,0,0,0,0,0,0,0,0,0,5
1,1,1,0,0,0,0,0,0,0,0,0,0,0,0,0,5
1,2,1,0.196472925981123,0,0.500000000000000,0,0.00999751614505705,7,7,7,0,0,1,0,0.0399900645802282,5
1,2,1,0.199522301469022,0,0.500000000000000,0,0.00999751614505705,7,7,7,0,0,1,0,0.0399900645802282,5
3,3,3,0,0,0,0,0,0,0,0,0,0,0,0,0,5
3,3,3,0,0,0,0,0,0,0,0,0,0,0,0,0,5
3,3,3,0,0,0,0,0,0,0,0,0,0,0,0,0,5
3,3,3,0,0,0,0,0,0,0,0,0,0,0,0,0,5
3,3,3,0,0,0,0,0,0,0,0,0,0,0,0,0,5
3,3,3,0,0,0,0,0,0,0,0,0,0,0,0,0,5
3,3,3,0,0,0,0,0,0,0,0,0,0,0,0,0,5
3,3,3,0,0,0,0,0,0,0,0,0,0,0,0,0,5
2,2,2,0,0,0,0,0,0,0,0,0,0,0,0,0,5
2,2,2,0,0,0,0,0,0,0,0,0,0,0,0,0,5
2,2,2,0,0,0,0,0,0,0,0,0,0,0,0,0,5
2,2,2,0,0,0,0,0,0,0,0,0,0,0,0,0,5
2,2,2,0,0,0,0,0,0,0,0,0,0,0,0,0,5
2,2,2,0,0,0,0,0,0,0,0,0,0,0,0,0,5
2,2,2,0,0,0,0,0,0,0,0,0,0,0,0,0,5
2,2,2,0,0,0,0,0,0,0,0,0,0,0,0,0,5
57.5000000000000,65,65,2.24533241496550,0,28.1250000000000,0,11.8942573657321,17,17,17,0,0,7.50000000000000,0,1.05598283499454,6
54.5000000000000,85,62,58.3385513606576,0,264.500000000000,0,1851.67345405184,47,47,47,0,0,23,0,16.0550130475343,6
69.5000000000000,74,71.5000000000000,2.04849942402091,0,10.1250000000000,0,1.97727360387510,7,7,7,0,0,4.50000000000000,0,0.487884001131142,6
55,55,55,0,0,0,0,0,0,0,0,0,0,0,0,0,6
33,33,33,0,0,0,0,0,0,0,0,0,0,0,0,0,6
66.5000000000000,71,68.5000000000000,2.04991324956292,0,10.1250000000000,0,1.80710631556211,7,7,7,0,0,4.50000000000000,0,0.443448335484669,6
3,3,3,0,0,0,0,0,0,0,0,0,0,0,0,0,6
3.33333333333333,3.33333333333333,3.33333333333333,1.33516177770700e-28,0,0,0,0,0,0,0,0,0,0,0,0,6
65,65,65,0,0,0,0,0,0,0,0,0,0,0,0,0,6
30,30,30,0,0,0,0,0,0,0,0,0,0,0,0,0,6
1.37999998198615,1.37999998198615,1.37999998198615,4.64590871540133e-28,0,0,0,0,0,0,0,0,0,0,0,0,6
4.15999968846639,4.15999968846639,4.15999968846639,3.48406120691591e-28,0,0,0,0,0,0,0,0,0,0,0,0,6
23.6506271362305,23.6791610717773,23.6506271362305,8.44710752331966e-05,0,0.000407092738894480,0,1.52918955157722e-08,23,23,23,0,0,0.0285339355468004,0,7.51273312184306e-05,6
105,105,105,0,0,0,0,0,0,0,0,0,0,0,0,0,6
105,105,105,0,0,0,0,0,0,0,0,0,0,0,0,0,6
105,105,105,0,0,0,0,0,0,0,0,0,0,0,0,0,6
400,400,400,0,0,0,0,0,0,0,0,0,0,0,0,0,6
1300,1300,1300,0,0,0,0,0,0,0,0,0,0,0,0,0,6
300,300,300,0,0,0,0,0,0,0,0,0,0,0,0,0,6
60,60,60,0,0,0,0,0,0,0,0,0,0,0,0,0,6
36,36,36,0,628.916666666667,628.916666666667,628.916666666667,2.50595044589835e-23,1903,1903,1903,0,31.5000000000000,31.5000000000000,31.5000000000000,0,6
68,71.5000000000000,71.2500000000000,0.611414879964587,0,10.1250000000000,0,0.363112337320626,7,7,7,0,0,4.50000000000000,0,0.176360437154959,6
74.5000000000000,74.5000000000000,74.5000000000000,0,0,0,0,0,0,0,0,0,0,0,0,0,6
69.5000000000000,69.5000000000000,69.5000000000000,0,0,0,0,0,0,0,0,0,0,0,0,0,6
60,60,60,0,0,0,0,0,0,0,0,0,0,0,0,0,6
8.32999971177843,8.32999971177843,8.32999971177843,6.98076299870951e-27,0,0,0,0,0,0,0,0,0,0,0,0,6
8.32999971177843,8.32999971177843,8.32999971177843,6.98077850324709e-27,0,0,0,0,0,0,0,0,0,0,0,0,6
8.32999971177843,8.32999971177843,8.32999971177843,6.98077850324709e-27,0,0,0,0,0,0,0,0,0,0,0,0,6
8.32999971177843,8.32999971177843,8.32999971177843,6.98077850324709e-27,0,0,0,0,0,0,0,0,0,0,0,0,6
8.32999971177843,8.32999971177843,8.32999971177843,6.98076299870951e-27,0,0,0,0,0,0,0,0,0,0,0,0,6
0,0.500000000000000,0,0.00111274483713010,0,0.500000000000000,0,0.00111274483713010,1,1,1,0,0,1,0,0.00445097934852041,6
0,0.500000000000000,0,0.00111439820272705,0,0.500000000000000,0,0.00111439820272705,1,1,1,0,0,1,0,0.00445759281090820,6
0,0.500000000000000,0,0.00111274483713008,0,0.500000000000000,0,0.00111274483713008,1,1,1,0,0,1,0,0.00445097934852034,6
0,0.500000000000000,0,0.00111274483713013,0,0.500000000000000,0,0.00111274483713013,1,1,1,0,0,1,0,0.00445097934852053,6
1,1,1,0,0,0,0,0,0,0,0,0,0,0,0,0,6
1,1,1,0,0,0,0,0,0,0,0,0,0,0,0,0,6
1,1,1,0,0,0,0,0,0,0,0,0,0,0,0,0,6
1,1,1,0,0,0,0,0,0,0,0,0,0,0,0,0,6
1,1,1,0,0,0,0,0,0,0,0,0,0,0,0,0,6
1,1,1,0,0,0,0,0,0,0,0,0,0,0,0,0,6
1,1,1,0,0,0,0,0,0,0,0,0,0,0,0,0,6
1,1,1,0,0,0,0,0,0,0,0,0,0,0,0,0,6
1,1,1,0,0,0,0,0,0,0,0,0,0,0,0,0,6
1,1,1,0,0,0,0,0,0,0,0,0,0,0,0,0,6
0,0.500000000000000,0,0.00111274483713010,0,0.500000000000000,0,0.00111274483713010,1,1,1,0,0,1,0,0.00445097934852041,6
0,0.500000000000000,0,0.00111439820272705,0,0.500000000000000,0,0.00111439820272705,1,1,1,0,0,1,0,0.00445759281090820,6
0,0.500000000000000,0,0.00111274483713008,0,0.500000000000000,0,0.00111274483713008,1,1,1,0,0,1,0,0.00445097934852034,6
49.1396064758301,100,100,9.60947826576227,0,1324.98088538182,0,7338.05945687294,1,1,1,0,0,51.4777793884277,0,12.1758156321982,6
33.0688896179199,37.3094444274903,34.0299987792969,0.312100632948394,0,8.52812356574595,0,0.390866959582761,8,8,8,0,0,4.12992095947270,0,0.177470742529837,6
79.2170295715332,100,100,2.94649405444079,0,387.729195090970,0,893.330916708931,1,1,1,0,0,27.8470535278320,0,5.60749728347959,6
29.8038892745972,72.7111129760743,30.8216667175293,34.0316406676834,0,218.010401325329,0.116268837389700,796.986491196489,84,84,84,0,0,21.3216662406922,0.482221603393501,12.1156570893603,6
85.1883354187012,100,100,13.2926205743721,0,132.175723475666,0,64.0000968916511,1,1,1,0,0,16.2588882446289,0,1.52492204140749,6
42.0016660690308,60.5911121368408,58.9222221374512,3.74191868676706,0,563.174164898959,0.173606930138106,3952.92038089115,136,136,136,0,0,33.5611133575440,0.542501449584975,15.3880421008968,6
49.4733314514160,51.5831279754639,50.4388885498047,0.0805540679629112,0,5.24747068354221,0,0.163978079046383,6,6,6,0,0,3.23958969116220,0,0.0905248511427032,6
57.9277763366699,59.2916660308838,58.5333328247070,0.0519300227398683,0,1.04803434608757,0,0.0108020323808766,12,12,12,0,0,1.44778060913080,0,0.0435884594863018,6
5.55555555555556,5.55555555555556,5.55555555555556,4.44395562106621e-27,0,0,0,0,0,0,0,0,0,0,0,0,6
5.55555555555556,5.55555555555556,5.55555555555556,4.44396549125904e-27,0,0,0,0,0,0,0,0,0,0,0,0,6
5.55555555555556,5.55555555555556,5.55555555555556,4.44395562106621e-27,0,0,0,0,0,0,0,0,0,0,0,0,6
5.55555555555556,5.55555555555556,5.55555555555556,4.44396549125904e-27,0,0,0,0,0,0,0,0,0,0,0,0,6
5.55555555555556,5.55555555555556,5.55555555555556,4.44395562106621e-27,0,0,0,0,0,0,0,0,0,0,0,0,6
6973.33860207806,6973.33860207806,6973.33860207806,3.94407605716432e-21,0,0,0,0,0,0,0,0,0,0,0,0,6
6973.33860207806,6973.33860207806,6973.33860207806,3.94408481710581e-21,0,0,0,0,0,0,0,0,0,0,0,0,6
6973.33860207806,6973.33860207806,6973.33860207806,3.94407605716432e-21,0,0,0,0,0,0,0,0,0,0,0,0,6
6973.33860207806,6973.33860207806,6973.33860207806,3.94408481710581e-21,0,0,0,0,0,0,0,0,0,0,0,0,6
6973.33860207806,6973.33860207806,6973.33860207806,3.94407605716432e-21,0,0,0,0,0,0,0,0,0,0,0,0,6
12.7777777777778,12.7777777777778,12.7777777777778,4.40018759592717e-26,0,0,0,0,0,0,0,0,0,0,0,0,6
12.7777777777778,12.7777777777778,12.7777777777778,4.40019736890957e-26,0,0,0,0,0,0,0,0,0,0,0,0,6
12.7777777777778,12.7777777777778,12.7777777777778,4.40019736890957e-26,0,0,0,0,0,0,0,0,0,0,0,0,6
12.7777777777778,12.7777777777778,12.7777777777778,4.40019736890957e-26,0,0,0,0,0,0,0,0,0,0,0,0,6
12.7777777777778,12.7777777777778,12.7777777777778,4.40018759592717e-26,0,0,0,0,0,0,0,0,0,0,0,0,6
18.3333333333333,18.3333333333333,18.3333333333333,2.33724414388663e-26,0,0,0,0,0,0,0,0,0,0,0,0,6
18.3333333333333,18.3333333333333,18.3333333333333,2.33724933499391e-26,0,0,0,0,0,0,0,0,0,0,0,0,6
18.3333333333333,18.3333333333333,18.3333333333333,2.33724933499391e-26,0,0,0,0,0,0,0,0,0,0,0,0,6
18.3333333333333,18.3333333333333,18.3333333333333,2.33724933499391e-26,0,0,0,0,0,0,0,0,0,0,0,0,6
18.3333333333333,18.3333333333333,18.3333333333333,2.33724414388663e-26,0,0,0,0,0,0,0,0,0,0,0,0,6
65084.4936193952,65084.4936193952,65084.4936193952,5.30184557148742e-21,0,0,0,0,0,0,0,0,0,0,0,0,6
65084.4936193952,65084.4936193952,65084.4936193952,5.30185734708615e-21,0,0,0,0,0,0,0,0,0,0,0,0,6
65084.4936193952,65084.4936193952,65084.4936193952,5.30185734708615e-21,0,0,0,0,0,0,0,0,0,0,0,0,6
65084.4936193952,65084.4936193952,65084.4936193952,5.30185734708615e-21,0,0,0,0,0,0,0,0,0,0,0,0,6
65084.4936193952,65084.4936193952,65084.4936193952,5.30184557148742e-21,0,0,0,0,0,0,0,0,0,0,0,0,6
8.33333333333333,8.33333333333333,8.33333333333333,1.14081278521237e-27,0,0,0,0,0,0,0,0,0,0,0,0,6
8.33333333333333,8.33333333333333,8.33333333333333,1.14081531900054e-27,0,0,0,0,0,0,0,0,0,0,0,0,6
8.33333333333333,8.33333333333333,8.33333333333333,1.14081278521237e-27,0,0,0,0,0,0,0,0,0,0,0,0,6
8.33333333333333,8.33333333333333,8.33333333333333,1.14081531900054e-27,0,0,0,0,0,0,0,0,0,0,0,0,6
8.33333333333333,8.33333333333333,8.33333333333333,1.14081278521237e-27,0,0,0,0,0,0,0,0,0,0,0,0,6
9297.78480277074,9297.78480277074,9297.78480277074,1.53223337015987e-20,0,0,0,0,0,0,0,0,0,0,0,0,6
9297.78480277074,9297.78480277074,9297.78480277074,1.53223677330790e-20,0,0,0,0,0,0,0,0,0,0,0,0,6
9297.78480277074,9297.78480277074,9297.78480277074,1.53223337015987e-20,0,0,0,0,0,0,0,0,0,0,0,0,6
9297.78480277074,9297.78480277074,9297.78480277074,1.53223677330790e-20,0,0,0,0,0,0,0,0,0,0,0,0,6
9297.78480277074,9297.78480277074,9297.78480277074,1.53223337015987e-20,0,0,0,0,0,0,0,0,0,0,0,0,6
11.6666666666667,11.6666666666667,11.6666666666667,7.90036554856215e-27,0,0,0,0,0,0,0,0,0,0,0,0,6
11.6666666666667,11.6666666666667,11.6666666666667,7.90038309557163e-27,0,0,0,0,0,0,0,0,0,0,0,0,6
11.6666666666667,11.6666666666667,11.6666666666667,7.90038309557163e-27,0,0,0,0,0,0,0,0,0,0,0,0,6
11.6666666666667,11.6666666666667,11.6666666666667,7.90038309557163e-27,0,0,0,0,0,0,0,0,0,0,0,0,6
11.6666666666667,11.6666666666667,11.6666666666667,7.90036554856215e-27,0,0,0,0,0,0,0,0,0,0,0,0,6
15.5555555555556,15.5555555555556,15.5555555555556,2.07337193456465e-26,0,0,0,0,0,0,0,0,0,0,0,0,6
15.5555555555556,15.5555555555556,15.5555555555556,2.02249807246634e-26,0,0,0,0,0,0,0,0,0,0,0,0,6
15.5555555555556,15.5555555555556,15.5555555555556,2.02249807246634e-26,0,0,0,0,0,0,0,0,0,0,0,0,6
15.5555555555556,15.5555555555556,15.5555555555556,2.02249807246634e-26,0,0,0,0,0,0,0,0,0,0,0,0,6
15.5555555555556,15.5555555555556,15.5555555555556,2.07337193456465e-26,0,0,0,0,0,0,0,0,0,0,0,0,6
60435.6012180098,60435.6012180098,60435.6012180098,5.30184557148742e-21,0,0,0,0,0,0,0,0,0,0,0,0,6
60435.6012180098,60435.6012180098,60435.6012180098,5.30185734708615e-21,0,0,0,0,0,0,0,0,0,0,0,0,6
60435.6012180098,60435.6012180098,60435.6012180098,5.30185734708615e-21,0,0,0,0,0,0,0,0,0,0,0,0,6
60435.6012180098,60435.6012180098,60435.6012180098,5.30185734708615e-21,0,0,0,0,0,0,0,0,0,0,0,0,6
60435.6012180098,60435.6012180098,60435.6012180098,5.30184557148742e-21,0,0,0,0,0,0,0,0,0,0,0,0,6
0.555555555555556,0.555555555555556,0.555555555555556,6.94368065791595e-29,0,0,0,0,0,0,0,0,0,0,0,0,6
0.555555555555556,0.555555555555556,0.555555555555556,6.94369608009225e-29,0,0,0,0,0,0,0,0,0,0,0,0,6
0.555555555555556,0.555555555555556,0.555555555555556,6.94368065791595e-29,0,0,0,0,0,0,0,0,0,0,0,0,6
0.555555555555556,0.555555555555556,0.555555555555556,6.94369608009225e-29,0,0,0,0,0,0,0,0,0,0,0,0,6
0.555555555555556,0.555555555555556,0.555555555555556,6.94368065791595e-29,0,0,0,0,0,0,0,0,0,0,0,0,6
1.38888888888889,1.38888888888889,1.38888888888889,2.77747226316638e-28,0,0,0,0,0,0,0,0,0,0,0,0,6
1.38888888888889,1.38888888888889,1.38888888888889,2.77747843203690e-28,0,0,0,0,0,0,0,0,0,0,0,0,6
1.38888888888889,1.38888888888889,1.38888888888889,2.77747843203690e-28,0,0,0,0,0,0,0,0,0,0,0,0,6
1.38888888888889,1.38888888888889,1.38888888888889,2.77747226316638e-28,0,0,0,0,0,0,0,0,0,0,0,0,6
4.16666666666667,4.16666666666667,4.16666666666667,4.55061055597180e-28,0,0,0,0,0,0,0,0,0,0,0,0,6
4.16666666666667,4.16666666666667,4.16666666666667,4.55062066304926e-28,0,0,0,0,0,0,0,0,0,0,0,0,6
4.16666666666667,4.16666666666667,4.16666666666667,4.55061055597180e-28,0,0,0,0,0,0,0,0,0,0,0,0,6
4.17000002331204,4.17000002331204,4.17000002331204,1.32805439836559e-27,0,0,0,0,0,0,0,0,0,0,0,0,6
4.16666666666667,4.16666666666667,4.16666666666667,4.55062066304926e-28,0,0,0,0,0,0,0,0,0,0,0,0,6
2.22222222222222,2.22222222222222,2.22222222222222,8.86618523687387e-28,0,0,0,0,0,0,0,0,0,0,0,0,6
2.22222222222222,2.22222222222222,2.22222222222222,8.86620492900526e-28,0,0,0,0,0,0,0,0,0,0,0,0,6
2.22222222222222,2.22222222222222,2.22222222222222,8.86618523687387e-28,0,0,0,0,0,0,0,0,0,0,0,0,6
2.22222222222222,2.22222222222222,2.22222222222222,8.86620492900526e-28,0,0,0,0,0,0,0,0,0,0,0,0,6
2.22222222222222,2.22222222222222,2.22222222222222,8.86620492900526e-28,0,0,0,0,0,0,0,0,0,0,0,0,6
40,40,40,0,0,0,0,0,0,0,0,0,0,0,0,0,6
40,40,40,0,0,0,0,0,0,0,0,0,0,0,0,0,6
40,40,40,0,0,0,0,0,0,0,0,0,0,0,0,0,6
40,40,40,0,0,0,0,0,0,0,0,0,0,0,0,0,6
40,40,40,0,0,0,0,0,0,0,0,0,0,0,0,0,6
40,40,40,0,0,0,0,0,0,0,0,0,0,0,0,0,6
40,40,40,0,0,0,0,0,0,0,0,0,0,0,0,0,6
40,40,40,0,0,0,0,0,0,0,0,0,0,0,0,0,6
60,60,60,0,0,0,0,0,0,0,0,0,0,0,0,0,6
60,60,60,0,0,0,0,0,0,0,0,0,0,0,0,0,6
60,60,60,0,0,0,0,0,0,0,0,0,0,0,0,0,6
60,60,60,0,0,0,0,0,0,0,0,0,0,0,0,0,6
60,60,60,0,0,0,0,0,0,0,0,0,0,0,0,0,6
60,60,60,0,0,0,0,0,0,0,0,0,0,0,0,0,6
60,60,60,0,0,0,0,0,0,0,0,0,0,0,0,0,6
60,60,60,0,0,0,0,0,0,0,0,0,0,0,0,0,6
15.7522201538086,21.0422261555990,18.5422261555990,2.19057050931861,0,2.41365145845549,0.000933296970088046,0.0490642535623289,34,34,34,0,0,2.16000556945800,0.0449975331624763,0.0962392722420151,8
14.0222083197700,16.6872162289090,15.6722323099772,0.197903321025282,0,1.39447525578387,0.00209976976813468,0.0221494622875724,109,109,109,0,0,1.67001512315540,0.0674962997436737,0.0657292416702140,8
43.2622273763021,62.3322041829427,48.4422217475043,14.3623861679949,0,75.6815220567793,0.112640124142270,14.5489888811503,165,165,165,0,0,12.8325080871582,0.487518310546882,0.920023721427994,8
55.7222196790907,77.0222049289279,56.9322119818793,55.0774289809602,0,77.3714615560983,0.0357303576526738,11.0019331173872,203,203,203,0,0,13.1624857584636,0.269991556803376,0.549952146527900,8
15.7972176869711,21.0622151692708,18.5122299194336,2.20126922111516,0,2.51807044524292,0.000933212335433552,0.0531243664319130,34,34,34,0,0,2.36251831054688,0.0449975331624763,0.0975882648934697,8
13.9722209506565,16.6622225443522,15.6772221459283,0.192297891066982,0,1.56642830360293,0.00209976976813972,0.0302611763433171,109,109,109,0,0,1.76998774210610,0.0674978892008245,0.0756341523747506,8
42.5022167629666,62.3622300889757,48.4422217475043,14.1501616939610,0,69.6368543841549,0.113740229548946,13.9671117917287,161,161,161,0,0,12.3449929555257,0.480012893676744,0.929972803922747,8
54.7622256808811,76.9422149658203,56.9372134738499,55.5042567178616,0,75.7573874919046,0.0384309799305007,10.3779265783194,198,198,198,0,0,13.0499903361003,0.279998779296896,0.530874700665116,8
19.9066543579102,23.9766608344184,22.1766747368707,0.890325760728864,0,1.24822164451667,0.00223287197625975,0.0155131549288952,93,93,93,0,0,1.58001369900180,0.0674978892008227,0.0392816911240637,8
21.7672178480361,24.4372325473362,22.7972178988987,0.438394262744608,0,3.59117355554988,0.000233303083858364,0.0264824285781050,149,149,149,0,0,2.67999013264970,0.0225003560383463,0.0166439154548015,8
22.0872116088867,24.1522132025825,23.1422042846680,0.407111822612879,0,0.0288049806840658,0.000199780333787700,1.96192061921994e-06,158,158,158,0,0,0.240020751953100,0.0199890136718999,0.000235496264635951,8
16.4716476864000,23.1423144870000,17.7967802683750,4.69075181247575,0,9.37330116350193,0.00430089201097043,1.18068401520542,124,124,124,0,0,4.16541947260000,0.0975100199250036,0.343046191770774,8
72.6480712890625,78.6426696777344,75.5913581848145,3.30553709525868,0,0.0524995494634097,0.00583300858852300,7.06382584105891e-05,199,199,199,0,0,0.324035644531307,0.108016967773473,0.00436358339042643,8
20.5922169155545,22.2572241889106,21.2622155083550,0.113249939016219,0,0.00643372533190555,0.000233416241467400,1.25830544985971e-06,17,17,17,0,0,0.120004018147799,0.0225003560384280,0.000616130498063505,8
20.4422230190701,22.1822102864583,21.1822128295898,0.122130466459521,0,0.00999791481423732,0.000400154032398201,2.69954809812280e-06,19,19,19,0,0,0.149984359741197,0.0299962361652995,0.000911375782782159,8
20.3372107611762,21.8222257826063,20.8522245619032,0.120700644483481,0,0.0552334896791314,0.000399560667573340,2.46021401835651e-05,20,20,20,0,0,0.352500279744451,0.0299835205077734,0.00167907742852359,8
20.3372107611762,21.7922295464410,20.8322058783637,0.113345278607987,0,0.0530308344314673,0.000233409148156625,2.49460827353476e-05,24,24,24,0,0,0.344991683959950,0.0225003560384245,0.00166346634787604,8
13.7013710869683,16.4916504753961,14.6014616224501,0.301652049694618,0,5.58524969376116,0.0709973224609979,0.372652762217123,206,206,206,0,0,3.13531398773197,0.381287468804213,0.289790046165321,8
17.9872194925944,21.1422051323785,19.9522315131293,1.03917604402354,0,0.342624472457090,0.000633881074030018,0.00121560953032291,29,29,29,0,0,0.877488454182977,0.0375143686930493,0.0156911363687927,8
21.4472262064616,22.2072219848633,21.8872133890788,0.0356409398644654,0,0.00569954461925099,5.01146761378059e-05,3.79795378254797e-07,22,22,22,0,0,0.112495422363303,0.0100114610460018,0.000306619388131325,8
5.22052341037000,7.48074849447000,6.49565060933500,0.307619557321171,0,1.02265410055678,0.00245042370381730,0.0138102399109439,129,129,129,0,0,1.52515305413000,0.0700060526500002,0.0348634409959453,8
11.9863277011000,16.2744204203000,15.4278945923000,0.124787202939949,0,6.44397780557154,0.0156992867688261,0.188436030186475,189,189,189,0,0,4.29503440860000,0.184019406675001,0.0953777749940844,8
4.81793509589500,6.92553626166000,5.32182481553500,0.0909720752587136,0,0.958998062620782,0.000271774984422177,0.00505625250781195,182,182,182,0,0,1.36831283569000,0.0228786468499997,0.0145857837833997,8
17.4072180853950,19.6622212727865,17.9472192128499,0.210476510278457,0,0.00999791481423732,0.000433464803582162,1.38922702652599e-06,38,38,38,0,0,0.149984359741200,0.0300057729085488,0.000672849343330709,8
16.3322067260742,17.4622111850315,16.9522306654188,0.0578755721205372,0,0.0122336121795788,0.000433500136888929,1.79062968504593e-06,62,62,62,0,0,0.165001551310201,0.0300057729085506,0.000655931890977416,8
12.0212046305000,16.1816194322000,15.2515263028000,0.131079634356150,0,6.47232994256140,0.0229046809530024,0.138741949846912,193,193,193,0,0,3.61036088735000,0.217521985350000,0.0949952062801944,8
4.97049755520000,7.21072090997000,5.47804832458500,0.0899590361863135,0,1.25488594557903,0.00263378874332132,0.00805049010801967,192,192,192,0,0,1.46264712015750,0.0750080744399995,0.0189904049650462,8
11.5891106923000,30.0509601169000,16.3195843167000,21.6946102477312,0,65.5643822905275,0.369874889925193,55.5919762367476,184,184,184,0,0,11.8511856927000,0.870087941474999,2.89725052388504,8
20.3391011555990,23.9759741889106,21.7271794213189,0.236947237636548,0.329884231493433,12.8580811534599,0.822578006965233,1.96305790956802,624,624,624,0,0.684083302815751,6.94464153713650,1.65282991197380,0.630422643743374,8
12.0142279730903,24.1124810112847,21.6090763939752,2.77599421776446,0.00240958078501973,37.1613590301416,0.674674099375220,42.5171511666535,663,663,663,0,0.0125757853190009,11.2185986836751,1.49214214748805,4.33009767126713,8
16.1816194322000,19.0819083320000,16.6716681586000,0.485976844883824,0,0.594168906746583,0.00605127943363532,0.00242594824929350,169,169,169,0,0,1.09010908330000,0.112511316975002,0.0237295435458813,8
13.7013710870000,16.5416569180000,14.5864592658000,0.295264222864292,0,4.41133234707480,0.0684634062003500,0.324373848656220,212,212,212,0,0,3.02280108135000,0.367536544800002,0.296176587319881,8
9.73497390747000,10.3550370534050,10.0000021192550,0.00209736981502981,0,0.266502268803807,0.00223383260420077,0.000255116431242274,210,210,210,0,0,0.730071597589999,0.0675074259675004,0.00340736875161137,8
9.75772751702000,10.2177725898000,10.0127516852500,0.00472725077234834,0,0.105821221968099,0.00670134945398150,0.000121425087532430,214,214,214,0,0,0.460046132400001,0.120011965424998,0.00495170247373734,8
4.99549971686500,6.48064825270000,5.50054974026000,0.0836056813341938,0,0.570539181748348,0.00113358585241604,0.00207965725124724,157,157,157,0,0,1.20512008667000,0.0500043233199996,0.0105015671231676,8
4.82048246596000,11.5611584981000,5.60056050618000,3.31200632734533,0,20.8054215421573,0.00320072296802997,2.59405308369333,149,149,149,0,0,6.45064671830000,0.0800090365949999,0.389586651541784,8
13.0013020833000,16.8416860368500,15.9265942043500,0.158932348619442,0,2.60332325116521,0.00130020363038422,0.0395980297118771,136,136,136,0,0,2.16021696727500,0.0525045395249997,0.0449856046131963,8
12.7212736342000,13.1113115946000,12.9312939114000,0.00565179633733517,0,0.105721141071104,0.00490101696579138,9.81252486556705e-05,214,214,214,0,0,0.457545916200001,0.0975100199999996,0.00376490533260630,8
12.6112620036000,13.1463156806000,12.8812874688000,0.00408997798771787,0,0.0520437167378930,0.00223383260896797,3.70821569811114e-05,199,199,199,0,0,0.365036858449999,0.0700039334000007,0.00251496651289238,8
6.90018971761000,21.6866705152500,10.1355139414250,25.3414850510196,0,57.0426022466122,0.00760152629454281,16.8214755808584,153,153,153,0,0,10.6810675727300,0.125013457400000,1.40581394802748,8
18.0791388617622,21.5776740180122,20.7852469550239,0.204501147789692,22.6079938622050,65.2184146269924,28.0622778727110,81.8646351296611,30733,30733,30733,0,3.40119149949817,8.69769202338320,4.19353697035049,0.566762574243073,8
9.80220794677734,10.3472211625841,10.0047222773234,0.00244534522103858,0,0.304198056033348,0.00223304501230551,0.000330485239446616,197,197,197,0,0,0.779997507731080,0.0674978892008156,0.00389005872818763,8
9.77721320258247,10.2172162797716,10.0072246127659,0.00526626112724410,0,0.211245206224273,0.00719946493506641,0.000176021816736463,208,208,208,0,0,0.649992624918580,0.119995541042782,0.00530003046558334,8
6.95221689012316,21.6822285122342,10.1672278510200,25.3203962681661,0,66.0099475332021,0.00820042559895760,18.3979905801557,161,161,161,0,0,11.4899910820855,0.130004882812500,1.42711590355157,8
16.6222148471408,24.5122273763021,21.9422234429253,4.22394673791683,0,3.13346797970388,0.00456691966285112,0.0810810518226412,131,131,131,0,0,2.79498312208390,0.0975036621093750,0.0925321681598856,8
14.1872172885471,27.3922008938260,18.4422217475043,7.55828912899559,0.000200458704551152,168.864891538975,0.188283724144239,116.122689920757,398,398,398,0,0.0200229220920001,8.68499755859375,0.722497304280614,1.38309836202370,8
21.7622290717231,34.5622168646918,31.0722096761068,15.5152917012603,0,35.8812665028981,0.247216333791802,16.5772595763781,135,135,135,0,0,8.36249669392905,0.727500915527326,1.50874801861402,8
21.3722144232856,36.4222335815430,29.6322250366211,14.0526357062186,0,48.6889709462040,0.285104099140591,27.4064013766154,117,117,117,0,0,10.4549757639567,0.798753102620440,3.14924101190216,8
17.0217047797000,17.6017602285000,17.3617384169000,0.0113679832784716,0,0.0496427647428722,0.00191699460493978,3.28273021373107e-05,191,191,191,0,0,0.300032297750001,0.0650066799250002,0.00314629764419265,8
21.3271331787500,30.8930884467000,22.9272927178500,4.65133993914465,0,2.99363382128425,0.0364485235077578,0.105445218055845,189,189,189,0,0,2.28773117070000,0.270026524875002,0.113652071796831,8
18.2440270318000,23.3195347256500,21.4193450080000,0.868903149682227,0,1.67103488179858,0.00130014004688666,0.0159587328244950,90,90,90,0,0,1.73267364502500,0.0525029500500018,0.0444455380025386,8
9.31093215942000,28.8228861491000,15.0415060255000,22.6659474089067,0,75.1688499254483,0.253485753121229,61.3731105176440,168,168,168,0,0,12.8812885284000,0.735076268474998,2.88035735962750,8
6.61220550537109,30.3172217475043,10.1622242397732,70.9490669473560,0,158.088351002355,0.292869770573418,331.377960441509,126,126,126,0,0,16.7625045776367,0.776252746582046,6.54977402493544,8
5.87221569485135,8.46721649169922,6.87221527099609,0.425400097398202,0,3.45846284180880,0.00641690392572688,0.0444261493852219,142,142,142,0,0,2.63000488281250,0.116248925526937,0.0778560551177756,8
21.1346054077500,22.6604800754000,21.7327499390000,0.101518548433857,0,0.0670552253723145,0.000596046447753906,6.97131414450041e-05,50,50,50,0,0,0.384518305424997,0.0366210937500000,0.00374085190553109,8
12.3112318251000,20.4720475939000,18.8018820021000,0.905354733025860,0,70.7001897158785,0.000800138351981138,20.7337667307007,93,93,93,0,0,11.8911891512900,0.0400034586999993,1.23417916456708,8
15.1422331068251,39.8222266303168,21.0347196790908,10.7746842671629,0.00513776840314793,185.174423116427,6.62022124977280,1422.01138922104,524,524,524,0,0.0800196329753007,24.8800044589573,4.59498617384170,35.0314942886341,8
23.6972279018826,67.3622300889757,42.7247132195367,88.2181826829919,0.597308259045304,172.236691753489,57.1137843500260,1127.63528182718,520,520,520,0,0.100008646647098,20.1899719238281,13.7099880642361,30.6310416164825,8
24.3322075737847,29.7772132025825,27.6872242821587,1.15788929363540,0,0.344639681490414,0.00566749131319130,0.00107078506690461,37,37,37,0,0,0.877507527669231,0.112495422363299,0.0167194656226820,8
23.9222335815430,30.3622182210286,27.1922217475043,1.81536062146155,0,0.126430049133545,0.00209968500323130,0.000272992201851062,44,44,44,0,0,0.532493591308572,0.0674978892008262,0.00865003087836482,8
5.62056223551500,15.5915609995500,7.55825625525500,7.72114858741315,0,36.2173042008226,0.0144528592991822,8.00347468388812,116,116,116,0,0,8.51085238984000,0.170016818570000,0.740039551600662,8
70.0738143920898,90.3978424072266,73.2691307067872,14.8292531935918,0,120.118141272222,0.00302498079448028,165.687323228387,116,116,116,0,0,15.4995574951172,0.0810127258300497,4.12951817988920,8
60.2715894911000,85.4416741265000,62.1933449639500,79.3123147189953,0,119.188094171999,0.0375362797921535,34.1972839210090,187,187,187,0,0,14.8166486952000,0.280405680299992,0.943258298340983,8
86.5272649129500,87.5173441569000,86.8231964111000,0.0357298795045195,0,0.207721193768718,0.0141224537150467,0.000608412794338778,212,212,212,0,0,0.664958953875001,0.170904795300004,0.0108719529785600,8
31.1822128295898,58.1222110324436,46.3072098626031,19.7044133162667,0,49.5785299868470,0.0764330515764522,19.8080870562760,120,120,120,0,0,9.50999577840173,0.397500991821296,1.58953912555541,8
20.4822285970052,31.4522298177083,27.4722205268012,6.76118694931321,0,2.77461556694632,0.0210341732815406,0.0866228729395222,47,47,47,0,0,2.49749183654783,0.209999084472674,0.141089721348887,8
18.6022271050347,25.7572237650554,21.2422243754069,1.11102039080996,0.000333165061656491,5.16061595985838,0.812018594615122,1.09904873710009,567,567,567,0,0.0299983554416521,4.06002044677735,1.37251218159990,0.913857823304553,8
47.5247552660000,65.6965806749000,50.0750096639000,28.2660631266952,0,13.7621894976477,0.0512102110370578,1.07414606170690,171,171,171,0,0,5.31052907302500,0.325033399800006,0.331008762689406,8
52.3722118801541,77.2822146945529,57.3122151692708,62.7709459971244,0,85.5241467186238,0.0546710083796349,15.2207626114876,191,191,191,0,0,13.7849998474121,0.333754221598312,0.805548021198831,8
26.9322119818793,49.5622168646918,38.7022315131293,26.5137685007767,0,23.7481896093685,0.0156999176591857,2.70801457711948,110,110,110,0,0,7.11000760396320,0.179993311564125,0.500732090834769,8
21.1722310384115,68.5422261555990,36.3422139485677,149.840635796339,0.00158647204406386,1004.86521613784,233.417646978925,28038.6835779123,586,586,586,0,0.0400076972113972,46.8399937947591,27.7399910820855,136.718912722817,8
58.2458326552000,81.4081488715000,60.0060017904000,60.7529259951801,0,116.631994192608,0.125856578635216,33.4155555617770,215,215,215,0,0,14.6489715576000,0.517552693649989,0.789048347762546,8
14.6322250366211,47.7822155422635,22.7372190687392,107.361991397881,0,169.980019925637,0.0218981076134949,376.939232761510,66,66,66,0,0,18.7949991226196,0.213729540507037,8.48681316627407,8
26.2322319878472,70.2522193060981,44.1772206624349,115.393680714675,0,251.167481990603,0.0830104025660653,679.832000300581,88,88,88,0,0,20.5949910481771,0.412500699361168,7.02285220841377,8
58.5158538818000,81.3281334771000,60.0460137261000,60.7220520918223,0,88.2174183540896,0.123676068134590,22.1861806536576,217,217,217,0,0,15.0865046183500,0.495052337624998,0.810278418785991,8
34.3034320407000,52.7952829997000,49.2549281649750,30.3709696659576,0,1.44082354933872,0.00543427297711924,0.0108923488738346,89,89,89,0,0,1.77017847697500,0.105012257924997,0.0356568484338123,8
38.7238735623000,63.7863837348000,60.7460784912000,91.5835278083395,0,2.35316202567980,0.00840149508946106,0.0229504219022014,93,93,93,0,0,2.28772481287501,0.135008494049998,0.0434306122723080,8
29.2509384155273,39.9702072143555,30.1283187866211,12.0024008798953,0,26.5658856370329,0.100408215075725,1.59624148177396,212,212,212,0,0,6.75200271606443,0.457763671875000,0.160711189624782,8
47.9147932265000,65.3365368313500,49.9449963040000,27.9450603479314,0,18.4868604026160,0.0414406966522078,1.65155084899082,166,166,166,0,0,6.08060201009999,0.296279589337502,0.421249195070485,8
47.8397835625500,81.6281721327000,59.7409778171000,130.186782298371,0,117.201451631402,0.0480849566992902,36.6448038348298,154,154,154,0,0,14.7689755757250,0.315030415837498,0.936282446266875,8
31.0438461303711,35.6214752197266,32.0356636047363,1.24811911335977,0,2.73429759545740,0.0916764111049451,0.0405497901388160,214,214,214,0,0,2.20298480987550,0.429153442382852,0.0832996975805904,8
20.7822163899740,58.3172183566624,22.2872151268853,19.5300096776809,0.000466323615035680,439.690193922490,0.449446750887251,3743.41517031908,616,616,616,0,0.0299835205078516,39.3625164031982,1.14001592000325,51.5504914823609,8
20.8622360229492,66.1672125922309,22.4347220526801,43.3262123282695,0.000429841347345282,584.170151033664,0.735300024698325,7888.37325450685,624,624,624,0,0.0349966684976479,44.4749980502658,1.43499798244900,75.4769127756534,8
16.9472440084000,23.1578678555000,18.4573957655000,3.29449504750421,0,4.02119863521614,0.00523435849233810,0.217694084926843,114,114,114,0,0,2.76027361552500,0.105010668412501,0.197008720625152,8
13.1679185231500,27.6393636068000,18.5384538439000,7.70286263966781,0,56.1912210439694,0.201572093453665,14.2313672449821,176,176,176,0,0,10.6010585362000,0.642565091425000,1.21538664560819,8
5.03221935696072,34.9022123548720,10.7772286732991,112.870150057444,0,345.056105715859,0.722940845687808,1488.86684810383,140,140,140,0,0,26.2699868943956,1.22999986012777,14.3288613106924,8
1.96221245659722,8.16722763909234,5.98722034030491,1.93236719610647,0,24.8817523759544,0.0301151214885609,16.6515783029748,143,143,143,0,0,7.26001580556235,0.251243909200035,2.20779693106158,8
60.4810545179500,86.3986460368000,63.1663258870000,82.6760080900322,0,134.995333398871,0.0480602808938735,36.1115256778234,194,194,194,0,0,17.8917863633500,0.310033162499998,1.10002542419140,8
86.6586727566000,87.6387659708500,86.8836932712000,0.0295843302789904,0,0.198072314824269,0.0162020386361328,0.000658322085442908,184,184,184,0,0,0.667565663700003,0.180015563950008,0.0124134298402167,8
19.4219419691000,21.0671064589000,20.0195026398000,0.142347291932409,0,0.0312559342566967,0.00125032215075359,6.64321740396562e-06,89,89,89,0,0,0.250023735900001,0.0500064426000009,0.00137458962457641,8
20.2050209045500,21.9351959229000,20.8400853475000,0.148761876286061,0,0.0338069475049745,0.00250043235518848,1.64250770848242e-05,150,150,150,0,0,0.260026719800003,0.0750064850250034,0.00190557839660913,8
19.8369852702000,25.1125123766000,23.0473052131000,1.56576261726528,0,1.02776468440530,0.0108361253065307,0.00842343905920709,172,172,172,0,0,1.72517352635000,0.150015089300002,0.0322665799757431,8
18.0272123548720,23.8272158304850,21.7397223578559,1.20148535373361,0,1.94471349458597,0.00500086470210231,0.0203263842634374,123,123,123,0,0,1.83000246683761,0.100008646647201,0.0415273643309890,8
18.0474048191000,23.7979804145000,21.7077721490000,1.18326070130829,0,2.02643427294681,0.00583448344732584,0.0213216825674102,126,126,126,0,0,1.86768531802500,0.112511316899997,0.0412648825210544,8
17.3282835219000,30.1195653280000,19.1084586249000,10.0140802469146,0,40.6973724003986,0.0547938319885596,23.8120411820411,176,176,176,0,0,8.67836634322500,0.337537129724998,1.43708122180368,8
21.4421463013000,24.4524468316000,22.8022808499000,0.839597860524200,0,0.00980169481526944,0.000200034587495286,2.77670257868607e-07,19,19,19,0,0,0.140012105300002,0.0200017293000023,0.000223157121810897,8
4.98549885220000,7.33073340522000,5.50054974026000,0.0939677720611102,0,1.49674913028624,0.000633442862168401,0.00859783873935363,132,132,132,0,0,1.73017289904000,0.0375032424899988,0.0201029709297706,8
20.9220949808500,22.1422153049000,21.5946621365250,0.0699048446342054,0,0.217843261848075,0.0312569939912835,0.00121268512746064,226,226,226,0,0,0.660065545000002,0.255027347124997,0.0162066394586670,8
20.6720691257000,21.7921829224000,21.2071228027500,0.0544394736753045,0,0.328115316952936,0.0540439778225147,0.00368950981415015,220,220,220,0,0,0.810080634199998,0.330032772450004,0.0290417312877592,8
20.9520975749000,25.3225347730500,21.7921829223500,1.01162718471170,0,1.77545501378768,0.00229215836616928,0.0235070894482280,153,153,153,0,0,1.89018885292500,0.0700039333999989,0.0469166854532918,8
21.9576009115000,24.1878212823000,22.3976431953000,0.396915028828836,0,0.616424895447224,0.00605127943363532,0.00380262226359295,183,183,183,0,0,1.17761929830000,0.112511316974999,0.0225018322589548,8
21.2835608588325,22.0503764682346,21.5956624348958,0.0382341071797743,0,517.188851073773,0.000120536570936581,1188.66308888261,46,46,46,0,0,29.5531527201334,0.0164572397867975,3.87849197727525,8
18.4822294447000,20.5422295464000,19.4547261132000,0.161019546111384,0,482.729868913679,0.00103311646191276,1034.09642580072,86,86,86,0,0,28.5750039418500,0.0449991226125004,3.61252423429974,8
28.2622273763021,46.5922122531467,33.8522254096137,11.8957861366727,0,53.0484586491573,2.02089831611022,51.0104474083196,145,145,145,0,0,9.96750513712567,2.00999259948735,3.18511244111554,8
41.7022323608398,56.5622117784288,43.7522167629666,19.6339289901893,0,35.7154427349622,0.0675994832664809,3.90287505200559,174,174,174,0,0,7.82998085021978,0.367514292399157,0.410632761799705,8
22.2622299194336,49.2622290717231,44.4922150505914,39.4656341737709,0,106.092121530283,0.0538259687918660,69.9437227402103,295,295,295,0,0,18.5600280761718,0.321242544386166,4.17010785628247,8
40.1172256469727,68.4022098117405,52.0122273763021,38.1269693838908,0,52.4747712520806,0.0500514985505653,12.1988195599837,335,335,335,0,0,13.9300198025173,0.285006629096099,1.25361240089711,8
23.9322111341688,55.1022254096137,42.4297226799859,42.2382328926449,26.2979574091023,273.461761035286,103.780751364721,1535.95072358215,1388,1388,1388,0,2.36999511718750,28.6300065782335,8.83375061882864,30.3307584050919,8
23.8922034369575,68.7222205268013,50.4947174919976,98.4591369592979,31.3591841575178,525.098809835505,153.351298320995,8407.65056719338,1375,1375,1375,0,0.990005069308850,47.0950020684136,19.3899944093492,133.300358154724,8
6.17165565490723,29.7566604614258,9.49166297912598,69.9291917144220,0.000633089683391494,123.055542534972,0.494921362846700,214.375472460715,245,245,245,0,0.0374921162923521,23.3000161912706,0.953750080532534,8.36450885667389,8
5.33722665574816,34.9022123548720,10.4122241338094,113.145047757440,4.97757782012826e-05,229.614682836635,1.30153277679217,753.279299340307,259,259,259,0,0.00997755262589806,28.1900003221300,1.36752472983465,14.7777923797910,8
4.76110458374023,7.08610110812717,5.73860486348470,0.415144092677411,0,2.14575219218621,0.0209282876666994,0.0249678817475651,354,354,354,0,0,2.05999798244901,0.190002653333880,0.0690851210603595,8
2.12221569485135,8.16722763909234,5.86721844143338,1.59748869309650,0,16.1782974163541,0.795692828095318,8.36445510144179,373,373,373,0,0,7.73000929090713,0.913750330607098,1.88796037509993,8
-6.36563724941678,15.0215021769206,2.94529491000706,30.4618365904113,0.00130022482254436,31.3653744017849,0.0458839905775477,12.9065768767910,504,504,504,0,0.0525045394897496,10.6510649787055,0.303780767652724,1.89671256115517,8
-6.41064114041000,15.1215129428500,2.97529750400000,30.6634373398690,0,69.1626529234512,0.0288056165259449,28.6436721541256,150,150,150,0,0,11.7611779106900,0.247524579333750,1.89033857115927,8
-3.20532057020399,16.9416957431369,9.35093561808268,26.4386863573824,0.000400069176168576,38.9633921442929,0.00897761178856486,8.55678085740898,416,416,416,0,0.0300025939941744,12.8112816810608,0.145014656914605,0.925773080121410,8
-1.07510725657145,17.1717177497016,5.73557376861572,25.4164699509384,0.000633499382682535,17.5087723913542,0.0122508578230549,1.92144376537469,414,414,414,0,0.0375048319498650,7.98579957750111,0.177517202165366,0.418502656211907,8
5.56055704752604,17.6717673407661,8.84088516235352,13.5435803139265,0.000200034588083666,34.7139833514600,0.0190226550819962,14.3353176169460,338,338,338,0,0.0200017293294188,11.0011000103421,0.205020904541035,1.71751193583302,8
8.10618930392795,10.0148667229546,9.05946095784505,0.110467518595625,0,0.100605785909290,0.000943684054570066,5.21742494349134e-05,125,125,125,0,0,0.473688443501791,0.0440239906311035,0.00304042032067025,8
8.08596293131510,10.5841477711996,9.25806045532227,0.160311079697707,0,0.548540414162301,0.000506609632696360,0.00170581391900356,120,120,120,0,0,1.04741626315644,0.0317827860514335,0.0141203496021965,8
9.75003878275554,13.7480396694607,10.8872159322103,1.17372778196322,0,0.886685732164468,0.00184190262619343,0.00299425879113545,130,130,130,0,0,1.25195503234861,0.0609599219427999,0.0110658278059093,8
7.69834836324056,14.3146345350477,11.3600762685140,2.05446421135566,0,2.12371053755828,0.0120729015718618,0.0475368502454827,179,179,179,0,0,2.05325444539386,0.158960024515784,0.0672898003453364,8
7.36113654242622,10.4054196675618,9.13983874850803,0.269397780479527,0,0.802205256799079,0.208456962287460,0.0244066996368323,318,318,318,0,0,1.26665327284074,0.629982948303224,0.0669590424324141,8