461.575897216797,461.575897216797,461.575897216797,3.29101082829981e-27,889.325391163838,889.325391163838,889.325391163838,3.29101082829981e-25,1
410.887634277344,538.572875976563,428.221588134766,897.778980339741,0,393.925915163015,3.25838724772135,4209.64011029991,1
425.047760009766,500.975280761719,450.682464599609,560.334616148173,0,94.0157175076530,14.5831505463773,493.496158163904,1
419.432525634766,511.717422485352,451.659019470215,870.605465617028,0,156.639814379319,8.86117418622626,491.484603246265,1
399.704589843750,470.505187988281,426.254760742188,447.881664618956,2.60770320892334,264.122150839606,37.3767192189907,3305.93922053291,1
396.682434082031,543.651062011719,435.992095947266,1240.38604197332,0,615.666707601400,6.52163275796900,4088.33206664067,1
424.803619384766,501.463562011719,448.363121032715,582.333389956045,0,157.593816520029,13.5003477341189,855.192526941380,1
417.479400634766,510.740875244141,450.194183349609,907.378594108406,0.119209289550781,69.2202746880573,7.03330338016798,270.711982950501,1
397.873535156250,477.524200439453,428.543579101563,484.917138118804,0.186264514923096,419.590572517350,47.3577529191971,6794.10901738143,1
410.887634277344,540.526000976563,429.930572509766,918.406601993509,0,493.762061003894,4.41070646070896,5972.00636963145,1
418.583770751953,568.985504150391,473.238891601563,1896.73133785400,1.82065932319188,19164.9293624133,27.3070521857578,6637731.32084362,1
454.935836791993,520.761413574219,479.105834960938,241.599744686864,9422.77662555977,15726.1315677210,11222.1017535935,2702045.25243338,1
395.439926147461,554.003417968750,446.596504211426,1597.92686353270,0,164.922935495156,11.2815399193194,948.992853271287,1
461.138305664063,597.234741210938,529.372436523438,1983.32460545365,0.276532099117270,505.288568036001,12.9514533231645,8637.12622359187,1
428.300003051758,539,474.300003051758,1454.07915888872,0.0199902355670929,90.2666585287032,8.81314778824532,333.730826387942,1
397.375000000000,521,444.156242370605,1425.21685227655,0,93.8489570620780,5.63285573428325,307.989102567354,1
433.158966064453,723.200622558594,483.092880249024,4826.95033248224,0,2234.62068114057,8.82095517870153,96872.1619599362,1
108.976418748428,120.652463614331,116.760448659030,12.3002940874054,0,121.182243298293,0,348.913086713786,7
70.0562691954178,77.8402991060197,70.0562691954178,3.66256605356467,0,30.2955608245725,0,33.3519862299926,7
108.976418748428,120.652463614331,108.976418748428,5.00162560783050,0,60.5911216491466,0,113.204337876808,7
62.2722392848158,70.0562691954178,62.2722392848158,6.71117594786146,0,30.2955608245733,0,194.980842575351,7
15.5680598212039,70.0562691954178,62.2722392848158,245.032020254094,0,868.472743637764,0,13964.0775509026,7
23.3520897318059,54.4882093742138,46.7041794636118,66.7783177714252,0,262.561527146300,0,1309.02982706334,7
424.750395108501,424.750395108501,424.750395108501,2.66571877092284e-25,112508.286276115,112508.286276115,112508.286276115,7.76446868316442e-21,7
123.395101006708,141.654719959292,134.799160518415,11.8833380426020,13991.7269806383,17567.5090481530,14855.3078232770,804568.937867590,7
689.500119294211,708.000136792771,702.000120283368,14.9983296477563,0,197.583540984801,1.99998131259462,760.673883647670,7
676.000137823775,699.000119452096,692.000152155132,17.1317502754891,0,242.000351865930,1.99998131259372,1253.43289707895,7
0,509.000086600677,499.000073931865,27004.2234193519,0,80400.5227266297,2.33335607202292,137063414.478700,7
0,157.000031130856,141.500021886997,2096.47241626638,0,2884.00119491954,2.00001100628415,279160.600858483,7
29.0386445112007,324.429639096409,289.861311715976,5995.29073412872,36709.0129211927,74393.8072336077,42877.2340127082,80161370.5000901,7
0.614677231306217,609.605791056920,202.013612162587,32378.9009476308,1.13502482694084,61956.5293252518,45914.6757804527,381270619.765169,7
2554.26986144399,3570.00677948869,2982.39043755326,46992.6761896485,68330720.8501000,79756920.3217013,77154023.6727750,5402357102628.89,7
603.978486072978,620.378717360410,614.066420297811,14.9903192661735,0.128768319123299,72.8384889629630,7.77598237011021,237.558433229822,7
17.7571161954702,594.008538709129,580.852888487963,12633.7888094542,0.119487719546899,162179.998190694,7.14156411877612,848462339.483687,7
-0.914417695019762,426.451396358830,194.812262066360,6258.08991943204,389259.523900197,1309208.56325822,600979.121850753,61793463581.6827,7
520.362387646255,540.055973818088,527.523740298459,13.2873092859049,91743.7522084547,143673.213173845,134957.206624135,152271012.036637,7
20.0000030673373,20.0000030673373,20.0000030673373,3.21498029297620e-28,0,0,0,0,7
20.0000030673373,20.0000030673373,20.0000030673373,3.21498029297620e-28,0,0,0,0,7
20.0000030673373,20.0000030673373,20.0000030673373,3.21498029297620e-28,0,0,0,0,7
20.0000030673373,20.0000030673373,20.0000030673373,3.21498029297620e-28,0,0,0,0,7
1738.14303023590,2018.95890311155,1749.86953003695,2237.13052664833,0.264033670196160,3896.95353659090,25.0315239673652,299885.539624432,7
1036.81610851753,1093.67955354804,1070.97860496318,72.2055177307790,0.0560896838744163,325.316119110628,6.65691275386888,1948.96126172050,7
2443.42907942522,2919.20372216100,2497.19675201345,12388.7990446320,0.393809262986493,132443.808455974,56.5871864304175,241057544.472869,7
1306.56253244639,1650.87319587028,1340.21574966787,4769.64714151771,0.0273526576316812,24119.5769857443,44.6300555981878,14599182.0748038,7
2142.29112196066,2335.97922863435,2288.17853414156,4291.84403496402,0.277434199980739,9373.67621978168,20.1859765437633,1840131.62555611,7
1525.93951278211,1588.76440527395,1543.23806883678,213.213839039826,0.0476767862306187,91516.5824542002,37.2032977254617,154902352.462558,7
439.614291134571,553.278702313398,545.868574380245,771.747494769785,0.000573762348879233,3416.52365489037,2.16304567076292,408041.871780073,7
1925.74110220523,1964.14547979062,1943.93078168065,67.6476539858145,0.481372781539100,16514.3647620705,31.2492355055534,4934125.08482690,7
42.9547538757324,45.2406997680664,43.7438163757324,0.337224878517578,1.70695857380829e-05,0.0967482876779746,0.00243249058743088,0.000353975619321375,2
42.7970123291016,43.9173240661621,43.2454490661621,0.0770300019613650,0,0.0349859404571675,0.00159178257066142,5.39525025728283e-05,2
40.6031265258789,42.5289077758789,41.4195308685303,0.188937909342417,5.98061087652258e-05,0.182820718298912,0.00635395070154435,0.00171922800016057,2
43.2252693176270,44.5127792358398,43.9283981323242,0.138605996160593,9.11490205911893e-05,0.0207165606892326,0.00363311292312232,2.20256275520316e-05,2
49.8533859252930,86.9138412475586,83.8132553100586,69.6488784009401,0.000298023223876953,165.629331334033,0.136146942774455,517.842015487627,2
75.4521255493164,76.2761001586914,76.0548477172852,0.0360283862661432,0.000465661287307739,0.104773789644241,0.0118743628263474,0.000696597185106046,2
77.1190948486328,78.1872100830078,77.8515167236328,0.0582201078346690,0,0.225380063056946,0.0162981450557709,0.00184042309627031,2
83.7338638305664,92.9196319580078,92.7212677001953,5.56380032495690,0.000465661287307739,11.2680422608004,0.00589837630589803,3.58475646220009,2
44.5646438598633,65.8200836181641,60.8762435913086,21.1102793634572,0.000465661287307739,18.8130880707180,0.354208440228848,12.5427496700700,2
48.8452758789063,93.9654006958008,67.0337066650391,78.6337206879880,0.000465661287307739,86.9990478972272,0.0847477931723071,186.026484185673,2
35.7079429626465,35.7689781188965,35.7323570251465,0.000264284745702204,0,0.000298023223876953,0,1.73787531457746e-08,2
60,60,60,0,0,0,0,0,2
60,60,60,0,0,0,0,0,2
60,60,60,0,0,0,0,0,2
1.50000000000000,1.50000000000000,1.50000000000000,0,0,0,0,0,2
1.50000000000000,1.50000000000000,1.50000000000000,0,0,0,0,0,2
38.1562480926514,42.4124984741211,40.7125015258789,0.966378966679289,611.856033028733,751.442447052703,644.465011234690,757.049920052204,2
43.8094806671142,45.8103790283203,44.8541984558105,0.232736844520219,0,0.0705465081991747,0.00135863296357831,0.000103698789379467,2
42.5937500000000,50.0250015258789,44.5031261444092,3.21490047547096,0.00102865219135655,18.6697098080334,0.114872734549848,6.91626351760062,2
41.6437492370605,50.1312484741211,47.6718750000000,2.22139365995065,9.11013339637133e-05,3.70007953008953,0.0205860543283078,0.322721063491990,2
42.2866744995117,44.2344512939453,43.1543197631836,0.210220883138826,0.000156715985211809,7.99098335131324,0.00391925045551160,1.17931654305131,2
77.4319915771484,93.3468627929688,93.1942749023438,9.77730583843782,0,5.59435792579711,0.00403573115666707,0.636981326285055,2
40.6846275329590,44.5658988952637,42.2158842086792,0.963616894012427,0.000175766945177358,2.01692810703632,0.0304590090157329,0.0811665817861522,2
48.5354537963867,49.7866706848145,49.1229171752930,0.0915300267984765,0,0.0912663527124248,0.00791624188423157,0.000291789107363737,2
49.0776901245117,50.1458053588867,49.5354537963867,0.0647503484345083,0.000465661287307739,0.0980993111928304,0.00869234402974447,0.000267123136714626,2
45.0376663208008,70.5655517578125,50.7139129638672,42.7880499824789,0,4.51346750687414,0.0255337605873744,0.823908988558321,2
45.6638145446777,66.5835571289063,60.9988517761230,24.6894987952281,0.00186264514923096,6.79334295762754,0.104773789644241,1.13242585306287,2
42.0312500000000,45.3500022888184,43.8750000000000,0.573247240772849,7.81822309360968e-05,0.208606629375317,0.00363311292312667,0.000811152104092039,2
48.4899997711182,49.7849998474121,49.1000003814698,0.0951042443003564,0,0.202109348552740,0.00610853347947284,0.000847960063544552,2
49.1100006103516,50.0850009918213,49.5050010681152,0.0555949517565574,0,0.115733239746401,0.00660822575931563,0.000391428365493497,2
45.0225009918212,70.2450027465820,50.8650016784668,41.7758048319800,0,2.26403236084062,0.0183000747686832,0.209027087587472,2
35.7099990844727,35.7799987792969,35.7299995422363,0.000232506528372945,0,0.000312538148136632,0,1.68121379733851e-08,2
46.4872474670410,65.4691314697266,60.2658920288086,19.6564537894978,0.00570435076951981,16.5842306451573,0.337677677952656,10.2045679355885,2
41.0718784332276,44.1250038146973,41.7374992370606,0.599512721895677,4.34978278197456,9.75883343312998,6.62091239217465,1.17167572239931,2
40,40,40,0,0,0,0,0,2
40,40,40,0,0,0,0,0,2
40,40,40,0,0,0,0,0,2
40,40,40,0,0,0,0,0,2
40,40,40,0,0,0,0,0,2
39.7314949035645,46.7596626281738,42.5690155029297,2.42303304445007,0.000964875701174557,4.30939296358649,0.0889779367980432,0.351580116854240,2
31.0250015258789,51.2500000000000,35.3296880722046,25.3503660270562,1.95455577336910e-05,45.5850257921319,0.0260480348272932,20.8473141491867,2
43.1627655029297,45.1252784729004,43.7252693176270,0.225418831219389,7.80868576841342e-05,0.104083423619155,0.00485660871102861,0.000373757738902888,2
32.3906250000000,48.4375019073487,36.6062517166138,14.4342401662072,0.00249225807347276,33.3843038469984,2.03138007228022,27.9187506313791,2
40.7500000000000,43.0750007629395,42.0531272888183,0.477903070903121,1.95455577336910e-05,0.460013424555681,0.00220043182586394,0.00689901784505115,2
37.9437522888184,42.4812469482422,41.3562507629395,0.771558404796905,148.284600989692,249.837467715744,185.656398917730,519.841744531655,2
38.7377395629883,42.9815177917480,41.0127525329590,1.17463784714663,0.0291144021369645,6.11294619905435,1.52111390438711,3.17784098342175,2
30.9874992370605,51.0000038146973,36.5093765258789,21.7739958133537,0,20.6447566461624,0.0325843175305691,4.86749768130058,2
36.9624977111816,53.1937522888184,45.0312500000000,16.0300438684800,0.000989704135767777,23.0957977231347,0.576736965192459,19.9772473750680,2
40.4562492370605,52.8062515258789,46.3750038146973,11.4151219633756,0,25.0278178977965,0.00841156323804277,23.0782666455954,2
43.6062507629395,44.7937507629395,44.3687553405762,0.0963303245596779,0,0.0254300498976054,0.00165362517873090,3.01205326738533e-05,2
44.4627571105957,49.8690376281738,46.1174535751343,1.91376550234508,1.94978856602908e-05,3.38003570566081,0.0217554386581352,0.211114778688835,2
43.1627655029297,45.0690307617188,43.7721462249756,0.217282064586661,1.94978856602908e-05,0.0782137417833392,0.00360020320416388,0.000352759713657115,2
41.6312522888184,43.2312469482422,42.6124992370605,0.130610897967045,0,0.0719915342390948,0.000872399017680422,0.000169995256175264,2
77.3099212646484,93.3773803710938,93.2095336914063,8.76887222597168,0,1.60591055949529,0.00403573115666707,0.0957008911256309,2
77.3251800537109,93.3468627929688,93.2095336914063,9.00957365214975,0.000465661287307739,2.81941378490598,0.00403573115666707,0.170426719334524,2
77.0200042724609,93.3621215820313,93.1942749023438,9.44948640197043,0,3.79442753426949,0.00419095158576965,0.410923529194609,2
78.3170013427734,93.3773803710938,93.1942749023438,7.79453017184564,0,4.30486599606236,0.00504466394583384,0.465835044774846,2
78.3170013427734,93.3468627929688,93.2095336914063,7.56373257266879,0,4.21359692702154,0.00512180852820382,0.533432791776820,2
42.9422531127930,45.2383537292481,43.8031940460205,0.340538016031999,1.21712946559170e-06,0.0989416146318589,0.00254965464410128,0.000376038648950733,2
42.7970123291016,43.9048271179199,43.2454490661621,0.0799501520096760,0,0.0571314060701671,0.00165361722368798,8.16184261962598e-05,2
40.5578155517578,42.5859394073487,41.4390621185303,0.186688107718243,4.89235390006588e-06,0.201216788293158,0.00441487034307310,0.00152415358837020,2
46.6932392120362,65.3318023681641,60.0751581192017,17.9532456772164,0.000116415321826935,13.3453349505764,0.382839328574851,4.91079633406272,2
42.9516296386719,45.2563247680664,43.7602252960205,0.346430720994033,3.01059092941277e-05,0.0860017788412136,0.00406630158734752,0.000374025737857828,2
20.2320268419000,21.9821993510000,20.5620574951000,0.267653779751264,0,0.228944927121578,0.000200034589495423,0.00122826820861100,4
21.3672256469727,23.0422295464410,22.4397193060981,0.234418123132731,0,0.0716331467756098,0.00404974670805935,0.000236493596885408,4
19.8122151692708,21.1522144741483,20.5722257826063,0.0446688396098990,0,0.288808066191301,0.000433464803579758,0.00184619098141523,4
19.9222310384115,21.0672060648601,20.6422042846680,0.0388912886136470,0,0.211246583740498,0.000291727777904355,0.000963053702663024,4
20.2922270033095,21.2322319878472,20.4722213745117,0.0291108162492710,0,0.121433691432097,0.000800477501783247,0.000375596949727974,4
19.9522145589193,21.2022166781955,20.7572237650554,0.0486594827593043,0,0.0722645834078784,0.000199780333785712,0.000210105788024063,4
19.5072237650554,21.0022184583876,20.3622351752387,0.0640122831355788,0,0.133423415841928,5.01146761378059e-05,0.000774958520771323,4
20.6222152709961,21.6322241889106,21.0247177547879,0.0736960840574534,0,0.00640008959190336,0.000233380906662669,1.58275775102294e-06,4
21.0172186957466,21.7222213745117,21.3822174072266,0.0374845062082458,0,0.0142335906994111,0.000449950666845969,5.00299267469718e-06,4
20.2122116088867,21.3322067260742,20.9447246127658,0.0853631647016691,0,0.00903062892378021,0.000233303083858412,2.88799938327942e-06,4
20.5172178480361,21.8672243754069,21.4647282494439,0.159800418553214,0,0.0169346510557700,0.000508481318897237,8.61288114014787e-06,4
20.2722083197700,21.1022271050347,20.6147289276123,0.0437417468938125,0,0.00729867702239356,0.000416498614829240,1.96081012756924e-06,4
20.4522175259060,21.1722310384115,20.8247142367893,0.0299340602294201,0,0.0111988852224043,0.000629033549610092,3.22224292936070e-06,4
20.4722213745117,21.3322215610080,20.7972251044380,0.0465729414731676,5.00722510171967e-05,0.449495291140450,0.00143328463549050,0.00408076076198545,4
20.2122116088867,21.5522087944878,20.7822163899740,0.0712142094950671,5.01146761377703e-05,0.0630989593682094,0.00133359925236913,0.000124937665554219,4
19.7822189331055,21.5822050306532,20.3772184583876,0.114564576390879,0,0.0785328989713066,0.00216641265780765,0.000413638413602425,4
20.0322172376845,21.3122177124023,20.5072233412001,0.0742577758158410,4.97757782012826e-05,0.0651029080397777,0.00189969290015155,0.000205383728947605,4
19.8022079467773,20.8222283257378,20.2572165595161,0.0405093877386394,0,0.0932297898049695,0.000850189583920354,0.000174783462022371,4
19.9522315131293,20.7622273763021,20.2972178988987,0.0304955217176018,4.97757782012826e-05,0.0754339028573191,0.00123364555408787,0.000215898133105541,4
20.2222188313802,21.5022193060981,20.6872177124023,0.109622314753166,4.97757782012826e-05,0.0870994222015272,0.000983178474241461,0.000208285754750559,4
20.1122368706597,21.6622246636285,20.8222283257378,0.143008406611069,4.97757782012826e-05,0.0561295903849277,0.00168339852597978,0.000197467208895593,4
20.2922142876519,21.7222192552355,20.9022288852268,0.0702369487019227,0,0.222156792880332,0.000633824519178139,0.000914363565969747,4
20.4522323608398,21.4022148980035,20.8822080824110,0.0670093113712902,0,0.123337283784390,0.000799714626615181,0.000289262431676861,4
19.8622343275282,21.4772097269694,20.7047261132134,0.0736364828328063,0,0.298434023226697,0.000541898151385966,0.00166171040580521,4
19.4222344292535,20.8022054036458,20.1047282748752,0.0588284420797472,0,0.152632997543932,0.000441661827066327,0.000435895088104777,4
19.8022079467773,20.6222152709961,20.1322258843316,0.0194650400082252,5.01146761377703e-05,0.0652363492042256,0.000575343445443741,9.18462181011961e-05,4
19.5122273763021,20.8322058783637,20.3572209676107,0.0693779477729086,0,0.137195412907706,0.000650253781182480,0.000352828249022111,4
21.3322067260742,22.0422278510200,21.5822050306532,0.0344501130248463,0,0.00500044081917548,0.000233246558950030,8.30815867271413e-07,4
20.2022298177083,26.0822211371528,22.2497251298693,1.23334636324524,5.01146761378059e-05,1.42811664271503,0.0163775034314155,0.0547019534190044,4
21.1022271050347,22.8772184583876,21.9372155931261,0.260962930809616,5.00722510171967e-05,0.0994331647024886,0.00648362094482972,0.000587943753967854,4
21.2422095404731,23.1272210015191,22.1872160169813,0.180192901251474,5.00722510171967e-05,0.108036093069844,0.00346712497101009,0.000414794234164315,4
23.6506271362305,23.6506271362305,23.6506271362305,2.05758738750477e-28,0,0,0,0,4
21.9572215610080,23.0622185601128,22.4122089809842,0.116703012126439,0,0.0338025391101837,0.000933254652762516,2.64321791019045e-05,4
21.2222205268012,23.0722257826063,22.1622233920627,0.249450548092624,0,0.110423832408646,0.00374120819688096,0.000499999770442651,4
20.1622221204970,21.6072294447157,20.9472274780273,0.153904760282877,0,0.0526299599954401,0.00108346419273336,7.74054278555864e-05,4
19.9922095404731,21.4122221204970,20.6422042846680,0.0873644880805105,0,0.0677296749043877,0.00163271163620284,0.000163841764441043,4
19.6522140502930,21.0022184583876,20.3872129652236,0.0864665729640967,0,0.0934381318389186,0.00160061583615500,0.000329990485300478,4
20.1422034369575,22.2522184583876,20.7172171274821,0.149597457612303,0,0.103605454582804,0.000233303083858412,0.000282663408550600,4
19.8522271050347,21.6222127278646,20.6722344292535,0.135007615994890,0,0.0112325068117184,0.000450014241649729,5.58862335250297e-06,4
21.1422051323785,21.8172073364258,21.3822089301216,0.0261890166428952,0,0.00823554849379677,0.000450014241649729,3.04388213038982e-06,4
21.2822172376845,22.9722213745117,22.5272136264378,0.297820797568244,5.01146761377703e-05,0.174694438051753,0.00194997694441507,0.000640603541507672,4
21.5922164916992,22.5722249348958,22.2222201029459,0.0676623135500776,0,0.0480497687448667,0.00171699185733310,8.29481455134938e-05,4
20.7022306654188,21.6422017415365,21.1272133721246,0.0643308129495770,0,0.00423366983479610,9.98902627089295e-05,8.66006431161079e-07,4
20.3422164916992,21.4122221204970,20.7222292158339,0.0634954775540664,0,0.151623751643081,0.00168340551149860,0.000524831212314778,4
20.3672091166179,25.1122368706597,22.1272108289930,0.765714107813425,0,0.607290479916069,0.0121960863286269,0.0121867864126800,4
20.7222196790907,24.1322241889106,22.1472242143419,0.444350373774292,5.00722510171967e-05,0.416104945898173,0.00521264390366539,0.00454852129708638,4
20.9222178988987,22.6272201538086,22.1322250366211,0.172847808749837,0,0.0582913239148110,0.000983206715737654,0.000114703699070024,4
21.2722078959147,22.9222318861220,22.1822198232015,0.139179654315374,0,0.0318002717717072,0.00179980265840111,3.79902931369500e-05,4
21.0572115580241,22.8522237141927,22.4222310384115,0.158634222750446,0,0.0506368620283165,0.00254980531741284,0.000107256635569779,4
19.4972144232856,21.3722144232856,20.4122225443523,0.128199419553773,0,0.278937206631147,0.000983206715737488,0.00147685544414496,4
19.4722196790907,21.4672152201335,19.9522315131293,0.233811979933744,0,0.0444025920673909,0.000699570162005569,3.02118740502805e-05,4
20.7672182718913,21.7022323608398,21.0272132025825,0.0836312921071632,0,0.123326404814492,0.000449887092045193,0.000274745326324214,4
21.6722318861220,22.0522054036458,21.8122185601128,0.0123960356630811,0,0.0174305555585587,5.01146761378059e-05,5.64603148711710e-06,4
19.3622334798177,20.9522332085503,20.0722249348958,0.0964246120420168,0,0.0756974932495826,0.000700502616397929,0.000247637051623286,4
22.3888863457574,25.4588911268446,22.9788801405165,0.521206908239210,0,0.571884925772098,0.000933296970091481,0.00817523017143715,4
21.2072202894422,22.9022132025825,21.8972078959148,0.146559821722035,0,0.0310334300877631,0.000632976675491507,1.57333975315649e-05,4
20.8222283257378,22.3722161187066,21.6222127278646,0.0969747424670508,0,0.0288992334090602,0.000199780333787700,1.67259927060065e-05,4
19.1622246636285,19.9922095404731,19.2322285970052,0.0308661966937109,4.97757782012826e-05,0.0111024284032458,0.000933198124859961,4.56721561611992e-06,4
20.6072298685710,21.2422095404731,21.0222095913357,0.0450898726958636,0,0.0303035021633522,5.01146761378059e-05,1.80655786055864e-05,4
20.3922017415365,21.3622199164497,20.6972196367052,0.0256208456680371,0,0.0963981906558135,5.01146761378059e-05,6.09113404943029e-05,4
20.5022176106771,21.3622199164497,20.7172160678440,0.0973943630238633,0,0.0260917530581929,0.000233246558950030,1.69948389054028e-05,4
20.3872129652236,21.1522123548720,20.6522115071615,0.0188358503547787,0,0.0706323097918032,9.98902627079003e-05,9.63976266632106e-05,4
19.7422112358941,21.1822128295898,20.5022176106771,0.0700654986150648,0,0.0780380258818920,0.000233246558950030,0.000237573601966496,4
19.7722074720595,22.3122151692708,21.3222249348958,0.277051991288831,0,0.343443302852303,0.00143277604006660,0.00257521328709430,4
21.2655470106337,22.8955501980252,21.9155544704861,0.205010763023756,0,0.152133165377463,0.00123363140938828,0.000467723753847320,4
20.1722166273329,21.3272158304850,20.6522115071615,0.0930094692805389,0,0.115205680408550,0.000899901330697717,0.000236024914533129,4
20.8222283257378,21.8172221713596,21.2222205268012,0.0489502853024179,0,0.0562347080070019,0.000433436562085199,6.36142488346954e-05,4
20.3872129652236,21.1122046576606,20.6772232055664,0.0368499467833845,0,0.0156999600873005,0.000100186924160781,7.21629428641648e-06,4
20.8122168646918,23.3622360229492,21.8872133890788,0.339649512342212,0,0.0457297698949074,0.00103311646138525,4.40697188884589e-05,4
20.3622351752387,21.3822258843316,20.7072215610080,0.0568824362540099,0,0.0156335645906689,0.000233741204298603,5.06728742842807e-06,4
21.1772219340007,21.6672113206652,21.3447168138292,0.0111333191146613,0,0.00193318748058918,5.01146761377703e-05,1.69938906072777e-07,4
20.4222318861220,20.8372116088867,20.5422295464410,0.0147597053271829,0,0.0453027476733447,0.000199780333787700,3.71794968438890e-05,4
20.5722257826063,21.2422095404731,20.9722222222222,0.0496826488738658,0,0.0121335383711189,0.00123349011807882,4.11991304754129e-06,4
18.9222335815430,20.5922147962782,19.7222222222222,0.100419268465128,0,0.0647944215067856,0.00180005696659870,0.000272146585148114,4
21.3822258843316,22.8922017415365,22.5672213236491,0.190685900236267,0,0.00123363140938645,5.00722510171967e-05,1.59804524519721e-08,4
21.0622151692708,22.8122160169814,21.4322111341688,0.185807380825905,0,0.0226360041547105,0.000233246558948373,1.15567633897858e-05,4
19.9622090657552,20.7122124565972,20.0472174750434,0.0237630185867569,0.000200373845327270,0.0114325413908276,0.00196696444603104,5.20447048327424e-06,4
21.0522206624349,22.3122151692708,21.4422225952148,0.149489245271849,0,0.0473684154892442,0.000199780333787771,4.85235068387291e-05,4
20.5172178480361,20.7722091674805,20.5922147962782,0.00484649007573528,0,0.00353281412186564,5.01146761378059e-05,5.94668268264680e-07,4
20.2172152201335,21.1822128295898,20.5272293090821,0.0310026231484630,0,0.0944282876151838,0.000100186924160781,0.000176843610683558,4
19.4422234429253,21.8822224934896,21.0422261555990,0.331596032492701,9.98902627089295e-05,0.662803230885060,0.00429837017701905,0.00873027664853146,4
19.9822319878472,20.9522332085503,20.5122290717231,0.0569037151348623,0,0.00469228381370483,0.000233246558950030,5.06906645176566e-07,4
20.4222318861220,20.6522115071615,20.5322180853950,0.00387815197067863,0,0.000800307918079561,5.00722510171967e-05,1.65191201630321e-08,4
20.3522237141927,22.4222310384115,21.1422051323785,0.139263922563823,0.000233246558948373,0.198389550981388,0.00463379552389682,0.00122330694616168,4
20.3522237141927,21.6472074720595,20.8022054036458,0.0831082039172193,0,0.0210299207148589,0.000400154032398201,1.21539461751713e-05,4
20.5472183227539,20.8922195434571,20.7322311401367,0.00830697949361207,0,0.00196717637551309,5.00722510171967e-05,1.57746476509793e-07,4
20.1772223578559,21.1822128295898,20.4922231038411,0.0323036413335877,0,0.115904317945521,0.000233303083856707,0.000276404891692018,4
19.2622290717231,21.3222249348958,20.6822119818793,0.194945699742563,0,0.411112558545999,0.00130043683287288,0.00318996338023470,4
19.6672270033095,21.0222074720595,20.1622221204970,0.0806881190624683,0,0.0327022218204318,0.000399560667573411,1.95083911820115e-05,4
20.4122246636285,21.7022323608398,21.1072158813477,0.0478065587270486,0,0.0442301603755227,0.000800307918075582,8.25292276062222e-05,4
20.5322180853950,21.6522280375163,20.8722135755751,0.0902105284254207,0,0.0306345194895921,0.000700460230202196,3.74505952003922e-05,4
20.2072207132975,22.0122273763021,21.3422139485677,0.169132006110333,0,0.320230432165158,0.00180005696659870,0.00191827356707133,4
20.9272215101454,21.4522298177083,21.2372186448839,0.0167529474814248,0,0.00404974670806831,9.98902207898323e-05,3.45856539279349e-07,4
20.5383216010200,21.1680518256293,20.9398714701335,0.0331884538034467,0,0.00594120767660280,0.000118755269795273,7.94016795633687e-07,4
20.4472266303168,20.7422086927626,20.6222152709961,0.00876431477247890,0,0.000333165061655165,5.00722510171967e-05,6.30622939365209e-09,4
19.8709932963054,20.4984029134115,20.1296318901910,0.0123982402124873,0.000151528218960230,0.0421871100310416,0.00919597034764565,6.75051839233906e-05,4
21.0768042670356,21.5657255384657,21.2508477105035,0.0224992676044041,2.47584668812538e-06,0.0204185243320412,0.000176625559825385,1.00583505517047e-05,4
20.0222227308485,21.2022315131293,20.2022149827745,0.109961964151842,0,0.0688207922338133,0.00310087523930416,8.67222569645825e-05,4
19.1881942749023,21.5171135796441,19.5421981811524,0.119954476400830,4.38606641986521e-05,0.559126734426975,0.00128512166968987,0.0115638353939726,4
21.2901518079970,22.0470788743760,21.5978601243760,0.0383913172312462,0,0.00630438408274246,9.84678219784425e-05,4.25268022173517e-07,4
19.6418677435981,21.8234761555990,21.0748206244575,0.205883997232000,2.41026426034232e-06,0.354557935550152,0.00320404162917635,0.00264345830920430,4
19.3831380208333,21.4347754584418,20.2989705403646,0.146813877474400,9.79052856553517e-06,0.240214176786457,0.000473097950762821,0.00126063403222180,4
19.7522184583876,22.1322250366211,21.4322111341688,0.291235310211828,0,1.05126892946068,0.00583504867637425,0.0200015422602505,4
20.5322180853950,22.3922051323785,21.4322111341688,0.204865278991630,0.000199780333787700,0.219103091303184,0.00603331718594168,0.00160257068232729,4
20.2622307671441,20.8922025892470,20.6172243754069,0.0122948623484667,0,0.0542317200971963,5.00722510171967e-05,1.53419520847533e-05,4
20.1922225952148,21.1172252231174,20.8222113715278,0.0749552544727798,0,0.0282990872975384,0.000433662829397898,5.00663433683547e-05,4
20.5122290717231,21.3822258843316,21.1147297753228,0.0300297545227751,0,0.208432827942014,0.000450459516781360,0.00128261412950301,4
18.5022205776639,20.4472266303168,19.4472122192383,0.156822963461709,0,0.0721300403175992,0.000866957890575316,8.30849761843120e-05,4
20.3622203403049,20.8522245619032,20.5922169155545,0.00610438383118318,0,0.00699909131057238,0.000100186924160781,1.74593968061771e-06,4
18.4522332085503,20.4822285970052,19.3722152709961,0.269204834695021,4.97757782013180e-05,0.373772133065748,0.00303341992608424,0.00447981743978877,4
21.4572207132975,22.3322041829427,21.9222344292535,0.0671362523224978,0,0.00845063477754593,0.000400154032396212,2.60603934131799e-06,4
20.2022171020508,21.3222249348958,20.5122290717231,0.0828304510175942,5.00722510171967e-05,0.154295063992244,0.000633782061119456,0.000460165863393573,4
21.3472196790907,21.9522306654188,21.6922230190701,0.0363310705185156,0,0.0879016516700658,0.000800307918079561,0.000140543955996821,4
20.1322237650554,21.6422017415365,20.4922252231174,0.241178586107097,5.01146761377703e-05,0.0388011149307481,0.00108346418973947,5.31987634069722e-05,4
18.6272197299534,19.9522315131293,19.4372177124023,0.0574938635736776,0,0.0186018603170657,0.000491349111806419,6.64712110399785e-06,4
19.1922208997938,22.5522062513563,21.3122177124023,0.510696938282521,5.01146761377703e-05,2.58664592740396,0.00243300535268472,0.122279276229228,4
19.8222117953830,21.0522079467773,20.0122133890788,0.121010910095021,0,0.144300285858325,0.000899901330697717,0.000450167598891621,4
21.2322319878472,22.7872233920628,21.7672178480361,0.262684267211238,0,0.0771017053891516,0.000933296970091481,0.000122997531282620,4
20.1922225952148,21.9872199164497,20.9122212727865,0.270205056051062,0,0.0786924710937552,0.000450904791913098,6.25727914347633e-05,4
21.1522123548720,22.0072237650554,21.5322176615398,0.0338180891909319,0,0.0105315380729234,0.000233373813351883,3.43508522745727e-06,4
19.7172313266330,21.1922200520833,19.9222310384115,0.114060780532640,0,0.178901818893538,0.00124926260064362,0.000961713318779475,4
19.0922164916992,21.6222127278646,19.9322128295898,0.234391213253377,0,0.441649759192124,0.00359960531680839,0.00666451764834899,4
21.0572115580241,22.0572111341688,21.4922099643284,0.0408524877990777,0,0.0274219191290041,0.000200373845327270,1.52021740724614e-05,4
20.4317559136285,20.8576880560981,20.6926642523872,0.0142314902255064,0,0.00843654087636564,0.000901668591938355,2.99133527805814e-06,4
20.6085713704427,21.0250981648763,20.9093899197049,0.0109885234661933,5.18972857538028e-06,0.144157861046304,7.32433081533885e-05,0.000376926975491476,4
20.5279625786675,21.5246370103624,21.1579937405056,0.0526423304060148,1.87244224116345e-06,0.0752217285256027,0.000504196633216496,0.000105329693239693,4
21.6019185384115,22.6557498508030,22.0802900526259,0.0555674124147770,1.63164217823229e-05,0.0317250370764664,0.000362836502140568,3.21154827892811e-05,4
21.1947080824110,22.0402908325195,21.5915033552382,0.0480426239098510,4.17805248055531e-06,0.0117665142768929,0.000237310627416505,5.01827314733339e-06,4
20.3772184583876,22.1122360229492,20.7322311401367,0.265848433647391,0,0.225047524348949,0.000200373845327342,0.00141538174942337,4
20.7383007473416,21.0627322726780,20.9246953328451,0.00609511755652130,9.84104167677593e-05,0.00636830590948004,0.00166073600199073,2.93142397912720e-06,4
20.8314726087782,22.3953755696615,21.6436682807075,0.181684881204718,2.41026426034232e-06,0.184543874411028,0.000877594825603170,0.000724815464251259,4
21.1522123548720,22.2822189331055,21.4222335815430,0.0742527253731035,0,0.319990912607956,0.0174340171118591,0.00498625113544813,4
20.6464470757378,23.4569040934245,21.2170961168077,0.433726398777339,9.65967810319921e-06,0.477434010617424,0.00215090515782629,0.0133220350966344,4
22.1922217475043,23.5122299194336,22.7322302924262,0.179443862832321,0,0.583649548365900,0.0251980001212674,0.0162118525790857,4
21.4552222357856,22.1990882025825,21.7289352416992,0.0320630421784339,0,0.0732543301480454,0.000163546824801678,9.80881840228559e-05,4
21.5303887261285,23.4222327338325,22.3718473646376,0.164226818429294,2.41026426034232e-06,0.338714788307372,0.000640487661507173,0.00123914926897407,4
23.1520292494032,25.0184843275282,23.9768600463867,0.320311694550254,1.94500599518938e-05,0.0907654046963012,0.00353368714096484,0.000530935292545732,4
24.4903628031413,28.0567232767741,27.6351451873780,1.74959950782532,2.48528746766375e-06,5.51560180110364,0.000862010631643003,0.565206762597046,4
20.2320268419054,21.9821993509929,20.5620574951172,0.269892387812667,0,0.225477971797974,0.000200034588085300,0.00118535963613039,4
21.5139389038086,22.9401779174805,21.9285202026367,0.153453284152723,0.00127719841234426,0.572644541316213,0.225217665341767,0.0356885262829083,4
22.2222222222222,22.2222222222222,22.2222222222222,4.63122032972828e-28,0,0,0,0,4
21.1522123548720,22.2822189331055,21.4222335815430,0.0742232036024776,0,0.319990912607956,0.0208039362922026,0.00477363375563481,4
20.6464470757378,23.4569040934245,21.2039438883464,0.344146060994813,2.41026426034232e-06,0.465335132614740,0.00109183758632853,0.00685251603075852,4
22.0822058783637,23.5122299194336,22.7522193060981,0.164159371951544,0,0.459899550563514,0.0352355551730022,0.0120329687147665,4
58.6813354492188,65,65,2.08009428644278,0,28.1250000000000,0,28.3694728677235,6
55.4113311767578,81.6659545898438,62,31.4555712643258,0,264.500000000000,0,3049.60994742574,6
69.5000000000000,74,71.5000000000000,1.32624943082332,0,10.1250000000000,0,3.78657234171305,6
55,55,55,0,0,0,0,0,6
373.000068712156,373.000068712156,373.000068712156,0,0,0,0,0,6
373.000068712156,373.000068712156,373.000068712156,0,0,0,0,0,6
373.000068712156,373.000068712156,373.000068712156,0,0,0,0,0,6
373.000068712156,373.000068712156,373.000068712156,0,0,0,0,0,6
33,33,33,0,0,0,0,0,6
66.5000000000000,71,68.5000000000000,1.32624943082332,0,10.1250000000000,0,3.78657234171305,6
3,3,3,0,0,0,0,0,6
65,65,65,0,0,0,0,0,6
30,30,30,0,0,0,0,0,6
23.6506271362305,23.6506271362305,23.6506271362305,2.05758738750477e-28,0,0,0,0,6
105,105,105,0,0,0,0,0,6
105,105,105,0,0,0,0,0,6
105,105,105,0,0,0,0,0,6
400,400,400,0,0,0,0,0,6
1300,1300,1300,0,0,0,0,0,6
300,300,300,0,0,0,0,0,6
60,60,60,0,0,0,0,0,6
36,36,36,0,628.916666666667,628.916666666667,628.916666666667,1.18476389818793e-25,6
69.5000000000000,71.5000000000000,71.5000000000000,0.475544285944899,0,1.12500000000000,0,0.0478422383457942,6
74.5000000000000,74.5000000000000,74.5000000000000,0,0,0,0,0,6
69.5000000000000,69.5000000000000,69.5000000000000,0,0,0,0,0,6
60,60,60,0,0,0,0,0,6
1,1,1,0,0,0,0,0,6
1,1,1,0,0,0,0,0,6
1,1,1,0,0,0,0,0,6
1,1,1,0,0,0,0,0,6
1,1,1,0,0,0,0,0,6
1,1,1,0,0,0,0,0,6
1,1,1,0,0,0,0,0,6
1,1,1,0,0,0,0,0,6
0,0,0,0,0,0,0,0,6
0,0,0,0,0,0,0,0,6
0,0,0,0,0,0,0,0,6
0,0,0,0,0,0,0,0,6
0,0,0,0,0,0,0,0,6
0,0,0,0,0,0,0,0,6
1,1,1,0,0,0,0,0,6
1,1,1,0,0,0,0,0,6
1,1,1,0,0,0,0,0,6
1,1,1,0,0,0,0,0,6
1,1,1,0,0,0,0,0,6
1,1,1,0,0,0,0,0,6
1,1,1,0,0,0,0,0,6
1,1,1,0,0,0,0,0,6
8.32999971177843,8.32999971177843,8.32999971177843,5.14396846876192e-29,0,0,0,0,6
8.32999971177843,8.32999971177843,8.32999971177843,2.03259744929674e-28,0,0,0,0,6
8.32999971177843,8.32999971177843,8.32999971177843,5.14396846876192e-29,0,0,0,0,6
8.32999971177843,8.32999971177843,8.32999971177843,5.14220441921845e-29,0,0,0,0,6
8.32999971177843,8.32999971177843,8.32999971177843,5.14220441921845e-29,0,0,0,0,6
0,0,0,0,0,0,0,0,6
0,0,0,0,0,0,0,0,6
0,0.500000000000000,0,0.00462962962962963,0,0.500000000000000,0,0.00462962962962963,6
0,0,0,0,0,0,0,0,6
1,1,1,0,0,0,0,0,6
1,1,1,0,0,0,0,0,6
1,1,1,0,0,0,0,0,6
1,1,1,0,0,0,0,0,6
1,1,1,0,0,0,0,0,6
1,1,1,0,0,0,0,0,6
1,1,1,0,0,0,0,0,6
1,1,1,0,0,0,0,0,6
1,1,1,0,0,0,0,0,6
1,1,1,0,0,0,0,0,6
0,0,0,0,0,0,0,0,6
0,0,0,0,0,0,0,0,6
49.1396064758301,100,100,47.0323568987894,0,872.853760917074,0,13852.2488717651,6
33.4322204589844,34.7533340454102,33.4322204589844,0.321499577816971,0,1.46889424300840,0,0.0392300054026041,6
100,100,100,0,0,0,0,0,6
30.4588890075684,42.6233329772949,30.9166660308838,4.08629161231582,0,185.944905794912,2.46877789317226e-06,630.644580003632,6
97.9744415283203,100,100,0.754958859353096,0,2.05144356109670,0,0.0765167397157298,6
58.1566658020020,60.0911121368408,59.3577766418457,0.238963065422031,0,359.291027126145,0.174671780730326,4599.75271026000,6
50.0744438171387,50.7977790832520,50.0744438171387,0.0330718848475800,0,0.261606953601601,0,0.00146953010341316,6
58.0450000762940,59.1322212219238,58.4088897705078,0.0223047674464925,0,0.524014515021317,0,0.0103912737135540,6
1,1,1,0,0,0,0,0,6
1,1,1,0,0,0,0,0,6
1,1,1,0,0,0,0,0,6
1,1,1,0,0,0,0,0,6
1,1,1,0,0,0,0,0,6
2,2,2,0,0,0,0,0,6
1,1,1,0,0,0,0,0,6
1,1,1,0,0,0,0,0,6
5.55555555555556,5.55555555555556,5.55555555555556,3.21498029297620e-30,0,0,0,0,6
5.55555555555556,5.55555555555556,5.55555555555556,1.14333606522941e-28,0,0,0,0,6
5.55555555555556,5.55555555555556,5.55555555555556,3.21498029297620e-30,0,0,0,0,6
5.55555555555556,5.55555555555556,5.55555555555556,3.21498029297620e-30,0,0,0,0,6
5.55555555555556,5.55555555555556,5.55555555555556,3.21387776201153e-30,0,0,0,0,6
6973.33860207806,6973.33860207806,6973.33860207806,5.39384188110050e-23,0,0,0,0,6
6973.33860207806,6973.33860207806,6973.33860207806,3.33020766092777e-22,0,0,0,0,6
6973.33860207806,6973.33860207806,6973.33860207806,5.39384188110050e-23,0,0,0,0,6
6973.33860207806,6973.33860207806,6973.33860207806,6.82424005356248e-23,0,0,0,0,6
6973.33860207806,6973.33860207806,6973.33860207806,6.82424005356248e-23,0,0,0,0,6
12.7777777777778,12.7777777777778,12.7777777777778,3.21498029297620e-28,0,0,0,0,6
12.7777777777778,12.7777777777778,12.7777777777778,5.36047419699870e-28,0,0,0,0,6
12.7777777777778,12.7777777777778,12.7777777777778,3.21498029297620e-28,0,0,0,0,6
12.7777777777778,12.7777777777778,12.7777777777778,3.21387776201153e-28,0,0,0,0,6
12.7777777777778,12.7777777777778,12.7777777777778,3.21387776201153e-28,0,0,0,0,6
18.3333333333333,18.3333333333333,18.3333333333333,2.05758738750477e-28,0,0,0,0,6
18.3333333333333,18.3333333333333,18.3333333333333,1.02900245870647e-27,0,0,0,0,6
18.3333333333333,18.3333333333333,18.3333333333333,2.05758738750477e-28,0,0,0,0,6
18.3333333333333,18.3333333333333,18.3333333333333,2.05688176768738e-28,0,0,0,0,6
65084.4936193952,65084.4936193952,65084.4936193952,6.52654867613160e-21,0,0,0,0,6
65084.4936193952,65084.4936193952,65084.4936193952,3.32595537964030e-20,0,0,0,0,6
65084.4936193952,65084.4936193952,65084.4936193952,6.52654867613160e-21,0,0,0,0,6
65084.4936193952,65084.4936193952,65084.4936193952,6.52431049071455e-21,0,0,0,0,6
65084.4936193952,65084.4936193952,65084.4936193952,6.52431049071455e-21,0,0,0,0,6
8.33333333333333,8.33333333333333,8.33333333333333,1.28599211719048e-29,0,0,0,0,6
8.33333333333333,8.33333333333333,8.33333333333333,3.17593351452615e-30,0,0,0,0,6
8.33333333333333,8.33333333333333,8.33333333333333,1.28599211719048e-29,0,0,0,0,6
8.33333333333333,8.33333333333333,8.33333333333333,1.28555110480461e-29,0,0,0,0,6
9297.78480277074,9297.78480277074,9297.78480277074,1.21361442324761e-22,0,0,0,0,6
9297.78480277074,9297.78480277074,9297.78480277074,2.69746820535150e-22,0,0,0,0,6
9297.78480277074,9297.78480277074,9297.78480277074,1.21361442324761e-22,0,0,0,0,6
9297.78480277074,9297.78480277074,9297.78480277074,1.21319823174444e-22,0,0,0,0,6
9297.78480277074,9297.78480277074,9297.78480277074,1.21319823174444e-22,0,0,0,0,6
11.6666666666667,11.6666666666667,11.6666666666667,0,0,0,0,0,6
11.6666666666667,11.6666666666667,11.6666666666667,8.13038979718695e-28,0,0,0,0,6
11.6666666666667,11.6666666666667,11.6666666666667,0,0,0,0,0,6
11.6666666666667,11.6666666666667,11.6666666666667,3.21387776201153e-30,0,0,0,0,6
11.6666666666667,11.6666666666667,11.6666666666667,3.21387776201153e-30,0,0,0,0,6
15.5555555555556,15.5555555555556,15.5555555555556,5.43331669512978e-28,0,0,0,0,6
15.5555555555556,15.5555555555556,15.5555555555556,2.31229922462251e-27,0,0,0,0,6
15.5555555555556,15.5555555555556,15.5555555555556,5.43331669512978e-28,0,0,0,0,6
15.5555555555556,15.5555555555556,15.5555555555556,5.43145341779949e-28,0,0,0,0,6
60435.6012180098,60435.6012180098,60435.6012180098,8.63014700976080e-22,0,0,0,0,6
60435.6012180098,60435.6012180098,60435.6012180098,5.12052729944255e-20,0,0,0,0,6
60435.6012180098,60435.6012180098,60435.6012180098,8.63014700976080e-22,0,0,0,0,6
60435.6012180098,60435.6012180098,60435.6012180098,8.62718742573825e-22,0,0,0,0,6
60435.6012180098,60435.6012180098,60435.6012180098,8.62718742573825e-22,0,0,0,0,6
3,3,3,0,0,0,0,0,6
3,3,3,0,0,0,0,0,6
3,3,3,0,0,0,0,0,6
3,3,3,0,0,0,0,0,6
3,3,3,0,0,0,0,0,6
1,1,1,0,0,0,0,0,6
1,1,1,0,0,0,0,0,6
1,1,1,0,0,0,0,0,6
1,1,1,0,0,0,0,0,6
1,1,1,0,0,0,0,0,6
4,4,4,0,0,0,0,0,6
4,4,4,0,0,0,0,0,6
4,4,4,0,0,0,0,0,6
4,4,4,0,0,0,0,0,6
2,4,2,0.476767676767677,0,2,0,0.210101010101010,6
2,2,2,0,0,0,0,0,6
2,2,2,0,0,0,0,0,6
2,2,2,0,0,0,0,0,6
4,4,4,0,0,0,0,0,6
1,1,1,0,0,0,0,0,6
1,3,1,0.158249158249158,0,2,0,0.0727272727272728,6
1,1,1,0,0,0,0,0,6
1,1,1,0,0,0,0,0,6
1,1,1,0,0,0,0,0,6
1,1,1,0,0,0,0,0,6
1,1,1,0,0,0,0,0,6
1,1,1,0,0,0,0,0,6
1,1,1,0,0,0,0,0,6
1,1,1,0,0,0,0,0,6
1,1,1,0,0,0,0,0,6
1,1,1,0,0,0,0,0,6
1,1,1,0,0,0,0,0,6
1,2,1,0.119013062409289,0,0.500000000000000,0,0.00471698113207546,6
1,1,1,0,0,0,0,0,6
1,1,1,0,0,0,0,0,6
1,1,1,0,0,0,0,0,6
1,2,1,0.158744557329463,0,0.500000000000000,0,0.0136066763425254,6
1,1,1,0,0,0,0,0,6
1,2,1,0.176799440950385,0,0.500000000000000,0,0.00908455625436757,6
1,1,1,0,0,0,0,0,6
1,1,1,0,0,0,0,0,6
1,1,1,0,0,0,0,0,6
1,2,1,0.121008708272859,0,0.500000000000000,0,0.00925253991291728,6
1,2,1,0.107220609579100,0,0.500000000000000,0,0.00925253991291728,6
0.555555555555556,0.555555555555556,0.555555555555556,1.13026650924945e-31,0,0,0,0,6
0.555555555555556,0.555555555555556,0.555555555555556,7.93983378631538e-31,0,0,0,0,6
0.555555555555556,0.555555555555556,0.555555555555556,1.13026650924945e-31,0,0,0,0,6
0.555555555555556,0.555555555555556,0.555555555555556,1.13026650924945e-31,0,0,0,0,6
1.38888888888889,1.38888888888889,1.38888888888889,2.00936268311012e-31,0,0,0,0,6
1.38888888888889,1.38888888888889,1.38888888888889,7.14585040768384e-30,0,0,0,0,6
1.38888888888889,1.38888888888889,1.38888888888889,2.00936268311012e-31,0,0,0,0,6
1.38888888888889,1.38888888888889,1.38888888888889,2.00867360125721e-31,0,0,0,0,6
1,1,1,0,0,0,0,0,6
1,1,1,0,0,0,0,0,6
1,1,1,0,0,0,0,0,6
1,1,1,0,0,0,0,0,6
1,1,1,0,0,0,0,0,6
1,1,1,0,0,0,0,0,6
1,1,1,0,0,0,0,0,6
1,1,1,0,0,0,0,0,6
1,2,1,0.119013062409289,0,0.500000000000000,0,0.00471698113207546,6
1,1,1,0,0,0,0,0,6
1,1,1,0,0,0,0,0,6
1,1,1,0,0,0,0,0,6
1,2,1,0.176799440950385,0,0.500000000000000,0,0.00908455625436757,6
1,1,1,0,0,0,0,0,6
1,2,1,0.176799440950385,0,0.500000000000000,0,0.00908455625436757,6
1,1,1,0,0,0,0,0,6
1,1,1,0,0,0,0,0,6
1,1,1,0,0,0,0,0,6
1,2,1,0.121008708272859,0,0.500000000000000,0,0.00925253991291728,6
1,2,1,0.119147449336129,0,0.500000000000000,0,0.00908455625436757,6
1,1,1,0,0,0,0,0,6
1,1,1,0,0,0,0,0,6
1,1,1,0,0,0,0,0,6
1,1,1,0,0,0,0,0,6
1,1,1,0,0,0,0,0,6
4.16666666666667,4.16666666666667,4.16666666666667,2.00867360125721e-29,0,0,0,0,6
4.16666666666667,4.16666666666667,4.16666666666667,1.98495844657884e-29,0,0,0,0,6
4.16666666666667,4.16666666666667,4.16666666666667,2.00936268311012e-29,0,0,0,0,6
4.17000002331204,4.17000002331204,4.17000002331204,8.03469440502883e-31,0,0,0,0,6
4.16666666666667,4.16666666666667,4.16666666666667,2.00867360125721e-29,0,0,0,0,6
3,3,3,0,0,0,0,0,6
3,3,3,0,0,0,0,0,6
3,3,3,0,0,0,0,0,6
3,3,3,0,0,0,0,0,6
3,3,3,0,0,0,0,0,6
3,3,3,0,0,0,0,0,6
3,3,3,0,0,0,0,0,6
3,3,3,0,0,0,0,0,6
1,1,1,0,0,0,0,0,6
1,1,1,0,0,0,0,0,6
1,1,1,0,0,0,0,0,6
1,1,1,0,0,0,0,0,6
1,1,1,0,0,0,0,0,6
0,1,0,0.0395622895622895,0,0.500000000000000,0,0.00454545454545455,6
120,120,120,0,0,0,0,0,6
120,120,120,0,0,0,0,0,6
120,120,120,0,0,0,0,0,6
120,120,120,0,0,0,0,0,6
120,120,120,0,0,0,0,0,6
2.22222222222222,2.22222222222222,2.22222222222222,5.02168400314302e-30,0,0,0,0,6
2.22222222222222,2.22222222222222,2.22222222222222,1.98495844657884e-29,0,0,0,0,6
2.22222222222222,2.22222222222222,2.22222222222222,5.02340670777531e-30,0,0,0,0,6
2.22222222222222,2.22222222222222,2.22222222222222,5.02168400314302e-30,0,0,0,0,6
2.22222222222222,2.22222222222222,2.22222222222222,5.02168400314302e-30,0,0,0,0,6
2,2,2,0,0,0,0,0,6
2,2,2,0,0,0,0,0,6
2,2,2,0,0,0,0,0,6
2,2,2,0,0,0,0,0,6
2,2,2,0,0,0,0,0,6
2,2,2,0,0,0,0,0,6
2,2,2,0,0,0,0,0,6
2,2,2,0,0,0,0,0,6
40,40,40,0,0,0,0,0,6
40,40,40,0,0,0,0,0,6
40,40,40,0,0,0,0,0,6
40,40,40,0,0,0,0,0,6
40,40,40,0,0,0,0,0,6
40,40,40,0,0,0,0,0,6
40,40,40,0,0,0,0,0,6
40,40,40,0,0,0,0,0,6
60,60,60,0,0,0,0,0,6
60,60,60,0,0,0,0,0,6
60,60,60,0,0,0,0,0,6
60,60,60,0,0,0,0,0,6
60,60,60,0,0,0,0,0,6
60,60,60,0,0,0,0,0,6
60,60,60,0,0,0,0,0,6
60,60,60,0,0,0,0,0,6
16.4222335815430,21.0422261555990,18.0722257826063,1.46555227412539,0,0.781583763426836,0.00423366983479610,0.0416903649044580,8
14.0222083197700,16.5872255961100,15.9922091166178,0.210545642073017,0.000633824526663698,1.39447525578387,0.0362346049795365,0.0768931527153907,8
43.9522149827746,61.1422051323785,56.2322319878472,24.2020672083719,0.00803311192646487,18.6960667230005,0.443226949780370,9.45418928769935,8
56.6622246636285,77.0222049289279,75.9622107611762,68.1685368419286,0.000450014241649516,14.7926477396011,0.0566956910032544,3.94048101413013,8
15.8422152201335,21.0622151692708,18.1122334798177,2.37515228044407,0,1.74944635368262,0.00123349011807517,0.0564639086558071,8
14.4422213236491,16.6622225443522,15.6822119818793,0.220012673775684,0,1.30719395482907,0.00363292336843798,0.0341191012411008,8
44.5622168646918,60.9222327338325,48.4922069973416,19.1001438151481,5.01146761377703e-05,69.6368543841549,0.223334655841180,33.1735436279828,8
54.7622256808811,76.9322119818793,57.2622256808811,70.2768703889318,5.01146761377703e-05,75.7573874919046,0.0604344453085918,37.9967176634926,8
19.9316639370389,22.6566696166992,21.6266632080078,0.475232439687822,0,1.13404885453853,0.00179980265840718,0.0248284462619032,8
21.9222174750434,24.4322119818793,23.2397153642442,0.748451755173494,0,2.21371488289835,0.000433450682832520,0.0907013851379245,8
22.0922321743435,22.9172282748753,22.2447193993463,0.0803881223278706,0,0.0219031515708013,0.000199780333787700,8.72880508216357e-06,8
16.4916483561000,22.8322855632000,17.1067115995500,2.90770241997323,0,6.76606490303524,0.00266720202459659,0.867742069263146,8
72.6750717163086,74.8082885742188,73.3006286621094,0.509084750570571,0,0.0279780735727499,0.00993810747361549,5.15203528592543e-05,8
20.8622190687392,22.2572241889106,21.5922164916992,0.165119929098459,0,0.00605174573138083,0.000233402054847224,1.94262039970012e-06,8
20.7172309027778,22.1822102864583,21.5122307671441,0.179015202079275,0,0.00643352753963423,0.000432744519709671,3.02565060002073e-06,8
0.00486191523485506,0.00490923322245460,0.00490923322245460,2.45084869704318e-10,0,1.39936999555852e-10,0,1.53462518501870e-21,8
20.3372107611762,21.1472235785591,20.8722135755751,0.0448877264254843,0,0.00640042866350390,0.000400154032398201,9.37928828850740e-07,8
20.3372107611762,21.1072158813477,20.8422173394097,0.0416323943432565,0,0.00743179318208192,0.000432744519709588,1.13933036817057e-06,8
14.3014314439562,16.1416159735786,15.5615573459201,0.243708067464880,0.00123354662651700,4.26404867911411,0.449823926161013,0.687398561473121,8
18.5672230190701,20.9522332085503,19.5322163899740,0.485127476277537,4.97757782002901e-05,0.203492655555030,0.00245057206843417,0.00118229991711374,8
21.7522197299534,22.1322250366211,21.9822311401367,0.00872317844788322,0,0.00442489281452388,5.01146761378059e-05,3.57750682420408e-07,8
17.4122227562799,19.6422025892470,17.9822285970052,0.226872328677752,0,0.00653378500166346,0.000433535473191552,1.36267796999501e-06,8
16.3322067260742,17.4622111850315,16.9922086927626,0.0604856952139836,0,0.0110992280882689,0.000633033177944271,1.91088963591084e-06,8
13.4713490804000,15.9165922800500,15.0715080897000,0.116988313752449,0.000933494744978075,6.47232994256140,0.0483764018107360,0.902090212579129,8
5.20051956177000,7.21072090997000,5.75557602776500,0.0781806724794436,0.000200034588095302,0.145761899415048,0.00401743549282594,0.000379962781343768,8
11.8691380819000,30.1059638129500,16.3695907593000,13.1215776931754,0.00125021617434544,79.3958644407853,0.364706043804250,165.438987979406,8
20.3391011555990,23.9759741889106,21.7445288764106,0.303607531254132,0.329884231493433,9.81881593438428,0.847077907032895,2.21251604743057,8
12.6591565873888,23.9957512749566,21.5321562025282,3.11958456354064,0.00377573667682368,35.9044783730871,0.645920570320354,46.1927855460054,8
16.8316841125000,19.0819083320000,18.2418272230000,0.407326204645120,0.000200034589495423,0.156264520691567,0.0248385040636403,0.00131692113041699,8
13.7013710870000,16.5416569180000,14.6214633517500,0.327180226355723,0,3.74001200558204,0.0756153633010882,0.337843224962391,8
9.86998664008000,10.0800090366000,9.99500168693250,0.00159936447901518,0.000200034587295215,0.133251441724908,0.00237124334731716,0.000338666702410980,8
9.81273227267500,10.1277648078000,10.0227536095250,0.00428544287981075,0.000200034587495215,0.0403079444521824,0.00815168499764558,8.08502450511827e-05,8
5.25052600437000,6.44564522637000,5.78057818942500,0.0464537053671824,0,0.518170419417190,0.000633442862301756,0.00497695928878777,8
5.05050659180000,9.73097271389000,5.64056502447750,0.902577137836147,0,5.70687342211871,0.00223379728211352,0.613298058552301,8
13.0013020833000,16.8416860368500,15.7565763261750,0.352397226582552,0,2.13012795317684,0.00127525229052968,0.0943667219749733,8
12.8112835354000,13.1113115946000,12.9712973701000,0.00415092017068993,0.000200034587495215,0.0840671426050001,0.00353401504044039,0.000232008598549774,8
12.7712779575000,13.0013020833000,12.9212930467500,0.00242624054413568,0,0.0520437167378930,0.00247550221428962,0.000109975829700278,8
7.38023863898500,18.5063510471000,10.3405348460000,8.18060790098519,0,12.3395078365006,0.00741817891934020,5.12092399139319,8
20.4847017923991,21.3022062513563,20.9282769097222,0.0304124354542315,24.6169249521988,64.6769717982805,46.4923333642688,102.826245076500,8
9.80220794677734,10.0922160678440,10.0122303432888,0.00251672978062733,0,0.182099765529341,0.00226230675125364,0.000605219873433984,8
9.83220630221897,10.1822132534451,10.0172191196018,0.00603062886802693,0,0.0391996582038661,0.00859154541387977,8.81874145406937e-05,8
7.29222827487522,18.5322189331055,10.3522109985352,8.27789568167544,0.000399560667574406,12.1020389690270,0.00898282422869110,4.69731903316159,8
16.6222148471408,20.8922195434571,18.3822080824110,1.42526234005250,0,3.13346797970388,0.00309939180628265,0.272864990804322,8
14.3372260199653,27.0722240871853,18.3722156948514,5.02717082293185,0.000200458704551152,147.900223504780,0.171003915567673,401.001109970124,8
21.7622290717231,34.1022237141927,31.4822302924262,14.0473770212147,0.000432970451667330,10.4508024371681,0.456036058031277,3.74870186305968,8
23.2622273763021,36.4222335815430,30.4422208997938,11.3486366371528,0.000933438267388558,13.3177673697343,0.603034083965961,15.4058043784579,8
17.2367244296500,17.5617557102000,17.4717479282000,0.00535730679740614,0,0.0449419943073977,0.000800223135556995,3.77626349950163e-05,8
21.3721381293000,22.9822985331500,22.2422260708500,0.127768178971516,0.000800138349980859,2.24934928831736,0.0295225554955513,0.0963788443668660,8
18.2440270318000,22.6044633653000,20.6342675950500,1.17255160939504,0,2.33326752842260,0.00125011020742903,0.103056480736787,8
10.4710494147000,28.8228861491000,15.2215237088000,12.2320524679665,0,97.4603439479733,0.271188333802389,219.375953979445,8
7.09221522013346,27.1522140502930,8.49220911661784,50.5300403370486,0.00670009911028851,129.384575135498,0.687638668792810,550.894326160830,8
6.17223315768772,8.46721649169922,6.83721118503147,0.338596068814902,0,3.45846284180880,0.00760076333412459,0.230852277491700,8
21.1590194702500,22.5872378879000,21.9036483765000,0.0965402300843742,0,0.0669547115139631,0.000596046447753906,0.000121811724654271,8
12.3112318251000,19.7019746568000,17.5217543708000,1.55672187133687,0,8.68276862488151,0.000800223131556366,4.68957103252924,8
15.1422331068251,39.8222266303168,21.2822193569607,12.2789248464270,0.00918082892175837,183.602000888399,7.72347016308970,1565.70028198949,8
23.7072224087186,67.3622300889757,42.8222105238173,92.8738949793274,0.597308259045304,117.934488218250,58.3030912776619,1106.84174490305,8
24.3922042846680,29.7472127278646,27.6422034369575,1.20379801304197,4.97757782002901e-05,0.264105490158994,0.00563283820867659,0.00126147663015063,8
23.9222335815430,30.3522237141927,27.1922217475043,1.89453853012142,0,0.0993005995573554,0.00249873707238645,0.000226279455828910,8
5.93059327867500,11.6311645508000,9.28342978159500,2.97470380422421,0,11.1432664807759,0.00611806007008455,2.75134792317832,8
70.0738143920898,89.8757934570313,73.2691307067872,13.0516351494102,0,142.259371820866,0.00302452297183299,206.211651760500,8
33.7722057766385,58.0022176106771,46.2422095404731,20.4250327075940,0.000450014241649516,49.5408694471872,0.0903012048883718,23.1291766523007,8
20.5772166781956,28.1222152709961,25.3522162967258,3.69107575624379,0.000233246558950030,2.77461556694632,0.0275981172472815,0.183708988346215,8
20.1322258843316,25.7572237650554,22.0722262064616,1.39787084368987,0.000758340992520979,4.48478911481437,0.441804685477955,1.47581551766646,8
49.2449273003000,65.3615400526500,62.8562927246000,35.5150927268163,0,12.8286895883651,0.336268570420003,5.15305354208609,8
52.4122195773654,77.1922217475043,57.4522145589193,67.8072941540018,9.98902627088939e-05,33.2613387025091,0.0712350979562359,7.86183148002357,8
37.0872094896105,49.5622168646918,48.8672065734864,20.1499966713446,4.98180775635717e-05,23.7481896093685,0.0110825444926171,13.0501867190623,8
21.8322075737847,68.5372246636285,44.7822146945530,209.079666253177,16.8411409915928,676.687679937680,493.477481077359,32268.3859292718,8
59.5559522841000,81.4081488715000,79.6529727512000,76.9452535527869,0.00245027534573599,1.83678405466517,0.129057132008809,0.128663096571334,8
14.6322250366211,47.6722293429904,22.6422034369575,90.7100298258153,0,153.010883455726,0.0182315839671115,421.536600235941,8
26.2322319878472,70.0722249348958,42.7722083197700,114.881217880920,5.01146761378414e-05,251.167481990603,0.0992351504981238,865.422266923507,8
59.2609278361000,81.4081488715000,79.7579786512500,75.6601538355332,0.000800138353981276,88.2174183540896,0.120071800060587,140.847901187466,8
34.3234337700500,41.1641184489000,37.0737075806000,4.15795015248029,0.000199949819148074,0.00943554406209443,0.00163381362646029,2.56315232263021e-06,8
38.7488767836000,42.3742379083000,39.9589983622500,1.30103169094564,0,0.00503423205990513,0.000633386343678960,1.14500973895286e-06,8
29.8231430053711,39.9702072143555,38.7876663208008,15.1024877499153,0.000727595761416445,19.0642764210351,0.0470511925717106,6.55631293568644,8
0,0,0,0,0,0,0,0,8
49.0549087524000,65.3165351020000,62.6762729221000,34.7229188120461,0.00500044081971552,14.7416333470270,0.308193799997592,6.15547680607962,8
59.7509808010500,81.7081705729000,80.2280256483000,79.0632224539651,0.00245086881201016,95.3463950128688,0.106055189119714,164.605906351529,8
31.5969734191895,35.5451812744141,34.5915069580078,1.68459383041649,0.000727595761416445,1.85233247369738,0.0601479162772497,0.0662141440496045,8
0,17.1875000000000,0,54.2378621252738,0,20.8482581466676,0,7.88279706304436,8
20.7922278510200,55.4922061496311,22.3422156439888,21.8817655488383,0.000799697638901031,389.358496706905,0.575432847756732,4212.30597949148,8
20.8622360229492,63.3122168646918,22.4522315131293,51.8230891146299,0.00151966956270128,577.543656381060,0.952551660108510,8620.03459061362,8
3.33333333333333,3.33333333333333,3.33333333333333,7.23370565919645e-30,0,0,0,0,8
17.1372646755500,22.3977915446000,18.0773586697000,1.77857046833848,0,1.81979922174972,0.00605092972327687,0.109779408506522,8
13.7279743618000,27.4093416002000,18.5384538439000,7.23201460282535,0,23.4997313071624,0.207475932737759,7.26644894205986,8
5.60222625732422,32.1522140502930,8.97222095065647,84.5467883648294,9.98902402519774e-05,223.657396588085,3.35164787149568,1784.92374256478,8
2.70223193698459,8.16222296820746,5.68721665276422,1.72536664051803,0,23.8229032522812,0.0472325936943478,27.4499929138272,8
60.9961107042000,86.3986460368000,85.8785925971000,113.639221144243,0,33.2590035531309,0.0338069475049727,20.0646560002150,8
86.7486784193500,87.6387659708500,87.1437157525000,0.0456706067461213,0,0.198072314824269,0.0162020386361328,0.00134471557706875,8
19.4969516330000,20.1570171780000,19.8769866096000,0.0344181183932249,0,0.0112522634938420,0.00125011020742903,3.58928676594346e-06,8
20.3050316705000,20.9650972154000,20.7650756836000,0.0432038629589288,0,0.0108357720503400,0.00250043235018803,5.53467535558392e-06,8
19.8369852702000,22.6122623020000,21.2296231587500,0.546504699121096,0,0.510153192979954,0.00903496621080908,0.00739389554746250,8
18.0272123548720,22.5822215610080,20.4422208997938,1.24817190478172,0,1.94469035214223,0.00499747414177867,0.0836635927214739,8
18.0474048191000,22.6028590732000,20.4376432631000,1.16381646575037,0,2.02643427294681,0.00500128860301436,0.0885031732954682,8
1.85811109013028,1.85811109013028,1.85811109013028,8.03469440502883e-31,1.50487496323989,1.50487496323989,1.50487496323989,2.46062516154008e-30,8
1.37999998198615,1.37999998198615,1.37999998198615,5.02168400314302e-32,0,0,0,0,8
4.15999968846639,4.15999968846639,4.15999968846639,1.28555110480461e-29,0,0,0,0,8
17.5383037991000,29.8095321655000,18.5609075758500,6.81824682103469,0,9.98319298044331,0.0112522635013429,1.90304379256372,8
21.4421463013000,22.6322640313000,21.6721704271000,0.139612154346428,0,0.00980169481526944,0.000200034587495215,1.78775590432363e-06,8
5.22052341037000,6.96069611443500,5.77057732476000,0.0834170673788487,0,2.16363141527556,0.000450141409207440,0.0898837832140015,8
21.0421074761000,22.0572068956500,21.6546683841000,0.0652514389053850,0.000200034589495423,0.192238495433354,0.0308690401789407,0.00142640787218626,8
20.7820807563000,21.7371771070500,21.4021407233500,0.0588613422243274,0.000450141410107555,0.259250930189573,0.0650293589870439,0.00378313695938188,8
21.3021299574000,22.1422153049000,21.7021730211000,0.0476629787218610,0,0.0449005359090019,0.00234220233684567,4.09104503346810e-05,8
22.0276048448000,24.0778117710000,22.2876315646500,0.266853498489845,0,0.228680121891456,0.00670111630992421,0.00111422525598761,8
21.1022271050347,21.1022271050347,21.1022271050347,4.62798397729660e-28,0,0,0,0,8
21.1022271050347,21.1022271050347,21.1022271050347,4.62798397729660e-28,0,0,0,0,8
0.00222312079535590,0.00222312079535590,0.00222312079535590,7.66248169424899e-37,0,0,0,0,8
20.7611126369900,20.7611126369900,20.7611126369900,1.28555110480461e-29,0,0,0,0,8
21.3736809624566,21.6890483432346,21.5077739291721,0.00658151618967295,0,0.000642098486663145,4.32503101636611e-05,1.62549594900278e-08,8
19.5122273763000,20.4922252231000,19.9772093031500,0.0562161403900733,0,481.967934817725,0.00123240240455402,4223.43322958960,8
28.2622273763021,43.5222074720595,37.1722327338325,10.5356103760131,0.00639805516228564,45.9042758209293,2.34570527520983,90.2515378207304,8
42.8522237141927,56.3922034369575,54.9722205268012,25.5336536843705,0.00243314664999009,32.8704267285729,0.164793234667289,19.8672662715496,8
38.1822119818793,49.1522110833062,47.1922217475043,6.25766101654671,0.00133733167669756,97.2230765593615,0.0538513863787578,225.918866932441,8
50.9422217475043,68.3522203233507,67.4422200520833,44.0756375912281,0,41.1040414810787,0.0949303907511932,30.5117604682878,8
28.9722188313802,54.9672105577257,48.5422261555990,50.3401884092915,37.0903897231209,275.642739168059,157.224654460042,2994.78914709910,8
29.0422121683757,68.5522376166450,60.7122124565972,130.525818258618,38.6750835617000,483.694535483081,312.962801089177,14665.0252954292,8
6.51166703965929,26.6266547309028,8.62667189704048,51.5502814718127,0.0208554995282643,80.4177151743821,1.19993573076681,172.458586832832,8
5.98722034030491,32.1522140502930,8.48223156399197,88.9688214034376,0.00246644342618060,199.362215119925,4.25406312781881,1345.89403020625,8
5.01111878289117,7.00109481811523,5.77111350165473,0.310740078984976,0,2.14575219218621,0.0240283571132096,0.0857899413826386,8
3.26222949557834,8.16222296820746,5.75472195943197,1.39621932221922,0,16.1782974163541,1.75778057174471,12.5166100925456,8
-6.22062259250217,10.6960699293349,9.12091149224175,49.4268755801631,0.00133020245868165,18.6235916830928,0.00831590727832636,10.8371885928916,8
-6.38063854641000,10.7810783386000,4.42544301351000,47.3842853827508,0.000200034589495423,47.1275328874096,0.00980199154516959,81.7275400142896,8
-2.84028371175130,12.0912085639106,10.0460052490235,38.2479728318197,0.000891820871873485,30.0942489117999,0.00440079484994691,17.1266335391081,8
-0.480047861735027,4.75047641330295,0.740074581570095,1.04835060528929,0.00122521185201346,1.63086250557618,0.00425798102619207,0.0673094240610339,8
5.66056675381131,16.3616371154785,9.31093215942383,10.1245282198354,0.000200034588083915,24.8175895379144,0.0109881552956418,20.2035582177358,8
8.59008789062500,9.39333809746637,8.94085354275174,0.0498168464249455,2.12603706051527e-06,0.0390541169673343,0.000479492821350893,3.48843735701631e-05,8
8.08596293131510,10.5773586697049,9.25806045532227,0.167414625544138,2.55423540025330e-07,0.361014388428529,0.000509595711151969,0.00121799385236448,8
10.3921042548286,13.7480396694607,13.3772860633003,1.26786382510956,2.28803595736643e-05,0.302768473289080,0.00193599870101914,0.00170097440501414,8
8.85015911526150,14.3056339687771,12.7820968627930,1.57076058534388,0.000162020386382944,2.59592025727607,0.0220047450798006,0.180360074458527,8
8.59332614474826,10.3508737352159,9.15924178229438,0.178369973393846,5.34609264723839e-05,0.490503928289265,0.194414445964573,0.0205512199370823,8
2,2,2,0,2,2,2,0,8