439,732.5,463,3195.651804,41.79229576,3427.695111,62.91393355,158176.9698,1
457,1147,476,8300.073463,47.0692091,34029.35448,71.58923933,6324120.236,1
338,470,352,1243.008951,20.69530681,416.4225383,33.39115474,2679.695087,1
430,1045,452,10644.83708,12.5,14249.2975,47.66893939,2320079.093,1
319,655,339,2845.634217,53.92380952,15399.04328,78.9475137,2421699.795,1
394,628.5,410,1720.149925,0,1338.860015,53.97436611,24069.65159,1
334,766,349,2850.064545,22.92307692,3248.338638,41.21870405,101731.9724,1
378,541,395,1574.802216,0,883.674775,52.8412936,5234.142359,1
432,1020,449,6699.011526,0,24791.42597,59.1731052,4219356.305,1
463,623,480,1759.465742,0,426.5364688,62.29790937,2545.760295,1
362,493,377.5,1348.939094,29.3758366,1635.727836,43.37553769,14487.26293,1
339,465,356,1294.849777,34.85277017,230.6023878,48.07591876,679.040709,1
316,440,332,1245.93632,0,234.5233113,45.99460592,662.1198107,1
394,709,420.5,3589.98706,35.12301244,5207.023583,50.4120628,148317.9558,1
439,671,470.5,2824.878803,39.65788497,1327.186253,60.02898887,22213.25693,1
409,561,430.5,1584.908634,28.82084794,1523.606086,42.49533196,14527.46674,1
286,553,312,2470.217343,0,3325.467038,67.04981838,116666.7058,1
337,430,351,246.3282148,46.9030303,786.3342919,69.25543531,6396.053281,1
300,579,328,3667.639289,54.47763004,5813.41778,86.3011252,203089.0398,1
350,1084,366,8843.831315,0,41424.55637,46.754329,7259749.191,1
416,1285.5,440,12784.94348,47.06827115,157250.8782,69.38922387,132154934.2,1
419,719,437.5,4762.458274,34.1097059,5496.163613,49.40754484,336682.3827,1
374,513,396,1463.231275,37.21103553,592.2923487,55.63505666,2286.349745,1
232,576,248,3197.088046,27.63177352,2948.418336,47.66493163,169960.2048,1
256,639,275,5783.390002,27.99854326,7523.625108,50.49632206,524283.9489,1
410,666,438.5,3229.547405,34.44044527,1451.248554,50.62990964,25112.01023,1
340,535,358,1948.709627,41.34439379,3004.536834,65.20556243,93328.80223,1
398,784,415,3970.475241,26.81966261,4856.878664,56.62859891,223999.6644,1
449,863,468,4662.545191,29.24034907,10212.74257,42.84551639,1246449.627,1
443,927,468,7196.796978,0,17672.93222,73.0191713,1947675.274,1
384,540,408,1700.285639,43.30343915,1104.951708,67.96648114,8718.571466,1
415,584,435,1861.442592,29.82580568,651,43.54201024,3041.380745,1
88,491,107,3739.095082,60.62632136,3610.122325,93.61706865,182175.5529,1
413,823,432,6211.91233,0,9941.165983,48.05396197,1602439.101,1
397.5,719,421,5043.818099,32.47594379,3643.231536,56.96412252,245648.2659,1
296,904,319,15384.64295,36.76459471,16574.81138,52.84571394,3672180.915,1
384,517,401,1346.066435,31.49570192,1316.891555,50.85502646,7578.001591,1
309,481,325,2343.241428,39.24637875,969.6891225,56.83916092,22370.44246,1
351,488,369,1281.444997,36.36892393,308.9997217,51.22002336,856.7571758,1
385,797,403.5,3738.805707,28.22876383,3928.25603,44.71425651,182363.933,1
288,474,309,1499.859863,28.07711851,2473.184787,39.66371247,26370.43586,1
313,665,328.5,3028.851489,15.58333333,8038.913416,60.49632759,520181.58,1
361,488,387,1040.47323,26.37983577,378.100794,43.74351115,2067.639336,1
175,332.5,188,969.9532703,4.5,3102.0387,35.65367965,43668.38509,1
350,567,368,3127.479065,41.66055109,1948.229836,63.04542019,82544.94949,1
361,501,378,1597.05451,53.80724249,322.4287226,76.64552841,920.0336925,1
288,742,314.5,6176.454041,38.86583866,12709.98313,60.87634201,1875691.467,1
478,924.5,514,7127.264252,53.47519755,12057.0907,88.79034392,1866887.656,1
456,1136,479,16084.69191,32.25555249,16330.83771,59.48642426,4282018.194,1
378,703,399,4769.235592,27.43273208,5567.402635,39.84370748,354751.0258,1
369,554,386,1409.621669,26.59171305,3516.395053,40.14652477,50283.57434,1
479,911,507,5164.631767,28.01268756,9284.738745,55.16709613,903852.9966,1
42.45,54.39,49.725,7.260752615,0.000190906,0.811940093,0.013081942,0.003487249,2
50.77,62.165,57.635,7.648633419,0.000149026,0.125205086,0.004637722,0.000371596,2
50.42,61.7,57.41,7.562784043,0.000118535,0.147042544,0.004717973,0.000305432,2
51.54,63.02,58.08,8.101330451,0,0.19596455,0.005513829,0.000656006,2
50.9,62.51,58.005,7.917132725,0.000136677,1.213490611,0.00693287,0.006595708,2
50.87,62.93,58.3,7.844115457,0.000243921,0.932828817,0.008829319,0.004640558,2
47.51,60.86,54.53,11.64363508,4.44E-05,0.641565479,0.001979651,0.001806855,2
47.64,59.95,54.495,9.540529709,6.50E-05,1.007896207,0.002097771,0.00463888,2
47.31,59.28,55.33,9.232578375,0,0.239791995,0.003413159,0.000757583,2
49.97,62.72,58.85,10.75162473,0,0.320340037,0.003735387,0.000724975,2
50.35,61.61,58.05,9.55584615,0,0.200732173,0.0024974,0.000284235,2
45.41,54.98,51.98,6.906272787,0,0.133703853,0.001827653,0.000128054,2
51.35,62.15,58.61,9.624084541,0,0.123308516,0.002031519,0.000107044,2
48.58,60.92,56.465,10.00265566,0,0.318959218,0.003141253,0.000851893,2
52.84,71.44,62,23.09442458,0,1.88447474,0.016877477,0.070290541,2
53.32,65.98,62.78,9.152189469,0.000304637,0.489250792,0.006158241,0.002935546,2
45.77,66.09,58.18,19.70165432,0.000395906,0.899917472,0.03674266,0.024475875,2
51.15,68.36,59.535,18.56386204,0.000892798,0.49978561,0.014884806,0.008050649,2
52.21,67.29,59.665,8.86332374,0.000168395,0.877470748,0.009008932,0.004430681,2
51.79,62.78,58.24,5.47908352,0.000200039,0.998262489,0.003775341,0.007793078,2
49.84,61.64,58.865,9.830229754,0.000239366,1.712676277,0.005540036,0.019278601,2
49.06,61.01,56.26,8.200660225,0.000135083,1.998577463,0.003703518,0.0169145,2
52.33,65.45,60.235,9.024194152,0.000209388,0.71050824,0.00374333,0.003647973,2
52.43,64.27,59.16,6.908449952,0.000252345,1.465336453,0.004903636,0.010337853,2
50,63.41,58.27,9.234553908,0.000215148,0.85435405,0.004950983,0.003503153,2
48.32,63.82,54.58,12.51736678,8.01E-05,0.434859629,0.006401917,0.001659337,2
54.78,67.95,62.615,9.433517525,0.000472492,0.438861352,0.014052004,0.003192188,2
49.36,64.95,59.65,10.13909999,0.000218244,0.414375324,0.010310291,0.002686737,2
48.38,63.17,57.7,8.514373536,0.000391166,0.278246622,0.010909934,0.001467056,2
52.75,66.79,60.22,8.210472664,0,2.358310046,0.008867149,0.023742075,2
48.64,63.29,58.255,9.170249123,0.000331166,0.877406361,0.009215119,0.010210033,2
52.24,62.645,56.925,6.650432154,0.000268135,0.491807965,0.009176407,0.002799185,2
47.54,61.16,54.92,9.911392295,0.000205542,0.680511425,0.013894632,0.005724728,2
48.84,62.06,57.38,7.990058778,0,6.402007964,0.011847305,0.189851008,2
44.45,57.87,52.695,8.608978201,0.000298438,0.387092056,0.0114836,0.003688525,2
49.71,59.4,55.05,5.793825566,0.000173346,0.490684292,0.007294994,0.002111004,2
46.85,63.2,57.855,11.65708881,0.000471602,0.687681153,0.017794799,0.011273583,2
48.03,65.86,60.01,14.61761024,0,2.739991563,0.032641135,0.065395162,2
49.77,62.63,57.665,8.408997551,0.000202177,0.239677481,0.010398343,0.000647563,2
50.26,64,58.13,9.539892655,0.00031756,0.248557589,0.012701738,0.001219383,2
50.23,64.12,58.02,9.720680861,0.0001125,0.270397339,0.016910496,0.001470584,2
48.87,57.28,54.67,5.042870005,0,0.169763344,0.002286558,0.000290956,2
54.92,66.71,62.405,7.60122073,0,596.9227534,0.009977846,1448.336308,2
50.23,60.19,57.19,7.474115034,0.000141644,0.194999099,0.002331411,0.000282666,2
54.92,68.24,63.79,9.281255658,0.000256908,0.467463967,0.012140553,0.002505674,2
48.12,56.39,53.79,4.91122997,0.00018198,0.155844261,0.001861228,0.000158734,2
45.37,59.92,53.5175,10.77183112,0.000298095,0.377729527,0.025046154,0.004792145,2
53.25,66.53,59.875,10.4047413,0.000894812,0.582954767,0.031869459,0.005866634,2
49.84,58.3,54.98,4.371029589,0.000246011,0.214548196,0.0038262,0.001134519,2
42.15,50.51,46.87,4.20178658,4.93E-05,0.235770054,0.003812389,0.000602723,2
47.57,60.37,54.48,9.473032568,0.000284264,0.376860502,0.018943573,0.004173509,2
48.64,60.19,55.08,7.509062247,0.000178807,0.325765311,0.010915581,0.002112438,2
22.64,25.63,23.85,0.569871991,3.99E-05,0.018923002,0.001537727,1.37E-05,4
22.31,24.805,23.26,0.236078646,4.41E-05,0.037216064,0.000551636,1.51E-05,4
22.49,24.9,23.36,0.197734407,3.25E-05,0.005965223,0.000422112,1.01E-06,4
21.78,24.68,22.98,0.303653018,0,61948.01329,19289.39882,58119039.25,4
22.03,24.51,23.01,0.185220183,3.75E-05,0.032767854,0.000471133,1.46E-05,4
22.23,24.64,23.12,0.280734232,4.47E-05,0.021930545,0.00065664,5.55E-06,4
22.58,24.68,23.905,0.305026683,3.04E-05,0.006547854,9.39E-05,5.40E-07,4
23.05,24.8,24.2,0.214532278,3.32E-05,0.004002362,8.41E-05,7.62E-08,4
23.3,25.27,23.88,0.10799793,0,0.022374941,0.000119446,6.46E-06,4
22.34,23.19,22.82,0.039310503,0,576.5254566,7.89E-05,4020.757455,4
22.88,23.71,23.3,0.028799073,0,0.003031648,6.00E-05,6.03E-08,4
22.655,23.53,23.16,0.032159071,0,0.002653659,6.55E-05,3.07E-08,4
22.64,23.57,23.11,0.040453633,0,0.000392715,5.96E-05,3.53E-09,4
22.99,24.68,23.635,0.102596128,0,0.031444196,8.17E-05,4.62E-06,4
20.28,23.04,21.54,1.265957567,0,0.369158874,0.000206477,0.00195576,4
21.16,22.78,22.24,0.104440037,3.24E-05,0.042255962,0.000118506,1.63E-05,4
21.39,26.86,22.57,1.712905432,2.81E-05,0.11071214,0.002229328,0.000441475,4
20.83,23.29,21.6,0.488647497,7.04E-05,0.128129657,0.001260593,0.000257277,4
21.5,23.92,22.555,0.225998553,3.61E-05,561.988117,0.000843409,1294.378786,4
22.28,24.65,22.96,0.252421886,2.98E-05,0.07832519,0.00011149,3.13E-05,4
22.11,24.64,23.19,0.21187927,3.34E-05,0.182460841,0.000176607,0.000165777,4
22.51,24.45,23.59,0.282776897,3.97E-05,0.031439123,0.000208265,1.41E-05,4
21.9,23.58,23.005,0.179074285,2.76E-05,0.027139249,8.76E-05,8.80E-06,4
21.65,24.2,22.84,0.364281004,2.00E-05,573.1213863,0.000181002,2661.899536,4
21.72,24.29,22.8,0.421478147,3.28E-05,0.02920792,0.000213625,1.75E-05,4
24.36,26.32,25.345,0.21943079,0,0.021502304,0.000219531,1.53E-05,4
20.55,22.9,21.61,0.383845687,4.77E-05,0.089120295,0.000882116,8.96E-05,4
21.26,24.9,22.375,0.619353255,3.89E-05,0.092471815,0.001070901,0.000110581,4
21.62,24.87,22.935,0.534178741,3.59E-05,0.048765718,0.001162656,3.54E-05,4
21.14,24.5,22.28,0.541379313,0,0.05957457,0.0010372,4.31E-05,4
21.49,25.52,22.73,0.437461271,3.57E-05,0.155360544,0.000590155,0.000244647,4
21.82,25.32,22.66,0.711354518,4.03E-05,0.055477599,0.000633858,5.29E-05,4
21.81,27.01,22.96,1.443574144,3.34E-05,0.125733414,0.001239394,0.000227052,4
21.92,25.64,23.26,0.670806688,0,7.622510541,0.001047824,0.257975247,4
22.69,27.06,24.24,0.870608367,4.70E-05,0.094859116,0.001227042,0.000164968,4
22.62,25.58,23.55,0.437162428,2.63E-05,0.080055832,0.000586305,4.03E-05,4
21.63,26.34,22.84,0.993420442,3.24E-05,0.073146374,0.001225091,0.000273926,4
20.78,25.8,22.365,1.061222099,0,0.372414973,0.001443733,0.00105757,4
21.59,24.26,22.6,0.458457257,4.64E-05,0.011597484,0.001090441,5.76E-06,4
21.39,24.3,22.675,0.669897964,3.80E-05,0.042440232,0.001332261,2.99E-05,4
20.19,23.72,21.54,0.841906132,5.33E-05,0.031345676,0.001528879,2.34E-05,4
22.4,23.98,22.8,0.05600484,0,0.016431445,8.00E-05,4.56E-06,4
20.94,22.82,21.64,0.185146992,0,110.5851679,0.000418117,49.71078502,4
22.92,23.77,23.32,0.029891128,3.89E-05,0.001868034,8.06E-05,3.21E-08,4
20.31,22.4,20.995,0.279138806,3.88E-05,0.045969216,0.000556099,2.11E-05,4
23.7,24.51,23.99,0.031287253,2.97E-05,0.001156704,8.12E-05,1.68E-08,4
22.08,27.305,24.275,1.194409472,5.69E-05,0.083717205,0.002954503,0.000150725,4
20.76,25.26,22.2,0.904076949,4.87E-05,574.1506986,0.002793008,3985.303221,4
22.88,25.08,23.54,0.163757299,4.29E-05,0.019439847,0.000272653,7.10E-06,4
25.2,26.99,26.25,0.16864619,3.62E-05,0.014261299,0.000448613,3.85E-06,4
22.01,26.71,23.505,1.115616264,3.50E-05,0.0505925,0.001451642,0.000109778,4
21.64,25.27,23.69,0.629219892,4.07E-05,0.061611507,0.001164123,7.01E-05,4
21.80555556,23.125,22.5,0.086920135,0.398722045,5.213475507,2.103723151,0.73529881,4
20.97222222,23.05555556,22.5,0.133086412,0.053278243,5.964840822,2.465776697,0.976915402,4
21.66666667,23.88888889,23.19444444,0.124855014,0.403426253,5.414419738,2.143510126,0.738069463,4
21.52777778,24.30555556,23.19444444,0.142252767,0.393605899,8.475597396,4.127356368,1.831837346,4
21.52777778,23.05555556,22.5,0.064073469,0.137603412,4.156881105,1.606343306,0.402804197,4
21.25,25.41666667,24.30555556,0.308151965,1.388792213,17.79459203,10.159208,8.381096056,4
21.52777778,22.77777778,22.36111111,0.045718302,0.176936088,3.578640598,1.534154302,0.293476114,4
20.69444444,21.38888889,21.11111111,0.023988545,0,1.585939771,1.46E-26,0.040614356,4
20.55555556,21.52777778,21.25,0.03414275,0,1.559808466,6.70E-27,0.066092989,4
19.98888889,22.01666667,20.97222222,0.317996787,3.24E-27,1.176658807,0.171818976,0.067510487,4
20.25,24.16111111,23.31666667,1.852041957,0,0.509053012,1.22E-26,0.005584495,4
20.41666667,24.44444444,23.05555556,1.207145667,0,2.112266128,0.008271275,0.059202714,4
18.75,21.25,20,0.223981737,0,1.070457368,0.003851783,0.004520533,4
19.86111111,22.22222222,21.25,0.146864903,0,1.790680408,0.00464684,0.012757901,4
20.41666667,22.77777778,21.66666667,0.26686296,0,0.249054271,0.002418104,0.000743947,4
19.72222222,22.63888889,20.55555556,0.345274298,2.14E-27,0.36190986,0.005598199,0.00147888,4
18.75,22.77777778,19.44444444,0.900287836,5.59E-27,0.914660738,0.013030063,0.006562771,4
19.02777778,24.72222222,21.52777778,1.780496125,0,1.558152485,0.004680969,0.015675763,4
20,22.91666667,21.66666667,0.166943416,0,2.11942257,0.007466399,0.0175495,4
19.44444444,23.47222222,23.33333333,1.570726375,3.66E-27,0.968591281,0.002289424,0.00486605,4
18.61111111,23.88888889,21.66666667,0.965290721,0,0.600259613,0.009250123,0.008514887,4
18.61111111,22.08333333,19.44444444,0.653166225,2.03E-28,1.026730698,0.004727182,0.010173165,4
19.72222222,23.19444444,21.66666667,0.225610449,0,0.375784513,0.004741584,0.001662042,4
14.86111111,22.22222222,19.72222222,2.343597523,0,3.801964347,0.015224404,0.145450974,4
20.41666667,23.19444444,21.66666667,0.370239686,0,0.394699883,0.002671083,0.001357641,4
19.58333333,23.75,21.66666667,0.691255354,0,0.635202013,0.010197224,0.00671066,4
20.69444444,24.16666667,22.36111111,0.474009573,0,0.429473896,0.008823711,0.001696602,4
19.72222222,23.88888889,21.66666667,0.704614311,0,0.246536436,0.012724364,0.001206514,4
19.02777778,25.27777778,21.80555556,1.683682636,0.009066331,3.625608583,0.407213364,0.312058925,4
22.36111111,25.69444444,22.77777778,0.210598032,4.10E-27,0.398087805,0.004748961,0.001083823,4
20.69444444,23.47222222,22.77777778,0.412165638,0,0.271056114,0.003997983,0.000755234,4
21.11111111,23.19444444,21.52777778,0.336110307,0,0.034519042,0.001629491,1.43E-05,4
19.86111111,22.91666667,21.66666667,0.311026941,0,0.448317024,0.004563194,0.001829079,4
19.58333333,23.05555556,21.52777778,0.459955678,0,0.413720693,0.004699693,0.001277336,4
20.27777778,24.72222222,23.75,1.558760692,0,0.9299534,0.004286403,0.004463177,4
19.86111111,23.19444444,21.66666667,0.493510904,0,0.125483807,0.002665107,0.000253271,4
20.97222222,23.61111111,22.08333333,0.223382466,0,0.454092109,0.00315743,0.002109585,4
19.72222222,22.22222222,20.55555556,0.281609725,6.13E-27,0.593036242,0.004805267,0.004350709,4
20.55555556,23.88888889,21.25,0.561062977,0,0.369299494,0.003342111,0.00146133,4
20.13888889,21.94444444,21.11111111,0.0920358,0,0.157471203,0.00416611,0.000610272,4
19.44444444,24.16666667,21.94444444,2.549884827,0,0.699312525,6.70E-27,0.003511686,4
20.41666667,22.5,21.66666667,0.184297435,0,0.154383668,0.004844015,0.000740599,4
20.13888889,27.36111111,21.11111111,5.231729035,0,2.227572356,0.00829288,0.107870292,4
20.55555556,22.5,21.66666667,0.142969128,2.14E-27,0.153344663,0.00622155,0.000462941,4
19.58333333,23.47222222,23.33333333,1.44603588,0,0.605327155,0.001478963,0.00284968,4
22.5,23.47222222,23.33333333,0.037211204,0,0.009578663,6.13E-27,3.67E-06,4
20.13888889,23.05555556,21.66666667,0.186421476,1.53E-27,0.336598105,0.002926946,0.000859948,4
20.27777778,24.72222222,21.66666667,0.941625081,0,1.299374005,0.00434486,0.010852075,4
20.55555556,22.77777778,21.66666667,0.22606788,0,0.40563414,0.003307942,0.001365366,4
20,23.19444444,21.94444444,0.285989969,0,0.575642464,0.001967789,0.003426668,4
18.88888889,23.61111111,21.66666667,1.107256559,0,0.661426452,0.003683529,0.004566998,4
19.72222222,22.63888889,21.38888889,0.395578732,0,0.108390415,0.004589431,0.000249524,4
20.27777778,23.33333333,21.25,0.31783197,0,0.275847703,0.00361235,0.000536152,4
18.75,23.19444444,21.11111111,1.210094665,0,0.314948249,0.004007289,0.000978535,4
19.02777778,23.19444444,20.83333333,0.816125807,0,0.18221398,0.004015921,0.000307175,4
20.13888889,23.33333333,21.66666667,0.459010379,0,0.241439879,0.002921539,0.000502579,4
20.55555556,23.33333333,21.66666667,0.381614004,0,0.148442055,0.003366277,0.000267152,4
18.33333333,21.52777778,18.88888889,0.589421719,0,0.349540596,0.004084501,0.002412602,4
18.33333333,21.94444444,20.13888889,0.676231116,0,0.113096748,0.003900121,0.000194967,4
20.27777778,23.19444444,21.66666667,0.384814323,0,0.141888028,0.001206823,0.000227522,4
19.02777778,22.77777778,20.69444444,1.074890639,0,0.246645861,0.002910267,0.00028817,4
20.27777778,22.36111111,21.11111111,0.119644863,0,0.120666189,0.002970689,0.000178854,4
18.33333333,21.38888889,19.30555556,0.580242363,0,0.209087622,0.003735453,0.000661653,4
20.55555556,23.05555556,21.52777778,0.236547207,0,0.114547956,0.003261344,0.000103073,4
20.41666667,23.47222222,22.36111111,0.654026716,0,0.278879463,0.003378096,0.000881006,4
20.41666667,23.47222222,21.66666667,0.34593614,0,0.241590271,0.003594157,0.00055272,4
18.19444444,23.47222222,23.33333333,2.911765459,0,0.761184341,0.002418104,0.005807054,4
20.27777778,23.75,21.66666667,0.513211548,0,0.385865149,0.004050252,0.002939531,4
20.41666667,24.30555556,21.66666667,0.443635016,0,0.379513088,0.004723066,0.001586628,4
18.47222222,23.47222222,23.19444444,2.384958999,0,0.753168701,0.00213113,0.004676613,4
20.69444444,22.91666667,21.80555556,0.324716783,0,0.165077562,0.003337538,0.000191798,4
20.55555556,23.33333333,21.94444444,0.397734687,2.14E-27,0.611775522,0.003045588,0.00304392,4
20.55555556,23.05555556,21.66666667,0.350305968,0,0.144244601,0.003907558,0.000252676,4
19.30555556,22.08333333,20.69444444,0.400049546,0,0.082579948,0.003853775,0.000154013,4
19.32222222,23.21111111,21.48888889,0.689458725,0,0.151180695,7.92E-27,0.000239722,4
21.14444444,24.22777778,22.81111111,0.509404964,2.03E-28,0.073686954,1.55E-26,0.000119654,4
20.05555556,24.11111111,21.97222222,0.733136461,0,0.109022062,1.55E-26,0.000156283,4
19.89444444,23.72777778,21.53333333,0.995068525,2.03E-28,0.255941836,2.03E-26,0.000338266,4
20.55555556,23.47222222,21.25,0.15953594,4.10E-27,0.613795368,0.133284448,0.009280365,4
19.44444444,26.38888889,19.86111111,0.594516921,3.17E-28,1.074939274,0.327027617,0.033862795,4
23.05555556,23.61111111,23.33333333,0.056526444,4.10E-27,0.077294353,6.13E-27,9.43E-05,4
28.61111111,30.55555556,29.30555556,0.168059291,2.03E-28,0.120931189,1.38E-26,0.000129187,4
20.55555556,22.5,21.80555556,0.227831488,0,0.120473633,6.13E-27,0.000335945,4
21.52777778,23.88888889,22.29166667,0.268366455,8.11E-28,0.1602132,7.92E-27,0.000567252,4
20.55555556,22.77777778,22.22222222,0.445091231,0,0.385090676,9.93E-27,0.001020444,4
18.33333333,22.63888889,20.69444444,0.84976658,0,0.512830973,6.13E-27,0.001557074,4
20.69444444,22.63888889,21.38888889,0.207641868,0,0.112406203,6.13E-27,0.000328811,4
20,23.19444444,21.80555556,0.232535819,0,1.132969798,6.13E-27,0.00603579,4
18.75,21.66666667,20.83333333,0.677387992,0,0.124718895,6.70E-27,0.000506695,4
18.47222222,19.72222222,19.72222222,0.144403772,2.03E-28,0.117186902,3.66E-27,0.000160116,4
21.52777778,22.77777778,21.52777778,0.039563665,1.53E-27,0.226027234,7.92E-27,0.000296679,4
17.77777778,23.61111111,20.27777778,0.934053826,0,0.269335062,0.004149647,0.001369835,4
18.75,23.61111111,20.27777778,0.749258107,0,0.290484878,0.004278461,0.000911501,4
18.47222222,24.02777778,20.27777778,1.162439077,0,0.269100542,0.004829835,0.000512267,4
20.27777778,23.47222222,21.66666667,0.284720508,0,0.104458289,0.004382972,0.000105464,4
20,23.33333333,21.66666667,0.19769296,0,0.119311658,0.003611287,0.000304126,4
19.44444444,22.5,21.11111111,0.309490572,0,0.232171662,0.003188372,0.000297105,4
20.41666667,26.38888889,22.36111111,1.521624249,0,2.869272137,0.00451484,0.224756922,4
22.22222222,22.22222222,22.22222222,6.70E-27,1.83E-27,9.93E-27,9.93E-27,8.68E-55,4
22.22222222,22.22222222,22.22222222,6.70E-27,1.83E-27,9.93E-27,9.93E-27,8.75E-55,4
22.22222222,22.22222222,22.22222222,6.70E-27,1.83E-27,9.93E-27,9.93E-27,8.75E-55,4
17.63888889,22.77777778,21.38888889,0.979689758,0,0.517155116,0.004788402,0.002844127,4
20.55555556,24.16666667,22.08333333,0.53084533,0,0.213601664,0.00456849,0.000773897,4
19.02777778,22.63888889,21.38888889,0.356467105,0,0.167542544,0.00425376,0.000773068,4
20,23.33333333,21.80555556,0.395994794,0,0.569018506,0.004425998,0.003087607,4
16.66666667,22.22222222,20.69444444,2.219440993,0,0.488979531,0.003072188,0.002545464,4
20.41666667,23.33333333,21.66666667,0.34145853,0,0.145519454,0.001626766,0.000170821,4
18.33333333,23.47222222,22.56944444,1.956766646,0,0.437811436,0.00234148,0.0017298,4
20.41666667,23.47222222,21.94444444,0.354984369,0,0.123516283,0.004242207,0.000272334,4
20.13888889,23.19444444,21.94444444,0.355732275,0,0.60050051,0.002826341,0.003282016,4
20.13888889,23.47222222,21.94444444,0.318017247,0,0.118120297,0.002884207,0.000266822,4
19.16666667,22.91666667,20.97222222,0.548772985,0,0.113759672,0.004153893,0.00018053,4
18.75,21.25,20,0.099277649,0,0.146392728,0.004200774,0.000292366,4
20,23.05555556,21.25,0.459762052,0,0.356307942,0.003735453,0.002208478,4
20.13888889,23.19444444,21.25,0.442882973,0,0.161597213,0.003164558,0.000371153,4
19.72222222,23.75,21.38888889,0.607168973,0,0.154992676,0.008913615,0.000531293,4
19.44444444,23.33333333,21.52777778,0.535065044,0,0.107560698,0.004495053,0.00017312,4
19.72222222,23.19444444,21.38888889,0.538024237,0,0.108708066,0.00337212,0.00017722,4
19.16666667,22.77777778,20.83333333,0.651471838,0,0.262737696,0.003010513,0.000577379,4
20.97222222,24.02777778,21.94444444,0.411177418,2.14E-27,0.117489414,0.004176472,0.000216155,4
16.80555556,20.69444444,18.05555556,0.683700055,0,0.360077258,0.004585222,0.001338566,4
22.22222222,24.30555556,23.05555556,0.364301724,0,0.036507064,0.001297296,2.50E-05,4
16.66666667,23.05555556,21.25,0.598211018,0,3.431425855,0.004065985,0.082481963,4
20.27777778,23.61111111,21.66666667,0.446357071,0,0.142539484,0.003931462,0.000619212,4
20.27777778,23.26388889,21.77083333,0.467388049,0,0.440105225,0.00411199,0.001694668,4
23.19444444,23.47222222,23.33333333,0.001434644,2.14E-27,0.016885431,4.57E-27,5.40E-06,4
20.27777778,23.33333333,21.80555556,0.404231806,0,0.108704879,0.00381744,0.000211573,4
19.72222222,21.11111111,20,0.018040757,0,0.091497547,0.003198025,7.82E-05,4
20.41666667,23.61111111,21.94444444,0.45618778,0,0.191589464,0.003491616,0.000445978,4
20.27777778,23.19444444,21.80555556,0.290747121,0,0.2677843,0.001478963,0.00070532,4
20.41666667,23.47222222,21.66666667,0.285478387,0,0.225261526,0.004208742,0.000336477,4
20,23.47222222,21.66666667,0.353068285,0,0.693594808,0.003945936,0.003325941,4
20.96666667,24.02222222,22.52222222,0.190899411,2.03E-28,0.173187555,9.24E-27,0.000237172,4
20.76666667,24.46111111,22.54444444,0.577173327,1.27E-29,0.108614056,1.55E-26,0.000235073,4
20.64444444,23.97777778,22.86666667,0.544366043,2.03E-28,0.048987238,2.13E-26,8.76E-05,4
20.71111111,25.65555556,22.1,0.774763176,0,0.70823399,7.61E-27,0.002984721,4
19.72222222,22.91666667,20.97222222,0.388329274,0,0.199410688,0.004723331,0.000568002,4
20.13888889,24.16666667,21.66666667,0.445478629,0,0.939524361,0.004734221,0.008882481,4
20.69444444,24.02777778,21.80555556,0.372414923,0,0.287506236,0.005255051,0.000894983,4
20.41666667,24.02777778,21.80555556,0.291259514,0,0.36553363,0.004837803,0.001279547,4
19.02777778,23.33333333,21.25,0.759482124,0,0.852282965,0.004074219,0.006317403,4
18.88888889,22.08333333,20.55555556,0.272175132,0,0.17230598,0.002587023,0.000454978,4
20.41666667,23.05555556,21.52777778,0.327371539,0,0.074841589,0.003835848,5.25E-05,4
20.41666667,22.91666667,21.38888889,0.299368576,0,0.129270121,0.002760323,0.00013002,4
20.27777778,23.47222222,21.66666667,0.375774146,0,0.261063389,0.004616828,0.000616513,4
20.41666667,23.47222222,21.80555556,0.456906432,1.27E-27,0.225867081,0.004353295,0.000677327,4
19.72222222,22.77777778,21.66666667,0.509003653,0,0.220805913,0.003281861,0.000284151,4
18.47222222,23.47222222,22.5,2.043851152,0,0.645288227,0.001769523,0.003064977,4
20.27777778,23.47222222,21.66666667,0.382260554,0,0.398939832,0.005131332,0.001100258,4
20.41666667,24.16666667,21.80555556,0.332308944,0,0.230717222,0.004505677,0.000899057,4
20.55555556,23.05555556,21.66666667,0.28331534,2.14E-27,0.389072494,0.001967789,0.001818405,4
20,24.02777778,21.66666667,0.553582145,0,0.16985959,0.004825054,0.000497962,4
20.25555556,23.36666667,21.93611111,0.432337501,2.03E-28,0.091947729,1.22E-26,0.000152191,4
20.85,23.90555556,22.55833333,0.351603149,5.07E-29,0.119568955,3.24E-27,0.000244031,4
20.83888889,23.81111111,22.45,0.381172036,4.56E-28,0.237554298,1.14E-26,0.000585249,4
19.75555556,22,20.02222222,0.046934709,0.0036928,0.333434575,0.067832941,0.00093509,4
19.91111111,23.55555556,20.01111111,0.132912257,3.17E-28,1.039191217,7.30E-27,0.006684302,4
19.73333333,22.08888889,19.96666667,0.044291437,0.01459282,0.329991971,0.037065203,0.000712856,4
19.75,21.65555556,19.94444444,0.035298632,0.002762182,0.319826996,0.040160426,0.0006948,4
19.8,21.82777778,19.97222222,0.03208035,1.27E-29,0.423190568,0.049809887,0.000938275,4
19.71111111,20.57222222,19.94444444,0.006573824,1.27E-29,0.082575722,0.016099959,0.000133982,4
19.91666667,22.16111111,19.95555556,0.037576385,0,0.595587312,6.21E-28,0.001858927,4
19.81666667,22.30555556,19.99444444,0.053705195,1.27E-29,0.593415795,0.021418795,0.001770243,4
19.89444444,22.78333333,20.00555556,0.075306685,1.27E-29,0.745286509,7.30E-27,0.003275777,4
70,70,70,0,0,0,0,0,6
1,1,1,0,0,0,0,0,6
70,70,70,0,0,0,0,0,6
1,1,1,0,0,0,0,0,6
70,70,70,0,0,0,0,0,6
1,1,1,0,0,0,0,0,6
70,70,70,0,0,0,0,0,6
1,1,1,0,0,0,0,0,6
70,70,70,0,0,0,0,0,6
1,1,1,0,0,0,0,0,6
70,70,70,0,0,0,0,0,6
1,1,1,0,0,0,0,0,6
70,70,70,0,0,0,0,0,6
1,1,1,0,0,0,0,0,6
70,70,70,0,0,0,0,0,6
1,1,1,0,0,0,0,0,6
70,70,70,0,0,0,0,0,6
1,1,1,0,0,0,0,0,6
70,70,70,0,0,0,0,0,6
70,70,70,0,0,0,0,0,6
0,30.7,29.285,20.97671987,0,213.2405724,2.472838682,340.3686089,6
32,32,32,0,0,0,0,0,6
71,78.5,78.5,4.797794118,0,15.59333609,0,1.7443446,6
652,652,652,0,0,0,0,0,6
20,652,150,45081.63712,0,90810.87683,0,37524269.47,6
69,73,71,0.850906714,0,1.213656621,0,0.011243367,6
1,1,1,0,0,0,0,0,6
70.4,100,100,9.221448529,0,27.11760099,0,5.355804467,6
352,352,352,0,0,0,0,0,6
20,352,150,8962.188588,0,23547.92213,0,2353235.431,6
69,73,71,0.850906714,0,1.260182676,0,0.011602193,6
1,1,1,0,0,0,0,0,6
0,100,100,1383.260122,0,251.1280946,0,375.7202792,6
800,800,800,0,0,0,0,0,6
560,560,560,0,0,0,0,0,6
69,73,71,0.850906714,0,1.282221333,0,0.01181837,6
1,1,1,0,0,0,0,0,6
0,57.6,38.8,177.4335337,0,141.7636327,0.924423516,216.3892073,6
0,100,0,1613.689324,0,1412.5902,0,23577.97666,6
200,200,200,0,0,0,0,0,6
140,140,140,0,0,0,0,0,6
69,69,69,0,0,0,0,0,6
16,16,16,0,0,0,0,0,6
0,1,1,0.244224877,0,0.250874294,0,0.001988844,6
0,18,2.8,7.315773897,0,102.495555,0.778205149,132.7102669,6
0,100,32.8,989.3071955,0,524.4403668,16.31600936,4280.058358,6
776,776,776,0,0,0,0,0,6
20,352,164,8312.427803,0,22997.48842,0,2231455.266,6
67,67,67,0,0,0,0,0,6
16,16,16,0,0,0,0,0,6
0,100,5.2,922.3899216,0,1102.569574,5.075435495,14742.02218,6
752,1652,1652,117814.7978,0,202706.3197,0,674898701.9,6
24,752,188,57695.04681,0,120275.5014,0,67637511.99,6
67,76,71,5.250407815,0,10.88587361,0,0.607446323,6
0,1,0,0.145450368,0,0.250254716,0,0.00102807,6
0,100,0,580.5104681,0,2493.469354,0,26707.01965,6
0,100,0,213.7212788,0,390.4496632,0,1330.041235,6
524,1452,524,180468.7059,0,215669.4999,0,800080110.7,6
64,524,524,13314.20097,0,35161.88925,0,5696337.646,6
69,74,71,1.313971065,0,2.347459727,0,0.033187303,6
0,1,1,0.209558824,0,0.250254716,0,0.001078458,6
0,100,27.6,1969.743436,0,524.9891498,0,2846.736877,6
500,500,500,0,0,0,0,0,6
0,500,16,34835.8163,0,60521.88649,0,18249799.08,6
74,74,74,0,0,0,0,0,6
16,16,16,0,0,0,0,0,6
352,352,352,0,0,0,0,0,6
0,352,16,16963.09975,0,29888.63309,0,4417899.622,6
74,74,74,0,0,0,0,0,6
16,16,16,0,0,0,0,0,6
0,79.2,0,247.8313897,0,2091.225854,0,66387.22295,6
320,324,320,2.030392157,0,4.01398871,0,1.124170694,6
224,224,224,0,0,0,0,0,6
69,73,71,0.970178211,0,1.343439826,0,0.013356282,6
0,1,1,0.12689951,0,0.250805452,0,0.004394374,6
0,100,6.8,1500.804985,0,1109.760804,1.568758915,16387.72298,6
0,100,12.6,1317.481098,0,752.8941958,3.701956537,13811.4042,6
600,1324,1324,41336.67353,0,130946.5695,0,417247519.7,6
420,420,420,0,0,0,0,0,6
67,67,67,0,0,0,0,0,6
16,16,16,0,0,0,0,0,6
0,1,0,0.078860294,0,0.249814126,0,0.001526361,6
0,32,0,24.76226471,0,299.8492171,0,530.6746617,6
0,100,0,664.9587353,0,1010.44038,0,10061.42498,6
504,752,504,14282.15588,0,15429.7726,0,4488414.658,6
20,504,150,23580.86212,0,52789.14146,0,13175263.47,6
69,73,71,0.855839975,0,1.352928693,0,0.012328694,6
0,1,1,0.232215074,0,0.250874294,0,0.001186551,6
0,100,0,1691.620841,0,725.4353193,0,4708.834933,6
900,900,900,0,0,0,0,0,6
8,900,75,113374.297,0,191224.8603,0,206555578.2,6
69,73,71,0.972489447,0,1.371294241,0,0.013692818,6
1,1,1,0,0,0,0,0,6
100,100,100,0,0,0,0,0,6
0,100,0,454.415723,0,1190.467014,0,13127.46654,6
600,600,600,0,0,0,0,0,6
420,420,420,0,0,0,0,0,6
69,73,71,0.859300109,0,1.388843542,0,0.012673372,6
0,1,1,0.062239583,0,0.226641884,0,0.000541133,6
0,91.6,33,274.051568,0,249.9470434,0.814447137,851.7871573,6
0,100,0,607.3821863,0,2010.622134,0,21688.99518,6
576,1500,576,101163.5625,0,212544.7316,0,1089104069,6
72,612,576,16107.92102,0,42458.3772,0,8389650.486,6
69,73,71,0.972489447,0,1.3973121,0,0.0140635,6
0,1,1,0.118489583,0,0.248946716,0,0.001497277,6
0,100,100,1470.637352,0,651.6364059,0,7058.113729,6
0,100,77.2,1387.719156,0,530.8484536,9.393127909,3851.742388,6
852,1664,1664,5130.92451,0,30330.00556,0,4989991.805,6
108,904,852,35131.48407,0,93276.97954,0,40569685.22,6
69,73,71,0.97248104,0,1.405576597,0,0.014226419,6
0,1,0,0.007781863,0,0.046000275,0,1.15E-05,6
0,35.2,0,5.506389706,0,73.73126256,0,40.81288571,6
0,100,0,911.1218278,0,1651.867054,0,22725.11993,6
400,820,400,26978.82353,0,44254.22553,0,60266713.61,6
280,280,280,0,0,0,0,0,6
69,73,71,0.97248104,0,1.421493405,0,0.014397497,6
0,1,1,0.152941176,0,0.250874294,0,0.001933737,6
0,100,99.8,1770.280449,0,862.8628148,0,8137.653342,6
0,100,64.4,1366.907311,0,2008.815683,209.545112,133964.9411,6
352,1500,1500,132900.7664,0,330682.6724,0,11117707728,6
44,376,352,6002.471507,0,15931.13237,0,1194182.66,6
67,73,71,3.585440599,0,3.051825279,0,0.094364155,6
0,1,0,0.100842525,0,0.2509156,0,0.006403965,6
0,24,0,9.080950368,0,147.0125843,0,665.7930481,6
26.4,100,71,520.5553113,0,123.0222134,5.680364588,338.9721863,6
2000,2000,2000,0,0,0,0,0,6
0,612,576,52525.15636,0,57557.17472,0,55313288.2,6
73,73,73,0,0,0,0,0,6
16,16,16,0,0,0,0,0,6
0,50.4,0,19.35811765,0,230.4594002,0,500.6575496,6
400,800,400,5448.529412,0,38296.02093,0,15790542.26,6
280,280,280,0,0,0,0,0,6
73,73,73,0,0,0,0,0,6
0,1,1,0.034053309,0,0.239350131,0,0.000616818,6
0,100,14.4,1695.687896,0,327.7149916,0.691271375,1682.522172,6
0,0,0,0,0,6.771727385,0,0.29692991,6
400,800,400,27450.98039,0,39882.14237,0,17578369.71,6
280,280,280,0,0,0,0,0,6
70,74,70,2.745098039,0,3.988214237,0,0.175783697,6
0,1,1,0.171568627,0,0.24926339,0,0.000686655,6
0,5.2,0,3.165920956,0,3.943591353,0,0.376798718,6
0,88.8,0,114.2282328,0,464.3459668,0,982.0322299,6
1000,1700,1000,11259.19118,0,54134.10436,0,14086326.7,6
700,700,700,0,0,0,0,0,6
69,73,71,0.858924055,0,1.443838155,0,0.013132433,6
0,1,1,0.022977941,0,0.113245215,0,6.26E-05,6
0,100,39.2,1268.16086,0,641.541259,1.214590328,2109.22967,6
0,39.2,0,10.38315441,0,343.0542275,0,692.7944159,6
300,1000,300,7566.176471,0,88900.69513,0,85654904.7,6
212,212,212,0,0,0,0,0,6
69,73,71,0.96612582,0,1.443838155,0,0.014729377,6
0,1,1,0.015441176,0,0.18142999,0,0.000359756,6
0,100,100,1074.472745,0,451.3832127,0.006009638,2311.815551,6
0,100,0,467.0247034,0,1573.66905,0,17910.28707,6
600,1152,600,40328.47059,0,75099.90781,0,81005358.45,6
420,420,420,0,0,0,0,0,6
70,75,75,5.198759191,0,5.457609721,0,0.116349624,6
16,16,16,0,0,0,0,0,6
0,1,1,0.132352941,0,0.246468401,0,0.000870191,6
0,100,33.2,1034.843272,0,176.1887396,1.625141126,526.8988246,6
0,100,36.4,1074.529216,0,838.2528484,4.141474322,7705.380097,6
252,252,252,0,0,0,0,0,6
4,252,43,7540.552696,0,14422.40618,0,1207223.974,6
69,73,71,1.463937143,0,3.202574488,0,0.052512979,6
16,16,16,0,0,0,0,0,6
0,1,0,0.129641544,0,0.250585158,0,0.001064911,6
0,36,0,36.70179412,0,133.2626716,0,184.1755154,6
0,61.6,0,56.20505637,0,1235.97534,0,7228.511644,6
300,800,300,21323.52941,0,62718.57359,0,121131322.4,6
4,300,39,11542.8903,0,20856.03282,0,2651400.055,6
72,72,72,0,0,0,0,0,6
16,16,16,0,0,0,0,0,6
0,1,1,0.085294118,0,0.250805452,0,0.001944497,6
0,100,31.2,1834.423225,0,373.9824117,0.222885309,2602.574278,6
0,100,0,1420.867841,0,1355.72513,0,22652.44148,6
300,500,300,9950.980392,0,9982.10106,0,3488792.439,6
212,212,212,0,0,0,0,0,6
69,69,69,0,0,0,0,0,6
16,16,16,0,0,0,0,0,6
0,1,1,0.24877451,0,0.249552527,0,0.002180409,6
0,22.4,5.2,72.76429167,0,160.8749751,0.038596723,299.5161199,6
0,100,0,1233.982725,0,1369.131213,0,9088.32454,6
1124,2200,2200,290295.3059,0,249058.1333,0,406768767.4,6
20,1124,163,157629.8251,0,290392.3593,0,517071927.7,6
70,70,70,0,0,0,0,0,6
16,16,16,0,0,0,0,0,6
0,1,0,0.250735294,0,0.21511772,0,0.000306435,6
0,100,0,136.9874485,0,258.8838243,0,385.4059606,6
0,100,0,525.7072549,0,709.1317219,0,8082.985546,6
400,1200,1200,143333.3333,0,160585.9838,0,882336759.8,6
280,280,280,0,0,0,0,0,6
70,70,70,0,0,0,0,0,6
16,16,16,0,0,0,0,0,6
0,1,0,0.223958333,0,0.2509156,0,0.002148268,6
0,50.4,0,62.50893873,0,223.277601,0,511.9694649,6
0,100,0,216.5475074,0,1812.349586,0,13480.48649,6
1024,1924,1024,84126.83824,0,186289.9628,0,355112122.4,6
20,1024,163,127370.8913,0,239253.6992,0,350322118.8,6
68,73,70,1.853416054,0,2.243370508,0,0.036098948,6
16,16,16,0,0,0,0,0,6
0,1,1,0.103860294,0,0.228899904,0,0.000536985,6
0,100,0,2349.189279,0,1294.007393,0,7268.366483,6
0,33.2,0,8.128,0,280.4022463,0,316.759877,6
624,624,624,0,0,0,0,0,6
212,212,212,0,0,0,0,0,6
69,73,71,0.96612582,0,1.470774291,0,0.0152858,6
0,1,1,0.019224877,0,0.144731732,0,0.000139143,6
0,100,100,1372.177488,0,537.8456497,0,2340.085355,6
0,100,0,2233.308352,0,2245.957393,0,79487.98329,6
2200,2200,2200,0,0,0,0,0,6
1540,1540,1540,0,0,0,0,0,6
70,70,70,0,0,0,0,0,6
16,16,16,0,0,0,0,0,6
0,1,0,0.250842525,0,0.24926339,0,0.001161305,6
0,100,0,936.2731612,0,535.3113237,0,3851.329278,6
0,12,0,1.114134804,0,210.298486,0,183.5437295,6
1924,1924,1924,0,0,0,0,0,6
20,1924,150,522959.3461,0,887150.5943,0,5484346785,6
69,73,71,0.847329864,0,1.476998172,0,0.013450873,6
0,1,1,0.044852941,0,0.242324108,0,0.000364972,6
0,100,63.8,1934.207115,0,445.8793339,0.123965304,1737.507822,6
500,500,500,0,0,0,0,0,6
0,500,16,34835.49435,0,61743.77063,0,22363013.2,6
74,74,74,0,0,0,0,0,6
16,16,16,0,0,0,0,0,6
352,352,352,0,0,0,0,0,6
0,100,16,1191.747166,0,2335.120322,0,29325.60579,6
74,74,74,0,0,0,0,0,6
16,16,16,0,0,0,0,0,6
0,62.4,0,29.4879902,0,930.0869833,0,4279.687873,6
524,1700,524,31777.94118,0,347053.4653,0,1814648400,6
24,524,180,23283.60974,0,55877.75938,0,16454776.35,6
69,73,71,0.57131749,0,1.488833747,0,0.012899046,6
0,1,1,0.022977941,0,0.250946846,0,0.000946753,6
0,100,21.4,408.9006667,0,333.0466617,1.24397742,1048.55669,6
0,100,16,1073.737412,0,394.7039405,3.703508316,4895.064518,6
300,752,752,2375.409559,0,29482.44835,0,7866120.927,6
6,300,49,10858.55954,0,20588.08439,0,2785860.006,6
69,73,71,1.380638943,0,1.499853076,0,0.018526789,6
0,1,0,0.011626838,0,0.14430676,0,0.000188455,6
0,56.4,0,17.89285294,0,154.0938037,0,209.822799,6
0,100,41,1188.640076,0,1538.118582,3.751498649,11597.37131,6
300,752,752,3927.719363,0,43364.31866,0,7632330.641,6
18,300,118,6903.770527,0,17743.15539,0,1586886.271,6
69,73,70.5,0.339669422,0,1.61598513,0,0.022791288,6
16,16,16,0,0,0,0,0,6
0,1,0,0.019224877,0,0.21225389,0,0.000184007,6
0,36,0,12.71017402,0,121.4591965,0,69.26089762,6
0,100,0,648.416625,0,1847.715371,0,28006.64432,6
600,600,600,0,0,0,0,0,6
420,420,420,0,0,0,0,0,6
69,73,71,0.6674868,0,1.519442993,0,0.013546904,6
0,1,1,0.082092525,0,0.250874294,0,0.001484071,6
0,33.6,16,48.6232739,0,302.1236976,0.472022029,772.7653819,6
0,100,0,418.0894093,0,1710.641884,0,20093.01783,6
300,876,300,53913.6,0,83230.48698,0,149435747,6
212,212,212,0,0,0,0,0,6
67,73,71,3.568451759,0,2.904364588,0,0.093337785,6
0,1,1,0.1625,0,0.250863495,0,0.001358012,6
0,100,9.8,846.7148523,0,490.1464188,0.843702051,2727.838547,6
300,300,300,0,0,0,0,0,6
212,212,212,0,0,0,0,0,6
69,73,71,0.963741396,0,1.528013582,0,0.016543955,6
1,1,1,0,0,0,0,0,6
0,100,100,980.8812494,0,419.2280655,0,1311.570829,6
300,300,300,0,0,0,0,0,6
212,212,212,0,0,0,0,0,6
69,73,71,0.6653672,0,1.539339004,0,0.013890501,6
1,1,1,0,0,0,0,0,6
0,100,100,988.419098,0,295.0260862,0,727.3412978,6
0,44.4,0,17.39230392,0,410.7577012,0,1203.230103,6
300,400,300,783.1176471,0,2266.418835,0,84063.22331,6
4,392,22,12987.84668,0,21831.71698,0,3465731.492,6
69,73,71,0.96190902,0,1.539339004,0,0.016785009,6
0,1,1,0.075597426,0,0.226641884,0,0.000745551,6
0,100,100,1398.958706,0,487.1101066,0,2537.289223,6
0,26,0,5.935833333,0,204.9333311,0,174.3228887,6
300,1000,300,16686.12132,0,120519.8954,0,103219213,6
28,300,154,5475.217754,0,16444.30434,0,1242788.002,6
69,73,71,0.96190902,0,1.54882787,0,0.016705634,6
0,1,1,0.034053309,0,0.24595897,0,0.000429901,6
0,100,100,903.2824681,0,1218.251755,0,7119.106512,6
0,100,29.8,1617.311833,0,1853.19216,0.952731378,20440.65206,6
300,800,800,37975.21936,0,54127.08247,0,37384274.09,6
24,392,144,5981.866667,0,16954.28203,0,1361033.308,6
67,73,71,3.559703137,0,2.423241085,0,0.082784397,6
0,1,0,0.150474877,0,0.21650833,0,0.000536626,6
0,100,0,727.6261906,0,370.0453675,0,1025.07257,6
0,100,53.2,1366.808745,0,778.3038612,5.164240672,10675.99961,6
600,1000,1000,15647.05882,0,37132.86521,0,22951567.65,6
24,600,144,37417.84877,0,78661.54349,0,37075044.06,6
68.5,73,71,1.845227034,0,1.556480182,0,0.025416132,6
0,1,0,0.097794118,0,0.233085502,0,0.000899548,6
0,73.2,0,194.8969583,0,517.1861853,0,1434.321883,6
0,100,26.8,900.0931667,0,550.9605715,3.840172523,4634.665211,6
392,976,976,1332.25,0,65468.29082,0,16742566.81,6
12,392,60,10152.08995,0,20091.92345,0,2555117.711,6
66,66,66,0,0,0,0,0,6
16,16,16,0,0,0,0,0,6
0,59.2,0,74.11293137,0,494.780101,0,2077.325637,6
300,800,300,27450.98039,0,62732.34201,0,72552863.02,6
12,300,81,8739.554887,0,19385.57621,0,2177431.212,6
69,73,71,0.6653672,0,1.560561414,0,0.014078585,6
0,1,1,0.109803922,0,0.250929368,0,0.001163863,6
0,100,56.8,1826.742657,0,411.1754592,0.101280989,2325.960008,6
0,100,0,227.263519,0,1547.250808,0,10604.93415,6
400,724,400,22164.28015,0,26328.55316,0,9466170.52,6
36,400,104,13520.36661,0,29320.84461,0,4389242.928,6
69,73,71,0.840769314,0,1.565152801,0,0.014155539,6
0,1,1,0.211136642,0,0.250805452,0,0.000859002,6
0,94,10.8,251.3014877,0,273.5835748,1.51E-26,648.0247896,6
0,32,0,4,0,233.2896599,0,212.6728377,6
152,400,152,478.6156863,0,13482.10359,0,721600.6723,6
8,152,40,2264.542586,0,4984.525678,0,144334.1734,6
69,73,71,0.96190902,0,1.567193418,0,0.016066396,6
0,1,1,0.007781863,0,0.219206939,0,0.000190761,6
0,100,100,894.9041176,0,432.7344712,0,1260.823115,6
0,100,0,521.1258725,0,733.1402341,0,4529.328402,6
452,1452,1452,245450.3676,0,249552.5265,0,1223296863,6
16,452,94,22276.12445,0,45507.85538,0,12935179.74,6
70,70,70,0,0,0,0,0,6
16,16,16,0,0,0,0,0,6
0,1,0,0.245450368,0,0.249814126,0,0.001223262,6
0,21.6,0,9.415291667,0,86.41871623,0,73.53500861,6
100,100,100,0,0,0,0,0,6
0,108,100,1585.970527,0,2136.995732,0,85991.59559,6
74,74,74,0,0,0,0,0,6
16,16,16,0,0,0,0,0,6
0,100,0,196.7815466,0,1053.785733,0,6268.818397,6
276,276,276,0,0,0,0,0,6
8,276,43,9184.192509,0,17472.97211,0,2042278.52,6
69,74,71,0.934141824,0,3.507311029,0,0.067308672,6
0,1,1,0.091605392,0,0.225471568,0,0.000700595,6
0,100,37.4,1873.122272,0,501.948374,0.275051081,1726.771757,6
0,100,0,1568.309637,0,1100.470343,0,8695.726036,6
676,1352,676,113991.9912,0,114442.1928,0,114262415.3,6
24,676,144,49438.00525,0,101336.4739,0,64145773.88,6
68.25,73,73,3.198376261,0,3.712747254,0,0.077615095,6
0,1,1,0.249448529,0,0.250433705,0,0.000547163,6
0,100,43.2,2324.205063,0,727.4372353,0,3679.460996,6
0,100,16.6,988.7441471,0,486.401797,4.06125623,2463.308089,6
676,1352,1352,57990.03039,0,101927.7323,0,100680708,6
24,676,144,49430.63431,0,101318.111,0,64628585.93,6
69,73,71,0.544913768,0,1.568417788,0,0.013250253,6
0,1,0,0.12689951,0,0.223048327,0,0.000479399,6
0,100,0,480.2385876,0,213.626353,0,445.1514966,6
500,500,500,0,0,0,0,0,6
0,500,16,34224.71661,0,61763.55397,0,27995380.89,6
74,74,74,0,0,0,0,0,6
16,16,16,0,0,0,0,0,6
0,100,5.2,810.8268211,0,871.3742332,5.347632659,9592.535929,6
300,600,600,14900.85662,0,21983.89095,0,8480375.168,6
5,392,32,12101.54902,0,21365.89288,0,3303915.816,6
69,73,71,1.054779692,0,1.567193418,0,0.014517704,6
0,1,0,0.167095588,0,0.244265455,0,0.001053496,6
0,46.4,0,49.36686213,0,277.8986182,0,494.1533294,6
0,100,14,1016.716549,0,371.169161,2.845681629,2540.274766,6
300,752,752,30742.61936,0,42464.25403,0,10211910.37,6
8,300,48,10773.1174,0,20617.28189,0,2859883.731,6
69,73,71,0.535408235,0,1.56627514,0,0.013058423,6
0,1,0,0.150474877,0,0.206251995,0,0.000242082,6
0,37.2,0,22.26976471,0,122.6433158,0,80.99358524,6
276,276,276,0,0,0,0,0,6
0,276,16,10081.91535,0,18590.10635,0,2509962.949,6
74,74,74,0,0,0,0,0,6
16,16,16,0,0,0,0,0,6
0,100,19.2,1270.095194,0,879.7834348,0,9053.33578,6
576,952,952,35170.7451,0,34616.97348,0,9104702.391,6
24,576,144,33411.30288,0,71799.78389,0,31376029.77,6
69,73,71,0.933577984,0,1.562295938,0,0.015226459,6
0,1,0,0.24877451,0,0.244857497,0,0.000457014,6
0,100,0,1898.963485,0,257.0609743,0,777.4784846,6
0,100,16.4,794.6393897,0,325.4146331,1.70518849,1585.527591,6
600,600,600,0,0,0,0,0,6
12,600,60,48195.06653,0,85026.47088,0,53477975.74,6
69,73,71,0.933577984,0,1.558622829,0,0.01519801,6
0,1,0,0.173759191,0,0.194533939,0,0.000292383,6
0,56.8,0,102.6823309,0,324.7135762,0,535.4696725,6
0,100,0,131.9578039,0,153.9034096,0,381.2867073,6
300,700,300,22448.52941,0,31405.20446,0,4682155.495,6
24,300,144,5817.267142,0,16857.15765,0,1361408.711,6
69,73,71,0.933577984,0,1.556480182,0,0.015046089,6
0,1,1,0.140303309,0,0.196282528,0,0.000182897,6
0,100,90.2,1530.675801,0,835.4510478,1.48E-25,3988.996578,6
300,300,300,0,0,0,0,0,6
24,300,144,5817.267142,0,16849.86942,0,1364051.015,6
69,73,71,0.933577984,0,1.556837031,0,0.015050433,6
1,1,1,0,0,0,0,0,6
65.2,100,100,9.058980392,0,40.08527385,0,10.30702552,6
0,2.34,2.34,1.325954118,0,0.138793606,7.13E-30,7.52E-05,6
0.03,2.97,0.03,2.093107059,1.21E-35,0.157686493,5.85E-33,9.71E-05,6
25,25,25,0,0,0,0,0,6
0,0.01,0.01,2.42E-05,0,0.198725595,2.54E-33,0.000232173,6
3.2,3.2,3.2,1.34E-28,4.96E-30,1.78E-28,1.78E-28,2.88E-58,6
75,75,75,0,0,0,0,0,6
74,74,74,0,0,0,0,0,6
100,100,100,0,0,0,0,0,6
1200,1200,1200,0,0,0,0,0,6
0,1200,60,195582.2341,0,293231.7982,0,470838770.5,6
74,74,74,0,0,0,0,0,6
460,460,460,0,0,0,0,0,6
0,460,352,24863.69314,0,28223.43076,0,14678611.43,6
72,72,72,0,0,0,0,0,6
16,16,16,0,0,0,0,0,6
1,1,1,0,0,0,0,0,6
32.8,100,100,286.8211612,0,91.25497673,0,47.24807864,6
0,100,100,1366.947181,0,999.4018119,0.150642985,5077.021075,6
1000,1000,1000,0,0,0,0,0,6
16,1000,135,127211.4235,0,198312.9636,0,195005200.6,6
69,74,71,1.697966054,0,1.974922627,0,0.028874648,6
1552,1552,1552,0,0,0,0,0,6
0,1552,92,323266.0897,0,505189.2739,0,1295112114,6
70,74,70,2.980147059,0,3.870609776,0,0.081878292,6
0,1,1,0.186259191,0,0.241913111,0,0.000319837,6
0,100,0,926.4698964,0,143.5045133,0,180.8069009,6
500,500,500,0,0,0,0,0,6
0,500,16,34838.29717,0,52747.38185,0,14381025.66,6
74,74,74,0,0,0,0,0,6
100,100,100,0,0,0,0,0,6
0,100,16,1192.525107,0,2028.294658,0,19293.14699,6
74,74,74,0,0,0,0,0,6
0,32.8,0,36.17314645,0,552.377726,0,2466.086385,6
800,800,800,0,0,0,0,0,6
8,800,60,90985.80729,0,132942.5869,0,87407992.31,6
69,73,71,0.90259555,0,1.209236115,0,0.012413862,6
0,1,1,0.121323529,0,0.24926339,0,0.001122746,6
0,100,10,1946.339725,0,571.7766344,0.484552389,4107.634082,6
300,300,300,0,0,0,0,0,6
20,300,150,5682.835401,0,14735.43142,0,888769.912,6
69,73,71,0.914697266,0,1.205022749,0,0.01344576,6
1,1,1,0,0,0,0,0,6
0,100,100,837.8178033,0,236.3001184,0,364.6489597,6
500,500,500,0,0,0,0,0,6
3,500,30,36482.14422,0,52863.75129,0,13639714.72,6
69,73,71,0.90259555,0,1.19617468,0,0.009524685,6
1,1,1,0,0,0,0,0,6
100,100,100,0,0,0,0,0,6
0,100,29.8,237.5520386,0,264.0548203,4.326442517,571.8412062,6
2280,2280,2280,0,0,0,0,0,6
0,1364,352,199317.6805,0,352843.2535,0,552133100.8,6
71,71,71,0,0,0,0,0,6
16,16,16,0,0,0,0,0,6
1.35,1.35,1.35,8.37E-30,3.17E-30,1.61E-29,1.60E-29,1.97E-60,6
25,71.61,29.13,78.52502971,0,891.5771358,3.98E-27,3190.350229,6
45,59.69,54,6.10769951,0,51.20497294,0,18.11763684,6
0,100,0,565.7616888,0,651.3104128,0,6139.876847,6
48.1,87.77,54.395,68.02013771,0.001671623,135.7199328,0.073533362,127.4954942,6
45,60,53.02,10.23086105,0,54.96812471,0,28.38966012,6
0,100,0,597.4263474,0,1738.549622,0,39298.75687,6
252,392,252,76.5625,0,3660.813282,0,52349.81986,6
3,392,25,8935.841529,0,15027.22985,0,1791814.969,6
70,70,70,0,0,0,0,0,6
16,16,16,0,0,0,0,0,6
0,1,1,0.212683824,0,0.248602506,0,0.00174477,6
0,100,100,2082.233372,0,734.4677186,0,8345.998481,6
0,44,0,14.11842892,0,681.4002478,0,3039.305355,6
252,252,252,0,0,0,0,0,6
2,252,23,8755.572549,0,15045.12014,0,1757570.324,6
68,73,71,2.179081702,0,1.841511772,0,0.05459388,6
0,1,1,0.030392157,0,0.250254716,0,0.001230214,6
0,100,100,1444.703249,0,703.6754201,0,5046.951687,6
0,84.8,0,148.9764602,0,1488.426598,0,14187.17223,6
300,700,300,10500,0,40146.49594,0,18367524.69,6
212,212,212,0,0,0,0,0,6
69,73,71,0.964000513,0,1.510056158,0,0.018165851,6
0,1,1,0.065625,0,0.2509156,0,0.000719768,6
0,100,100,749.9282132,0,607.8619281,0,4185.954387,6
0,100,0,93.87607843,0,1067.172025,0,4953.151975,6
300,524,300,964.627451,0,10500.82886,0,819697.6316,6
212,212,212,0,0,0,0,0,6
69,73,71,0.965838327,0,1.510056158,0,0.018120139,6
0,1,1,0.019224877,0,0.209279912,0,0.000325583,6
0,100,100,970.7300141,0,423.7620135,0.023219055,1134.75304,6
0,47.6,0,41.24801716,0,182.33956,0,322.4922545,6
300,800,300,18080.85662,0,62646.28941,0,49933766.61,6
212,212,212,0,0,0,0,0,6
69,73,71,0.965838327,0,1.514851606,0,0.018081879,6
0,1,1,0.072303922,0,0.250709073,0,0.000799217,6
0,100,95.2,1465.943847,0,231.7363073,0.071661848,1113.40291,6
0,20,0,1.5625,0,1046.678459,0,4459.364368,6
300,400,300,39.0625,0,2509.46846,0,31767.26447,6
212,212,212,0,0,0,0,0,6
69,73,71,0.666642976,0,1.519442993,0,0.014789337,6
0,1,1,0.00390625,0,0.250946846,0,0.000317673,6
0,100,32.8,623.2039583,0,207.4864631,3.029897353,660.9436867,6
0,100,0,1787.018547,0,2492.633898,0,155308.6156,6
476,1552,476,270076.7912,0,290457.5868,0,3214440796,6
24,476,196,16798.33957,0,44101.34964,0,9990422.338,6
69,75,73,2.423601961,0,1.794845475,0,0.028175781,6
0,1,1,0.233272059,0,0.25087546,0,0.002399255,6
0,100,100,2333.827468,0,2010.679948,0,89953.29453,6
0,100,100,2186.129331,0,426.9795732,0,1595.334399,6
800,800,800,0,0,0,0,0,6
16,800,400,42674.81873,0,43657.02679,0,12797621.88,6
69,73,71,2.155827413,0,1.528013582,0,0.016729074,6
0,100,0,963.9108922,0,1790.463458,0,14067.01042,6
300,900,452,57237.69412,0,71281.28872,0,37912408.04,6
20,900,300,62451.51457,0,67415.11772,0,32238429.49,6
69,73,71,0.965838327,0,1.531992784,0,0.018033297,6
0,1,1,0.250735294,0,0.250424448,0,0.00024497,6
0,100,0,283.0053333,0,103.0575377,0,76.30310301,6
0,100,100,1449.90302,0,216.6714493,0,812.0785522,6
1200,1200,1200,0,0,0,0,0,6
28,624,221,32322.21567,0,79058.58053,0,34623461.29,6
69,73,71,1.094982437,0,1.539339004,0,0.017267024,6
0,48.8,0,51.93411765,0,346.720586,0,1577.711903,6
200,600,200,37647.05882,0,31125.43026,0,7122262.011,6
4,600,200,40273.67004,0,29043.64588,0,6334732.428,6
69,73,71,0.83959794,0,1.545868976,0,0.015148079,6
0,1,1,0.097794118,0,0.248602506,0,0.001052667,6
0,100,47.2,1886.155468,0,574.4171647,0.677957869,4728.28873,6
0,100,77.2,930.5371219,0,571.6045422,4.294006333,3997.761724,6
752,1400,1400,14299.12059,0,49841.55836,0,13577245.12,6
20,752,150,63540.19937,0,126144.2002,0,108767365.8,6
69,73,71,0.964000513,0,1.551582702,0,0.017859267,6
0,1,0,0.034053309,0,0.11598513,0,7.67E-05,6
0,34.4,0,13.88469608,0,49.27682776,0,22.57473515,6
452,452,452,0,0,0,0,0,6
18,452,120,20214.66201,0,43785.17417,0,11997060.6,6
69,73,71,0.965838327,0,1.558622829,0,0.01785021,6
1,1,1,0,0,0,0,0,6
2,100,100,208.3752328,0,224.9382701,0,512.7170046,6
0,100,0,355.2445098,0,1360.100809,0,17874.17907,6
300,700,300,12095.58824,0,39716.92138,0,32272868.14,6
212,212,212,0,0,0,0,0,6
69,73,71,0.964000513,0,1.562295938,0,0.017743292,6
0,1,1,0.075597426,0,0.248230759,0,0.00125799,6
0,100,27.2,276.572769,0,448.3911269,2.187619441,2530.530166,6
500,500,500,0,0,0,0,0,6
0,500,16,34834.11628,0,61770.51775,0,27528165.39,6
75,75,75,0,0,0,0,0,6
0,23.6,0,6.673411765,0,323.522062,0,950.404356,6
352,1100,352,107424,0,128070.4117,0,307174191.3,6
10,392,65,14438.88627,0,28047.23482,0,5530942.541,6
69,73,71,0.964000513,0,1.563826401,0,0.017623325,6
0,1,1,0.192095588,0,0.228899904,0,0.000982658,6
0,100,11.2,1446.091801,0,741.2136781,0.323139396,5143.924657,6
276,276,276,0,0,0,0,0,6
0,276,16,10259.6625,0,18615.27281,0,2459781.418,6
74,74,74,0,0,0,0,0,6
0,100,62,1063.753686,0,734.7327021,5.438113251,3546.486811,6
576,1000,1000,4800.085294,0,5814.316729,0,133668.9616,6
24,576,150,33088.14289,0,71504.40755,0,32195643.61,6
69,73,71,0.961670588,0,1.567193418,0,0.017656737,6
0,1,0,0.026700368,0,0.032342007,0,4.14E-06,6
0,52.8,0,23.21944118,0,78.10655872,0,33.32301997,6
0,100,0,373.4624553,0,1760.39218,0,25201.11161,6
600,600,600,0,0,0,0,0,6
420,420,420,0,0,0,0,0,6
69,73,71,0.961670588,0,1.568417788,0,0.017505868,6
0,1,1,0.05189951,0,0.250874294,0,0.002555031,6
0,52,22,80.2345,0,214.3888289,0.865786935,727.0802784,6
0,48.4,0,15.06022549,0,347.9364757,0,1304.052089,6
300,676,300,16751.58333,0,35444.24596,0,26501957.14,6
212,212,212,0,0,0,0,0,6
69,73,71,0.961670588,0,1.568417788,0,0.017484657,6
0,1,1,0.118489583,0,0.250709073,0,0.001330335,6
0,100,16.4,809.7704945,0,574.0767402,1.806887512,2749.835013,6
300,300,300,0,0,0,0,0,6
212,212,212,0,0,0,0,0,6
69,73,71,0.93960625,0,1.568825911,0,0.017437404,6
1,1,1,0,0,0,0,0,6
41.2,100,100,36.25897794,0,334.3124461,0,475.843815,6
0,100,14.4,828.0639308,0,1341.799177,4.897392484,18559.7034,6
376,1200,1200,107130.098,0,170502.6324,0,645049279.5,6
16,376,97,14202.84974,0,30720.87347,0,5654319.021,6
68,68,68,0,0,0,0,0,6
16,16,16,0,0,0,0,0,6
0,1,0,0.157781863,0,0.251117318,0,0.001402846,6
0,100,0,534.5454118,0,356.5306766,0,1398.140247,6
0,42,0,54.22611213,0,538.8527826,0,3137.083243,6
376,1200,376,62197.86275,0,168271.6233,0,1150793081,6
12,376,60,17170.50098,0,32330.68429,0,7175811.26,6
69,73,71,0.717505109,0,1.56872388,0,0.013818112,6
0,1,1,0.091605392,0,0.247831475,0,0.002493116,6
0,100,71.2,1680.774468,0,301.9279086,0.459742806,2361.699582,6
0,54.8,0,36.2628799,0,347.1989888,0,1298.623112,6
476,1524,476,117350.9559,0,275218.681,0,1415938263,6
12,476,63,28940.48638,0,52733.70783,0,19767707.77,6
69,73,71,1.150087217,0,1.567907634,0,0.016669571,6
0,1,1,0.106847426,0,0.250585158,0,0.001173605,6
0,100,63.2,1756.773186,0,361.1434767,0.127422828,2152.93337,6
176,176,176,0,0,0,0,0,6
0,176,8,4647.514445,0,7596.720694,0,463575.5454,6
73,73,73,0,0,0,0,0,6
16,16,16,0,0,0,0,0,6
1,1,1,0,0,0,0,0,6
11.2,100,100,394.6556471,0,135.8890804,0,132.8787795,6
300,300,300,0,0,0,0,0,6
212,212,212,0,0,0,0,0,6
73,73,73,0,0,0,0,0,6
16,16,16,0,0,0,0,0,6
1,1,1,0,0,0,0,0,6
38.4,100,100,37.85526409,0,91.17670164,0,93.57448882,6
0,21.6,0,5.974134804,0,227.2351284,0,524.0927653,6
300,600,300,5906.25,0,22539.03346,0,8080436.165,6
12,300,59,10014.46126,0,20091.92345,0,2648476.805,6
73,73,73,0,0,0,0,0,6
16,16,16,0,0,0,0,0,6
0,1,1,0.065625,0,0.250433705,0,0.00099824,6
0,100,100,1372.288941,0,306.2574385,0,993.4112223,6
0,36.4,0,17.69234252,0,596.0904662,0,2822.970224,6
300,400,300,788.6029412,0,2507.090734,0,130462.6499,6
8,300,41,11275.94112,0,20950.82853,0,3144477.821,6
69,73,71,0.892875858,0,1.565152801,0,0.015522111,6
0,1,1,0.078860294,0,0.250709073,0,0.001301111,6
0,100,80.4,1560.079529,0,562.4760589,1.64E-26,4137.030892,6
0,100,98.8,767.7911513,0,895.9465665,2.810872642,4103.577452,6
300,524,524,583.3882353,0,9671.816054,0,365832.2376,6
212,212,212,0,0,0,0,0,6
69,73,71,0.717505109,0,1.560561414,0,0.0134607,6
0,1,0,0.011626838,0,0.192757814,0,0.000145308,6
0,12.8,0,0.64,0,57.59638937,0,13.6832424,6
100,100,100,0,0,0,0,0,6
0,108,100,1567.419547,0,2371.691727,0,72122.10597,6
74,74,74,0,0,0,0,0,6
100,100,100,0,0,0,0,0,6
1152,1152,1152,0,0,0,0,0,6
352,352,352,0,0,0,0,0,6
69,73,71,0.81637919,0,1.558622829,0,0.01369545,6
0,44,0,32.91121324,0,374.1437731,0,1294.23904,6
276,276,276,0,0,0,0,0,6
4,276,31,9964.829274,0,18013.85081,0,2429924.055,6
69,73,71,0.81637919,0,1.556480182,0,0.01365372,6
0,1,1,0.048391544,0,0.241621919,0,0.000547867,6
0,100,100,1840.995762,0,650.993075,0,3011.201031,6
0,66,0,89.67670588,0,727.9694253,0,7021.735905,6
300,376,300,1278.364706,0,1399.664051,0,66805.67174,6
212,212,212,0,0,0,0,0,6
69,73,71,0.931590587,0,1.554133473,0,0.015508574,6
0,1,1,0.221323529,0,0.242324108,0,0.002002758,6
0,100,13.4,891.8571268,0,679.2720606,0.843365001,5564.281861,6
0,4,0,0.0625,0,375.3418597,0,632.5920274,6
300,752,300,1589.865686,0,48371.80469,0,28681592.97,6
212,212,212,0,0,0,0,0,6
69,73,71,0.931590587,0,1.551582702,0,0.015428168,6
0,1,1,0.007781863,0,0.235849057,0,0.000685475,6
0,100,32.2,893.8038474,0,295.9988743,2.569578871,1807.11122,6
500,500,500,0,0,0,0,0,6
0,100,16,1171.334789,0,2333.576208,0,37791.51108,6
74,74,74,0,0,0,0,0,6
0,56,0,108.268519,0,372.6499695,0,2147.652797,6
476,1576,476,230118.7194,0,283216.3018,0,3076893109,6
12,476,59,28982.58431,0,52808.56401,0,20650790.5,6
69,73,71,0.931590587,0,1.54882787,0,0.015414567,6
0,1,1,0.19018076,0,0.234063059,0,0.002105547,6
0,100,30,1680.908112,0,602.4875781,1.185030979,3338.09712,6
276,276,276,0,0,0,0,0,6
0,100,16,1171.334789,0,2332.605273,0,38058.98498,6
68,68,68,0,0,0,0,0,6
16,16,16,0,0,0,0,0,6
0,100,34,1039.492083,0,1467.16233,5.272165684,14410.83217,6
300,652,652,13967.67059,0,31029.73779,0,6742491.509,6
212,212,212,0,0,0,0,0,6
69,73,71,0.931590587,0,1.539339004,0,0.015208258,6
0,1,0,0.112729779,0,0.250433705,0,0.000436746,6
0,91.2,0,77.93340196,0,373.5393881,0,1159.225166,6
0,0,0,0,0,147.7567402,0,85.41416102,6
600,600,600,0,0,0,0,0,6
420,420,420,0,0,0,0,0,6
69,73,71,0.931590587,0,1.535767925,0,0.015135384,6
0,1,1,0.00390625,0,0.229855035,0,0.000210385,6
0,65.2,19.6,77.03982782,0,155.6556773,0.557672587,309.5845876,6
0,12.4,0,0.758193627,0,198.2244604,0,370.8217164,6
324,324,324,0,0,0,0,0,6
212,212,212,0,0,0,0,0,6
69,73,71,0.931590587,0,1.528013582,0,0.015022132,6
0,1,1,0.019224877,0,0.245422002,0,0.000920744,6
0,100,23.6,1412.492037,0,417.1775447,3.081646702,1527.409387,6
0,100,0,252.3994412,0,1560.961947,0,29927.15947,6
300,500,300,1507.352941,0,9929.230346,0,1130662.094,6
212,212,212,0,0,0,0,0,6
69,73,71,0.931590587,0,1.528013582,0,0.015039409,6
0,1,1,0.037683824,0,0.248230759,0,0.000712174,6
0,100,22.6,375.6861936,0,288.4993848,1.607291753,1040.282361,6
0,79.36,27.885,135.3340811,0.480363377,1711.451205,225.1472386,26006.20307,6
0,79.36,0,24.6016,0,1893.946853,0,16731.28493,6
0,100,0,1719.352586,0,2113.856652,0,38641.54065,6
300,952,952,106588.5765,0,105523.8884,0,386214111.1,6
212,212,212,0,0,0,0,0,6
70,70,70,0,0,0,0,0,6
16,16,16,0,0,0,0,0,6
0,1,0,0.250735294,0,0.248230759,0,0.002138528,6
0,100,0,2015.01423,0,640.1623594,0,5415.1809,6
0,100,0,113.5296121,0,1396.268905,0,29419.56053,6
300,1000,300,49412.83701,0,122948.6438,0,791621379.9,6
212,212,212,0,0,0,0,0,6
69,73,71,1.020931947,0,1.00241609,0,0.011548556,6
0,1,1,0.100842525,0,0.2509156,0,0.003294991,6
0,100,87.2,1687.332039,0,1030.278344,0.462014175,12488.93466,6
0,100,25.5,1351.379755,0,582.7417739,4.516495112,6944.812925,6
624,1400,1400,115675.3529,0,137404.9159,0,255313419.8,6
16,624,141,41850.27843,0,84921.18017,0,37632360.04,6
69,73,71,1.020931947,0,1.003003787,0,0.011505612,6
0,1,0,0.192095588,0,0.229290351,0,0.000706665,6
0,100,0,1342.010821,0,381.6697695,0,2127.947434,6
0,100,0,1564.124078,0,1605.243517,0,22592.68995,6
500,1676,500,346061.7794,0,346553.259,0,2612276208,6
352,352,352,0,0,0,0,0,6
69,73,71,0.864644608,0,1.897168237,0,0.027045793,6
16,16,16,0,0,0,0,0,6
0,1,1,0.250229779,0,0.250585158,0,0.001359793,6
0,100,0,1194.730657,0,741.7992477,0,3588.191832,6
0,100,0,889.3148523,0,868.7571857,0,6114.25919,6
176,400,400,12565.52157,0,12587.86859,0,4680336.506,6
4,176,41,3276.145098,0,6745.663445,0,274275.6418,6
68.25,73,71,1.919093712,0,1.401920694,0,0.016418896,6
0,1,0,0.250428922,0,0.250874294,0,0.001862941,6
0,100,0,1339.290272,0,729.233042,0,4234.832836,6
0,72,0,119.6975435,0,1303.302902,0,11699.10942,6
300,600,300,7961.856618,0,22060.6961,0,10282840.48,6
212,212,212,0,0,0,0,0,6
69,73,71,1.020931947,0,1.003983283,0,0.011161473,6
0,1,1,0.088465074,0,0.245118846,0,0.001267369,6
0,74.4,19.2,122.1486961,0,480.3304089,0.922320804,1551.437901,6
0,85.2,0,102.6046961,0,789.738182,0,3973.553816,6
276,276,276,0,0,0,0,0,6
4,276,31,10100.25109,0,18013.85081,0,2288726.634,6
69,73,71,0.90259555,0,1.009238607,0,0.013153881,6
0,1,1,0.030392157,0,0.246569468,0,0.000706066,6
0,100,42.4,1957.099764,0,339.164174,0.525362416,891.5963328,6
0,100,0,458.0056446,0,421.0342733,0,1696.261358,6
300,624,300,20557.8,0,17330.9434,0,3593691.333,6
212,212,212,0,0,0,0,0,6
69,73,71,0.885178271,0,1.003983283,0,0.009306288,6
0,1,1,0.195833333,0,0.16509434,0,0.000326107,6
0,100,94.6,2190.781014,0,241.5144205,0,901.3856033,6
0,100,5.2,1119.279877,0,866.4252766,1.875745009,7878.734568,6
500,1000,1000,55664.0625,0,60033.73262,0,71466318.67,6
352,352,352,0,0,0,0,0,6
69,73,71,0.785798675,0,1.003983283,0,0.00883544,6
0,1,0,0.22265625,0,0.24013493,0,0.001148549,6
0,100,0,471.9109553,0,289.6633502,0,1047.423624,6
0,100,25.2,1197.791743,0,946.7852491,5.015183833,11014.82566,6
452,1500,1500,156939.0275,0,275581.6067,0,988494414.2,6
16,452,102,21795.10172,0,44465.21081,0,12211500.86,6
69,73,71,0.885178271,0,1.003787384,0,0.00916149,6
0,1,0,0.142892157,0,0.2509156,0,0.000819463,6
0,82.8,0,125.7327298,0,127.1759152,0,328.5878913,6
500,500,500,0,0,0,0,0,6
0,100,16,1190.773468,0,2312.057497,0,35823.31332,6
74,74,74,0,0,0,0,0,6
276,276,276,0,0,0,0,0,6
0,276,16,10258.49406,0,18560.68379,0,2651695.115,6
74,74,74,0,0,0,0,0,6
0,100,47.8,1679.800568,0,767.9766047,3.92143522,9487.114022,6
352,724,724,12676.72059,0,29768.85056,0,8362572.122,6
8,352,57,14999.80435,0,28327.36753,0,5421632.293,6
67,73,71,3.616106579,0,3.168057277,0,0.068643894,6
0,1,0,0.091605392,0,0.21511772,0,0.000434837,6
0,100,0,381.6788922,0,583.3365166,0,2821.441166,6
0,100,0,498.2119902,0,1356.013779,0,11688.10432,6
300,976,976,111303.8971,0,103569.9014,0,327411420.1,6
212,212,212,0,0,0,0,0,6
69,73,71,0.994323491,0,1.000848896,0,0.010741486,6
0,1,0,0.243566176,0,0.225471568,0,0.001565871,6
0,100,0,1353.56946,0,495.5577277,0,4169.577693,6
0,100,0,199.2486176,0,291.0458731,0,589.2620065,6
600,600,600,0,0,0,0,0,6
420,420,420,0,0,0,0,0,6
69,73,71,0.885178271,0,0.999869401,0,0.008742471,6
0,1,1,0.022977941,0,0.250709073,0,0.000370084,6
0,39.6,23.6,85.05906311,0,140.7603382,0.611464727,221.4493372,6
0,100,0,1529.715186,0,1745.374332,0,33000.57508,6
300,824,300,62839.54412,0,68521.13452,0,141146609.1,6
212,212,212,0,0,0,0,0,6
69,73,71,0.994323491,0,0.999869401,0,0.01062835,6
0,1,1,0.228860294,0,0.249552527,0,0.001871422,6
0,100,73.4,2072.758911,0,552.5017078,0,7860.377542,6
13905,13905,13905,0,0,0,0,0,6
68,68,68,0,0,0,0,0,6
13905,13905,13905,0,0,0,0,0,6
68,68,68,0,0,0,0,0,6
13905,13905,13905,0,0,0,0,0,6
68,68,68,0,0,0,0,0,6
14300,14300,14300,0,0,0,0,0,6
68,68,68,0,0,0,0,0,6
14300,14300,14300,0,0,0,0,0,6
68,68,68,0,0,0,0,0,6
14300,14300,14300,0,0,0,0,0,6
68,68,68,0,0,0,0,0,6
14300,14300,14300,0,0,0,0,0,6
68,68,68,0,0,0,0,0,6
14100,14100,14100,0,0,0,0,0,6
68,68,68,0,0,0,0,0,6
14100,14100,14100,0,0,0,0,0,6
68,68,68,0,0,0,0,0,6
14100,14100,14100,0,0,0,0,0,6
68,68,68,0,0,0,0,0,6
14100,14100,14100,0,0,0,0,0,6
68,68,68,0,0,0,0,0,6
11500,11500,11500,0,0,0,0,0,6
68,68,68,0,0,0,0,0,6
11500,11500,11500,0,0,0,0,0,6
68,68,68,0,0,0,0,0,6
11500,11500,11500,0,0,0,0,0,6
68,68,68,0,0,0,0,0,6
11500,11500,11500,0,0,0,0,0,6
68,68,68,0,0,0,0,0,6
68,68,68,0,0,0,0,0,6
7446,7446,7446,0,0,0,0,0,6
68,68,68,0,0,0,0,0,6
7446,7446,7446,0,0,0,0,0,6
68,68,68,0,0,0,0,0,6
7820,7820,7820,0,0,0,0,0,6
68,68,68,0,0,0,0,0,6
7820,7820,7820,0,0,0,0,0,6
68,68,68,0,0,0,0,0,6
5372,5372,5372,0,0,0,0,0,6
68,68,68,0,0,0,0,0,6
5372,5372,5372,0,0,0,0,0,6
68,68,68,0,0,0,0,0,6
10560,10560,10560,0,0,0,0,0,6
68,68,68,0,0,0,0,0,6
10560,10560,10560,0,0,0,0,0,6
68,68,68,0,0,0,0,0,6
13100,13100,13100,0,0,0,0,0,6
68,68,68,0,0,0,0,0,6
13100,13100,13100,0,0,0,0,0,6
0,660,342,52527.57647,0,254960.2974,153.8409103,498109680.7,7
0,356,152,9494.199755,0,18759.21884,46.55747286,4558187.577,7
0,564,560,39283.21348,0,73896.84026,15.79822554,174448199.7,7
0,200,140,3086.931801,0,10480.94418,3.177745105,1569897.816,7
0,776,312,39079.08922,0,64907.12576,208.1635688,69811724.33,7
0,1652,204,128115.4096,12.47396393,353487.0403,570.5548671,1926173100,7
0,1452,524,59910.11373,0,167925.4305,60.93239708,249152137,7
0,500,40,32615.65974,0,54294.01647,41.12636652,17064746.97,7
0,360,60,13018.65858,0,26808.33903,16.57243563,4218049.88,7
0,304,224,7173.741605,0,11360.45381,3.939969709,4747783.659,7
0,1324,434,66463.97347,0,351998.5954,266.1623021,1051714707,7
0,748,156,31307.34945,0,50833.1821,51.40278122,47805499.02,7
0,908,76,100054.2343,0,204055.0625,21.27737849,368188553.5,7
0,492,420,24389.3951,0,53862.49098,15.38064161,77105695.67,7
0,1504,576,119289.2586,0,180366.6648,115.5305616,418845459.5,7
0,1672,1224,355362.9804,0,383250.401,629.9298912,3883119193,7
0,820,280,35370.47102,0,103337.1281,18.82329616,106182089.6,7
0,1508,690,239599.1127,0,244701.256,24512.69844,3034905377,7
840,1956,1466,90403.21936,20.90618202,571681.2337,781.3452292,5983942237,7
272,538,280,514.1272059,0,25198.24337,34.94798293,10199462.73,7
272,288,280,9.941176471,5.091600415,11303.57571,53.94013493,5365040.856,7
0,1556,697,60986.79896,12.577943,184964.1336,114.3872229,598704273.5,7
12,556,212,4520.948775,0,109939.5322,20.79195925,75711803.07,7
0,1048,420,29653.14161,0,86154.55564,51.59300565,124321708.2,7
0,252,116,6924.13701,0,11672.27298,14.99633668,2817094.197,7
0,392,76,9827.841605,0.291890403,22607.55368,56.70879802,11816886.3,7
12,500,212,10531.13033,0,32719.84117,14.36640507,12824727.58,7
0,2212,220,480006.7235,0,596666.3792,251.6175685,4389232441,7
0,888,284,25331.31667,8.365909404,392204.1913,165.5832987,1076447026,7
0,1924,164,155246.3945,0,548620.8952,65.38664464,1674113635,7
0,352,212,6506.6,0,23067.51502,4.22459039,6324626.999,7
0,2208,1548,482686.2828,0,1030134.446,255.8670522,16112875244,7
0,148,48,2069.044056,0,3136.189979,12.94153931,97668.78074,7
32,504,178,17583.14455,0,30157.27584,30.52603977,10901642.46,7
32,136,84,343.5127451,0,2051.472725,10.94269586,37346.87214,7
836,982,876,727.6038603,5.357565744,127507.1048,31.79303318,592154269.1,7
0,752,148,17469.05074,0,136426.7259,173.4451329,105751480.9,7
0,756,328,46465.28235,0,117478.8679,112.391023,129499873.9,7
0,500,420,20879.597,0.789536004,45423.6233,11.00147671,53243144.08,7
0,804,212,11024.12298,0,44950.10436,23.15362798,33720803.09,7
0,216,212,2554.082782,0,24484.98218,10.00159714,13333723.46,7
0,220,212,1450.092586,1.356133829,77919.46777,29.17284869,45233473.55,7
0,392,24,11396.59387,0,20914.28996,3.953228827,4228153.733,7
0,436,156,7719.4269,0,75503.79094,23.90163844,42711636.06,7
0,804,238,69710.98015,0,139034.2732,87.10989949,376999899.1,7
32,1004,368,117526.948,0,161015.0375,195.1410712,744855088.9,7
0,972,300,20738.40974,1.605727661,183543.978,214.2027261,574218577.1,7
40,504,104,9592.855331,1.650092081,26260.24125,31.48504154,7537237.384,7
0,560,112,15781.84216,0,71194.79248,23.32431189,48751723.23,7
4,156,40,2256.030392,0,4672.07512,0.895277434,233656.8875,7
0,592,100,21764.14357,0.517472119,308483.6798,64.39531874,1149181306,7
0,104,100,1090.619608,0,1396.625967,2.824728074,51399.71099,7
0,280,44,8681.840931,0,15640.73667,3.887980173,2356862.534,7
0,1356,144,216416.5764,1.10147322,255463.1058,62.44207628,1302467536,7
0,900,338,52319.57935,0,275596.4343,418.8353022,1371433407,7
0,504,88,26694.35435,0,60004.25012,43.33025464,25324027.73,7
0,600,64,15164.08866,0,52251.03654,83.97466612,41185406.33,7
0,508,140,10059.51268,1.811923448,129119.3779,124.0126669,198018801,7
0,280,32,8942.17788,0,32698.9026,6.280892933,5063646.335,7
20,956,332,70226.89259,0,151669.9757,78.7905824,329476607.3,7
0,604,152,35215.93621,0,81891.71303,27.00390324,90749205.57,7
0,380,144,7712.516667,0,66002.84158,10.09940796,36605923.07,7
0,304,144,6013.026409,0,60102.1341,15.34627564,31644444.2,7
996,1204,1180,1889.819608,27.49739777,135644.351,64.64116756,915550967,7
0,460,352,24478.05392,0,30886.05898,20.88977007,43790813.09,7
0,1000,1000,144211.7632,0,219179.4027,32.57551976,1059081725,7
0,1556,92,317680.9068,0,485559.3865,199.4949745,2447511506,7
4,440,36,20881.03229,0.356877323,25168.20069,12.36835237,4388453.414,7
0,100,24,1019.623529,0,2019.62627,38.29073386,29900.1216,7
0,800,74,76725.17647,0,130538.6466,72.41228143,133165662.9,7
0,304,152,8517.3269,0,14698.19876,16.63555005,4945625.009,7
0,364,32,14203.90956,1.307669007,19123.59763,14.31926201,4699326.693,7
436,2272,922,111965.2605,12.43365001,276100.6755,695.8240947,922841817.6,7
-19.6,57285.05,28681.7,205637919.4,1.03E-27,287417440.9,96052.15347,1.08E+15,7
0,37671.3,21290.78,121315608.3,0,161385608.6,50029.03021,3.11771E+14,7
12691.18,54095.17,22575.88,71672612.81,16881.60785,111848830.8,88920.48501,1.50708E+14,7
0,392,24,9073.740196,0.40556244,12745.39689,9.612688314,2632866.351,7
0,252,24,7813.662684,0,14243.24736,2.613245215,2305848.148,7
0,628,212,10433.71317,0,34702.15261,13.38565331,16070560.69,7
12,520,212,5357.220527,0,32150.66744,14.55376566,16141217.4,7
32,492,212,5279.838174,0,77201.14002,19.48979501,30164316.74,7
212,308,212,40.22328431,0,8147.029933,4.087450695,2501611.971,7
56,1560,224,313285.9451,17.49139474,424610.3475,146.8974253,4477633450,7
52,1420,800,97319.05858,1.565344495,188810.4907,38.36229655,492996676.8,7
40,876,452,52573.20172,0,70554.78541,9.583367754,85955380.67,7
0,1204,1199,254773.6798,0,318708.3808,65.43158474,2834083980,7
8,656,200,44385.1174,0,60978.38161,5.949497453,53945404.09,7
0,1400,966,167034.101,1.651328652,329946.9572,379.2268036,3011627979,7
20,452,120,17127.33131,0.348946716,52386.4684,17.09684703,27745587.44,7
16,400,212,4406.529167,0,74852.13185,10.19325348,51253569.84,7
0,504,28,32510.74412,0,61236.28055,18.64893295,27341343.05,7
24,388,98,11026.78824,0,77531.67099,52.50084312,34832673.23,7
0,280,20,9443.705331,0,17871.07454,5.1742806,2335616.404,7
0,1000,598,90611.26176,4.754839598,197805.3886,224.5033733,994836988.1,7
0,448,420,18988.65435,0,57655.8491,10.03941449,91649744.38,7
0,428,212,5701.203676,0,26824.78293,9.98705769,10223293.87,7
0,216,212,3178.738174,0,39479.04634,13.91700235,33916906.42,7
0,1056,244,45879.36863,0,255546.7043,389.3853746,768811637.8,7
28,696,188,14759.89651,8.944182845,39943.7156,97.51133141,32751041.45,7
0,1048,132,29220.18725,0,144108.3596,86.88021602,124442012.5,7
0,180,16,3849.559804,0,8909.047831,7.636734132,969181.7672,7
0,220,212,3854.39902,0,84479.10032,30.57039791,69461476.54,7
28,304,60,9341.176225,0.118077929,14550.31056,9.425306347,3724527.036,7
8,300,40,11287.52059,0,18253.24411,3.650282253,3678875.419,7
0,528,474,31124.7723,0.348946716,51592.5265,29.29566295,83093414.24,7
0,100,100,1173.531127,0,1726.568966,0.91168787,50093.22944,7
0,1160,1152,175048.1245,0,327973.0668,80.81431915,2801191400,7
0,280,35,8430.871507,0,35334.00545,21.56706595,7921410.519,7
0,320,212,6483.534743,0,16407.32832,5.580063335,5257397.3,7
0,256,212,5447.513725,0,75760.11698,36.82146886,62262665.04,7
84,208,150,810.889951,2.203827619,3571.980945,25.88241773,143362.2116,7
0,844,160,29524.20631,0,273303.4182,143.4842672,510390192,7
116,276,213,817.7507353,0,5126.737491,28.31722429,490353.7093,7
0,652,334,29494.58431,0,107167.6848,108.9261187,127590889.6,7
0,424,420,20609.28235,0,57524.02126,13.27825967,64847711.73,7
0,232,212,5074.542586,0,10199.2684,3.800963789,3447371.082,7
0,260,212,4724.67788,0,25022.75666,10.27189866,11066550.88,7
0,956,212,100455.6553,1.366047088,138552.1287,48.47682776,369961178.2,7
0,996,212,12606.92721,1.545587223,87485.64373,35.76450503,165137297.9,7
0,1400,504,141033.3841,0,359687.2662,562.5311937,1949963962,7
0,1680,352,234708.1744,0,331585.7326,290.15327,2652076074,7
16,400,52,12084.59602,3.061214374,15174.10855,54.70059204,2828492.223,7
212,494,212,1819.528431,0.118077929,19024.05198,21.65231998,4694351.678,7
0,276,32,9110.860723,0,19015.10582,4.51532704,2975677.366,7
0,576,212,8860.579412,1.188709899,35725.78714,21.86742126,17564483.45,7
0,1000,352,38661.83376,6.909541512,162585.607,103.6623985,360998402.6,7
0,1500,338,129703.52,0.472311717,345867.4688,603.1546193,1668267612,7
0,104,36,900.3749387,0,1959.952857,16.26446372,25186.75086,7
0,276,20,9349.410784,0,18313.12813,12.20046813,2704844.775,7
0,728,254,68544.79896,4.820927991,90167.7004,242.128232,123753433.6,7
0,756,212,13185.70098,0,96656.85452,90.12518243,108245360.9,7
0,420,420,22206.06176,0,48042.13708,12.1317362,59471544.12,7
16,824,212,68168.8,1.294451329,78602.6757,33.42001928,122921145.6,7
8298.9,8371.67,8334.24,188.1872018,3.32E-24,4968132.687,1.76E-21,1.01571E+11,7
8295.26,8390.59,8349.1,421.6551835,2.99E-23,4399460.819,9.60E-22,79644580894,7
8323.75,8347.37,8335.475,20.24733943,6271.86777,4962316.806,8885.004683,1.00975E+11,7
14276.37,14317.75,14298.57,46.81912005,1085.42391,2864.992573,2002.763382,71824.77921,7
8531.23,8649.84,8580.87,189.2474628,9.60E-22,2679.112385,1135.153222,168475.809,7
8554.87,8605.4,8581.8,80.74126635,864.4861794,2511.897547,1595.870644,109046.398,7
8533.3,8626.84,8581.18,177.6017117,1.33E-23,2229.128111,1106.622913,135275.4551,7
8388.57,8503.89,8458.34,359.637823,0,2956.98974,672.3431966,265959.5385,7
8436.995,8487.11,8460.74,78.96401008,935.4853098,3006.511067,1631.289741,157805.4134,7
8426.045,8484.735,8455.92,141.1096005,32178.92523,82661.08227,50067.25238,123352248.5,7
8417.28,8508.745,8456.55,213.4583847,39205.2735,96189.47649,53787.79694,177366939.9,7
6884.77,6910.475,6897.27,22.75918368,3062.861907,11069.65079,6806.351307,2125357.747,7
6854.72,6949.79,6902.74,727.4733545,6.73E-23,1378.531759,1.54E-21,106499.5543,7
6857.85,6941.6,6896.96,352.8285273,0,1933.236491,1.54E-21,102939.643,7
6850.43,6960.58,6900.85,438.3049545,0,2858.80445,574.2930591,254578.1261,7
7398.32,7486.45,7444.3,352.6898181,0,1454.218754,1.61E-21,99845.29254,7
7416.56,7494.72,7438.27,162.4270065,2.13E-22,1511.799346,6.98E-22,53658.23855,7
7771.84,7888.51,7819.57,238.8577919,5.31E-23,2098.227874,953.6758792,138311.4068,7
7765.2,7888.83,7820.08,365.880322,5.31E-23,2345.067883,751.4658427,178338.6293,7
5354.065,5385.485,5368.96,32.01855374,332.7075004,4192.366833,2464.713879,361569.2402,7
5351.445,5403.24,5371.76,51.69869466,1369.721663,3604.476621,2436.91365,161319.8113,7
10502.75,10610.3,10558.93,225.6940073,0,2703.762275,1473.390899,134657.4617,7
10510.71,10603.96,10555.17,408.037002,0,2262.337946,5.61E-22,141686.543,7
13063.21,13142.8,13101.64,152.6146641,358.8759581,2627.344623,1196.278827,126805.1374,7
13087.84,13118.63,13102.15,27.92287797,3715.2013,5831.557173,4754.753174,144645.0813,7
10.5,19.62777778,12.21666667,0.847454004,0.014165224,6.585541898,0.063987119,0.67945381,8
14.22222222,35.22222222,28.27777778,7.188299866,0,179.170744,0.928285977,134.7410944,8
7.555555556,19.55555556,9.166666667,6.117486261,0,7.673990316,0.063979515,0.315457029,8
5.833333333,23.05555556,6.944444444,11.88309386,0,4.22086956,0.065733559,0.202236648,8
6.222222222,19.27777778,7.388888889,7.39720331,0,3.912657083,0.059239466,0.181248638,8
23.33333333,105.1111111,92.36111111,410.9294091,4.57E-27,210.1749479,0.240545879,230.3864628,8
21.94444444,30,25.5,1.193799927,0,15.56431533,9.24E-27,9.680861268,8
16.44444444,26,25.11111111,2.623692988,0,33.91001763,1.83E-26,61.20969922,8
10.66666667,23.05555556,22.38888889,9.167450269,0,6.503311261,1.55E-26,0.505994884,8
7.055555556,22.61111111,21.88888889,13.08460038,0,17.38657868,1.64E-26,2.822379965,8
7.666666667,21.77777778,21.11111111,10.79695952,0,12.83573754,1.46E-26,2.109067963,8
-7.8,0.183333333,-0.016666667,0.727553682,0.003250126,11.40277338,0.026380511,1.786214111,8
8.65,19.01666667,12.26666667,3.362661482,0.05051613,8.657888828,0.496748946,0.425586168,8
6.166666667,19.45555556,7.311111111,2.98960034,0,10.46979326,0.046382737,1.963364751,8
9.211111111,30.37222222,9.822222222,6.586092704,3.17E-28,49.83619761,0.25612963,10.23619686,8
8.644444444,30.32777778,9.211111111,7.192589049,2.57E-28,66.97454506,0.268933846,18.15356153,8
7.566666667,19.41666667,12.96388889,12.49899205,5.07E-29,6.806588249,0.12353842,0.576414815,8
11.26666667,22.84444444,21.75,3.809723443,0,2.588979642,7.62E-27,0.063703883,8
7.466666667,18.7,10.36388889,3.558194837,0,3.85352066,0.028982113,0.179770163,8
8.8,19.53333333,12.425,6.065555342,2.85E-29,5.697024724,0.154130719,0.300057675,8
20.88333333,23.35,22.21666667,0.28263115,1.27E-27,0.276509592,0.000630049,0.000437153,8
7.822222222,19.67222222,11.72777778,2.261239769,0.001072813,5.042345836,0.06106859,0.420002891,8
19.61666667,21.25555556,20.15,0.008681429,0.00232352,0.121489267,0.078878065,5.97E-05,8
19.7,20.26666667,20.03333333,0.011325715,1.14E-28,0.066394358,6.70E-27,3.73E-05,8
19.46666667,20.62777778,19.69444444,0.023146089,3.17E-28,0.305249548,8.56E-27,0.000625605,8
19.63888889,21.3,20.19444444,0.010186647,4.56E-28,0.27186416,0.071174985,0.000606439,8
19.6,21.31666667,19.95555556,0.020704152,0.051826353,0.314885836,0.076038123,0.0004163,8
19.74444444,21.05,19.96111111,0.01249905,3.24E-27,0.207858927,0.048106017,0.000497898,8
19.86666667,21.13888889,20.06666667,0.011037786,0.00813014,0.216057085,0.053763284,0.000389405,8
19.56111111,21.2,20.09444444,0.007497022,0.031211468,0.199814426,0.079998249,0.000103144,8
19.5,21.13888889,19.80555556,0.037721411,0.042526523,0.244539155,0.133124225,0.0027213,8
19.73333333,21.58888889,19.89444444,0.021648343,0.056954394,0.714714474,0.266675746,0.001974979,8
19.69444444,21.13333333,19.87222222,0.015098384,0.059250404,0.40039679,0.243227895,0.001302497,8
19.75555556,20.82222222,19.97777778,0.011034444,0.006818119,0.177053991,0.089342726,0.0007037,8
19.68333333,21.15,20.03888889,0.023728283,0.032017151,0.30335971,0.065267687,0.00056355,8
19.65,21.88333333,20.02222222,0.033029747,4.56E-28,0.697428614,0.096912188,0.00401216,8
19.67222222,21.96666667,19.76111111,0.073968032,0,0.693743794,0.087735493,0.003089033,8
