20.66666667,21.88888889,21.38888889,0.052841839,0,0.022091536,0.0006627,3.31E-06,4
19.05555556,20.94444444,20.22222222,0.081338085,0,0.116931747,0.000810996,7.51E-05,4
18.88888889,21.33333333,20.38888889,0.232031577,0,0.085038742,0.002850072,0.000108717,4
17.33333333,21.83333333,20.30555556,0.981331693,1.17E-28,1.164868572,0.022383495,0.019089494,4
18.77777778,22,20.77777778,0.530137018,0,1.998892411,0.008492289,0.020471894,4
19.66666667,22.55555556,20.88888889,0.192629801,1.30E-29,0.307335113,0.003019223,0.001671238,4
21.33333333,22.94444444,22.44444444,0.046974231,0,0.069856894,0.000486598,3.22E-05,4
23.16666667,25.27777778,24.22222222,0.092359514,0,0.116658325,0.000648797,0.000119881,4
21.66666667,23.05555556,22.16666667,0.112305576,0,0.118938383,0.000764654,9.51E-05,4
20.83333333,23.38888889,21.38888889,0.281589832,0,0.143184852,0.000792459,0.000139593,4
20.88888889,22.88888889,21.47222222,0.239600248,5.19E-29,0.098700552,0.000954658,0.000106585,4
21.83333333,23.72222222,22.38888889,0.247003976,0,0.071066437,0.001112223,4.79E-05,4
21,23.66666667,21.61111111,0.167102255,0,0.1802775,0.000980147,0.000287664,4
21.55555556,24.72222222,22.11111111,0.186363539,5.19E-29,0.269097802,0.000954658,0.000593627,4
20.72222222,21.22222222,21.05555556,0.008249015,0,0.005633941,0.000625626,5.03E-07,4
20.83333333,21.66666667,21.16666667,0.033674287,0,0.001790613,0.000162199,9.86E-08,4
20.44444444,21.38888889,20.88888889,0.029995694,0,0.035252845,0.000236347,6.83E-06,4
20.5,22.55555556,21.61111111,0.093546703,0.000236347,0.202698068,0.002683239,0.000456017,4
20.33333333,21.38888889,20.77777778,0.072717463,0,0.000792459,4.17E-05,8.93E-08,4
19.66666667,21.05555556,20.38888889,0.063544398,0,0.017855819,0.000718311,2.44E-06,4
20.61111111,22.16666667,20.94444444,0.12896603,5.19E-29,0.095224854,0.001976514,0.000131858,4
20.44444444,21.44444444,20.77777778,0.053703901,0,0.034543803,0.001389629,1.23E-05,4
19.05555556,20.05555556,19.38888889,0.03911088,8.34E-05,0.022242135,0.002305546,1.22E-05,4
19.22222222,21.83333333,20.22222222,0.240501854,1.17E-28,0.05700608,0.002608495,5.69E-05,4
18.5,20,19.33333333,0.081509793,0,0.07913469,0.001383328,5.14E-05,4
18.11111111,23.22222222,21.83333333,0.784690201,0,0.102630408,0.002134079,0.000271737,4
18.11111111,19.5,18.83333333,0.066808272,0,0.023894265,0.000625626,4.49E-06,4
15.22222222,16.55555556,16,0.088508672,0,0.046185074,0.002175688,3.69E-05,4
22.38888889,23.05555556,22.72222222,0.00882846,0,0.015275328,0.000673623,2.41E-06,4
19.44444444,20.38888889,20,0.03241235,0,0.060639343,0.028069352,6.62E-05,4
20.05555556,23.55555556,21.38888889,0.537173572,0,0.214285714,0.001689222,0.00030775,4
19.72222222,22.38888889,21.44444444,0.179292553,1.35E-29,0.060185185,0.001047344,4.02E-05,4
20.16666667,24.05555556,21,0.783506178,0,0.464223483,0.0017448,0.005330462,4
18.55555556,20.94444444,19.44444444,0.162175302,0,0.074486524,0.00175387,6.91E-05,4
21.27777778,23.66666667,22.47222222,0.312600328,0.000305861,0.356055129,0.00640687,0.001358627,4
27.05555556,31.61111111,29.27777778,0.964574371,0.000722945,0.760043112,0.026412987,0.008555001,4
17.55555556,20.77777778,19.38888889,0.229658729,5.19E-29,0.20064509,0.020678085,0.000459262,4
21.88888889,22.33333333,22.11111111,0.011277478,0,0.001306862,0.000778556,2.52E-08,4
22.33333333,23.77777778,22.88888889,0.070191581,1.17E-28,0.018995848,0.000789832,8.89E-06,4
20.55555556,21.5,21,0.044246971,0,0.003026174,0.000305861,1.88E-07,4
19.66666667,20.44444444,20.16666667,0.030943671,0,0.003123494,0.000430987,2.44E-07,4
20.38888889,21.33333333,20.83333333,0.043428656,0,0.02848682,0.001844437,1.67E-05,4
19.55555556,21.5,19.75,0.08922243,0,0.286286286,0.001192419,0.000641448,4
19.83333333,22,20.55555556,0.2561418,0,0.118400808,0.001223446,0.000118583,4
20.11111111,21.77777778,21.16666667,0.046249773,0,0.020033923,0.0006627,8.62E-06,4
18.77777778,22.22222222,20.16666667,0.459040692,0,0.505232084,0.003720089,0.00209229,4
18.5,21.55555556,19.83333333,0.386869537,0,0.457466726,0.003063248,0.00135699,4
21.55555556,22.66666667,22,0.039404038,0,0.075608015,0.000604771,5.03E-05,4
20.88888889,21.61111111,21.27777778,0.016915596,0,0.015612835,0.000625626,1.48E-06,4
19.83333333,21.55555556,20.27777778,0.141782174,0,0.085326067,0.00341777,5.00E-05,4
19.72222222,22.44444444,20.94444444,0.428332138,0,0.03015873,0.001246617,1.74E-05,4
19.66666667,21.61111111,21.05555556,0.07260081,0,0.036110184,0.000539892,1.17E-05,4
15.94444444,22.55555556,20.94444444,0.537889501,0,2.776299448,0.001409875,0.061876121,4
18.88888889,23.83333333,21.33333333,0.55559448,0,2.696636451,0.003682684,0.058630847,4
20.38888889,23.55555556,21.91666667,0.349988359,0,2.15707374,0.001654432,0.025879037,4
18.94444444,21.61111111,21.05555556,0.078463921,0,1.265510484,0.000705467,0.00770634,4
20.88888889,23.16666667,21.66666667,0.183485705,0,0.084621659,0.001223446,6.91E-05,4
17.38888889,20.66666667,19.27777778,0.244631435,0,0.227394061,0.003788776,0.00050723,4
22.11111111,23.33333333,22.72222222,0.085757663,0,0.006965299,0.000583917,1.14E-06,4
20.61111111,21.66666667,20.88888889,0.045259963,0,0.240156823,0.001723946,0.000466512,4
19.83333333,21.94444444,20.88888889,0.206229197,0,0.146737213,0.001476013,0.000206332,4
20.38888889,21.44444444,21,0.077371818,0,0.016655544,0.000789513,3.52E-06,4
21.11111111,23.27777778,22,0.175512167,0,0.051009343,0.000792459,4.37E-05,4
20.61111111,22.55555556,21.72222222,0.173560072,1.89E-29,0.056904126,0.00120941,4.09E-05,4
21.72222222,21.83333333,21.77777778,0.00064418,2.08E-28,0.001401137,0.000537575,6.93E-08,4
21.83333333,22.61111111,22.27777778,0.032878709,0,0.005352575,0.000305861,3.93E-07,4
21.44444444,22,21.66666667,0.010286119,0,0.020233196,0.000440917,2.19E-06,4
20.22222222,22.44444444,21.38888889,0.248404577,0,0.140612835,0.002025769,0.000224525,4
21.16666667,24.22222222,22.88888889,0.646987503,0,0.122111993,0.003809365,0.000406668,4
21.33333333,23.66666667,22.33333333,0.186086354,0,0.047795414,0.000792459,4.72E-05,4
21.44444444,22.94444444,22.38888889,0.094582007,0,0.011418826,0.000722945,2.77E-06,4
22.66666667,23.77777778,23.22222222,0.082121301,0,0.004777926,8.34E-05,3.68E-07,4
21,22.94444444,21.94444444,0.178410107,0,0.017044823,0.000722945,3.58E-06,4
22.61111111,25.5,23.44444444,0.262221638,0,0.047836913,0.000722945,3.25E-05,4
19.27777778,22.11111111,20.22222222,0.371763989,0,0.061904762,0.000792459,7.79E-05,4
21.27777778,23.22222222,22.27777778,0.245717735,0,0.029687095,0.000970352,1.33E-05,4
21.27777778,23.83333333,22.16666667,0.203278543,0,0.048316835,0.000787825,3.74E-05,4
18.94444444,21.38888889,19.77777778,0.275668513,0,0.094126534,0.001177103,0.000157865,4
20.16666667,23.44444444,21.05555556,0.454462295,0,0.268115338,0.001851852,0.000554868,4
21.33333333,24.77777778,22.05555556,1.041784264,0.001379091,0.299076855,0.005398785,0.000741486,4
20.94444444,23.33333333,22.5,0.333831972,0,0.027156786,0.000778556,1.83E-05,4
20.83333333,22.16666667,21.44444444,0.064132178,0,0.045392416,0.000162199,1.44E-05,4
19,20.66666667,19.83333333,0.099197607,0,0.077744411,0.000793651,3.57E-05,4
18.55555556,21.27777778,20.05555556,0.478369416,0,0.123294591,0.000787825,0.000150389,4
18.61111111,21,19.66666667,0.317120711,0,0.036358515,0.000778556,1.41E-05,4
21.55555556,22.66666667,22.16666667,0.048397023,0,0.029571238,0.001877788,1.66E-05,4
21,22.66666667,21.61111111,0.122168835,0,0.019695622,0.000764654,4.56E-06,4
21.22222222,22.88888889,21.83333333,0.134578979,0,0.030549068,0.0006627,1.44E-05,4
20.38888889,21.72222222,21.22222222,0.073196774,0,0.03557261,0.001723946,3.10E-05,4
19.72222222,23,20.77777778,0.356440439,0,2.60947985,0.001443573,0.049999959,4
20.5,24.02777778,21.88888889,0.315941823,0,0.180828977,0.005273428,0.000717127,4
21.66666667,24.44444444,21.94444444,0.267255083,1.40E-29,0.304809439,0.001688879,0.000967961,4
20.88888889,24.16666667,22,0.573686542,0,0.088217847,0.002643814,0.00013864,4
21.88888889,27.72222222,22.22222222,1.755567181,0,0.222653209,0.002636896,0.001363982,4
21.83333333,23.61111111,22.5,0.148819842,8.57E-05,0.349755046,0.005237115,0.001175803,4
21.61111111,22.27777778,22,0.016648513,1.17E-28,0.039701739,0.001244366,1.79E-05,4
21.27777778,21.88888889,21.61111111,0.01562778,0.000385802,0.07133059,0.019446409,0.000390047,4
22.5,23.55555556,23.05555556,0.017165476,0,0.055259882,0.000750287,3.86E-05,4
20.94444444,21.66666667,21.44444444,0.010255524,0,0.042293907,0.002022095,3.14E-05,4
20.94444444,23.38888889,21.83333333,0.419133835,0,0.076719577,0.000960297,4.00E-05,4
20.88888889,22.38888889,21.05555556,0.090711636,0,0.072396471,0.0006627,3.28E-05,4
22.66666667,23.33333333,22.94444444,0.015947099,0,0.053660142,0.00157174,8.02E-05,4
20.27777778,22.22222222,21.88888889,0.041007129,1.44E-29,0.087115422,0.001124339,6.01E-05,4
21.33333333,22.38888889,21.5,0.049064818,0,0.058882957,0.001135395,4.35E-05,4
21.61111111,22.11111111,21.83333333,0.01115106,0,0.029673192,0.0025334,2.57E-05,4
21.88888889,22.66666667,22.16666667,0.035261119,0,0.034705075,0.000583917,1.11E-05,4
21,22.11111111,21.5,0.023428355,0,0.145235646,0.000739264,0.000187179,4
20.83333333,21.88888889,21.05555556,0.046835827,0,0.04638448,0.003583213,8.60E-05,4
22.72222222,23.63888889,23.22222222,0.018126427,0,0.096939517,0.001124339,0.000126595,4
21.22222222,23.72222222,23.44444444,0.110692187,0,0.224603175,0.000783853,0.000787204,4
20.83333333,22.11111111,21.83333333,0.017861187,0,0.156100545,0.001555458,0.000205075,4
21.11111111,21.83333333,21.61111111,0.014717278,0,0.299713404,0.000917584,0.000430925,4
21.16666667,22.44444444,21.61111111,0.030594698,0,0.083793847,0.003399961,0.000107884,4
21.27777778,22.05555556,21.5,0.019388968,0,0.048997601,0.003516962,4.69E-05,4
21.38888889,22.27777778,21.72222222,0.025925758,1.40E-29,0.041845627,0.002785559,5.30E-05,4
22.72222222,23.16666667,22.88888889,0.009306451,0,0.029007158,0.003047227,4.44E-05,4
19.55555556,22.66666667,21.55555556,0.606624768,0,0.144319007,0.000789141,0.00026511,4
21.77777778,23.61111111,22.27777778,0.153598453,0,0.052995787,0.00196698,5.43E-05,4
22.05555556,23.5,22.83333333,0.15312318,5.21E-29,0.014083411,0.001234568,3.78E-06,4
21.27777778,22.02777778,21.72222222,0.020426987,1.39E-29,0.05763634,0.001851852,4.52E-05,4
21.44444444,22.44444444,21.61111111,0.031163549,0,0.009236088,0.000715842,1.09E-06,4
21.38888889,22.05555556,21.61111111,0.018431581,0,0.050560224,0.000793651,3.41E-05,4
22.94444444,23.61111111,23.16666667,0.017687546,1.17E-28,0.038842204,0.005649168,7.64E-05,4
21.38888889,22.5,21.72222222,0.06161117,0,0.186487413,0.000792459,0.000335605,4
22.11111111,23.27777778,22.61111111,0.032466842,0,0.053818832,0.000707305,3.75E-05,4
21.77777778,22.33333333,22,0.007974246,0,0.021406526,0.000648408,3.02E-06,4
21.05555556,23.44444444,22.94444444,0.045778863,0,0.340294636,0.000684718,0.000776875,4
21.77777778,24.05555556,22.33333333,0.341766752,0,0.036358515,0.003734827,2.69E-05,4
21.88888889,24,22.5,0.344163239,0,0.044127461,0.003064374,3.04E-05,4
21.72222222,24,22.16666667,0.434771963,0,0.033333333,0.002307863,3.55E-05,4
21.94444444,23.33333333,22.16666667,0.119722631,0,0.03418233,0.002511771,2.54E-05,4
21.38888889,22.33333333,21.5,0.058241398,0,0.03956842,0.000769288,1.80E-05,4
21.55555556,23.05555556,22,0.102424795,0,0.04218107,0.000648408,4.41E-05,4
21.05555556,22.11111111,21.44444444,0.042178499,0,0.03175861,0.000625626,1.51E-05,4
21.16666667,21.88888889,21.61111111,0.021683591,0,0.018133941,0.000625626,2.10E-06,4
17.77777778,22.27777778,21.83333333,0.147535761,0,2.056718756,0.000648408,0.020639981,4
19.05555556,21.38888889,20.55555556,0.179337939,0,0.163445853,0.003495493,0.000285966,4
21.16666667,26.88888889,22.44444444,1.411160912,0,3.804311189,0.003220813,0.127781972,4
22.5,24.33333333,23.55555556,0.215581769,0,0.05952381,0.000793651,5.72E-05,4
21.38888889,22.66666667,21.94444444,0.057500076,0,0.027562218,0.00122808,2.06E-05,4
21,22.22222222,21.61111111,0.057430624,0,0.02979963,0.000762527,2.45E-05,4
19.16666667,22.05555556,21.11111111,0.41870221,0,0.041531942,0.00151468,4.15E-05,4
21.61111111,22.83333333,22.05555556,0.059873806,0,0.012897156,0.00069514,4.23E-06,4
20.61111111,23.33333333,22.11111111,0.158826116,0,0.088502124,0.001490318,0.000123672,4
21.33333333,23.27777778,22.30555556,0.225565812,0,0.12078282,0.004191306,0.000310435,4
20.66666667,23.55555556,21.77777778,0.475976724,0,0.062698413,0.001540459,7.61E-05,4
20.66666667,24.22222222,21.33333333,0.717286669,0,0.060256745,0.001654432,7.67E-05,4
20.83333333,21.44444444,21.16666667,0.018645078,0,0.014119722,0.000595238,5.14E-06,4
18.55555556,21.16666667,20.22222222,0.466046827,0,0.052228154,0.001467995,5.14E-05,4
21.72222222,23.38888889,22.77777778,0.143297757,0,0.023627478,0.000771605,1.24E-05,4
19.77777778,22.72222222,20.44444444,0.237237424,0,0.268165785,0.002085279,0.001123345,4
20.83333333,24.16666667,21.55555556,0.273171995,0,0.133560551,0.001862974,0.000335747,4
21,23.77777778,23.25,0.12582971,0,1.247248069,0.001978831,0.014678577,4
21.27777778,22.36111111,21.77777778,0.051962526,0,0.202944477,0.000993046,0.000461885,4
20.05555556,22.19444444,21.77777778,0.237706191,0,0.876909317,0.001831103,0.015467827,4
22.05555556,23.11111111,22.66666667,0.047301661,0,0.295378712,0.004523042,0.001556067,4
21.22222222,22.83333333,21.75,0.190275695,0,0.132129889,0.001177103,0.000257855,4
21.88888889,25.83333333,23.30555556,1.427859848,0.000771605,0.51149079,0.008247989,0.008283758,4
20.38888889,22.88888889,21.72222222,0.170488719,0,2.952604005,0.003789438,0.041062217,4
20.5,22.44444444,21.33333333,0.160765649,0,0.055908289,0.00077023,6.18E-05,4
20.38888889,22.38888889,21.22222222,0.205565743,0,0.114446519,0.000741778,7.42E-05,4
20.05555556,22.33333333,20.83333333,0.140561714,0,0.085600166,0.002100767,0.000116672,4
20.16666667,23.44444444,21.27777778,0.373530688,1.30E-29,0.560519763,0.003201197,0.003360277,4
21.44444444,22.94444444,22.11111111,0.157706286,0,0.008531746,0.000771605,2.51E-06,4
20.94444444,23.22222222,22.22222222,0.233020227,0,0.039219577,0.000792459,1.92E-05,4
19.77777778,22.66666667,21.5,0.555076809,1.30E-29,0.046999314,0.001523462,5.20E-05,4
19.83333333,22.38888889,20.72222222,0.273589065,0,0.036244578,0.00079183,4.07E-05,4
20.66666667,24.25,22.95833333,0.237065222,0,0.466627474,0.000878302,0.001858181,4
22.83333333,25.77777778,24.22222222,0.371503418,0,0.045767196,0.00122873,4.48E-05,4
21.72222222,23.61111111,22.5,0.192335614,0,0.179442888,0.001248229,0.000319449,4
21,24.72222222,22.16666667,0.892635186,5.20E-29,0.185506687,0.002330009,0.000588218,4
21.77777778,25.22222222,23.11111111,0.628547093,0,0.096264452,0.001427386,0.000158151,4
21.66666667,24.55555556,22.5,0.446223668,0,0.354994611,0.001659923,0.00108024,4
20.88888889,26.58333333,23.94444444,1.165195239,0,0.311130707,0.003109762,0.001401625,4
22,25.33333333,23.05555556,0.377245597,0,0.143915344,0.000943073,0.000329527,4
22.55555556,25.72222222,24.11111111,0.582355466,1.17E-28,0.059660984,0.003335048,4.65E-05,4
19.72222222,23.72222222,20.44444444,0.743615599,0,0.371144292,0.001494219,0.001810293,4
20.94444444,23.27777778,22.33333333,0.325731406,1.17E-28,0.016938235,0.000792459,4.82E-06,4
20.83333333,22.61111111,21.83333333,0.161832334,0,0.024872568,0.001046171,9.50E-06,4
20.66666667,22.33333333,21.72222222,0.156806089,1.32E-29,0.094069665,0.000787825,5.38E-05,4
23.38888889,25.22222222,24.16666667,0.182977618,5.21E-29,0.049292083,0.000783918,4.05E-05,4
20.61111111,22.83333333,22.16666667,0.343820376,0,0.052106028,0.000792348,5.95E-05,4
21.61111111,24.88888889,23.16666667,0.505099819,0,0.166434953,0.001376476,0.000521885,4
22.05555556,23.77777778,23.13888889,0.190614209,0,0.169488536,0.000941865,0.000346063,4
21.38888889,26.41666667,22.61111111,1.344725752,0,5.972310406,0.001973466,0.374519213,4
21.22222222,23.22222222,21.83333333,0.110823783,0,0.062312312,0.000722945,7.85E-05,4
19.61111111,24.44444444,21.83333333,0.851925997,0,1.634247568,0.001863595,0.051553984,4
21.61111111,23.77777778,22.19444444,0.162554509,0,0.077393921,0.000832555,9.44E-05,4
21.33333333,22.72222222,21.72222222,0.119883221,0,0.037317621,0.000743947,2.25E-05,4
21.33333333,24.41666667,22.83333333,0.440382026,0,0.171598886,0.001283625,0.000232923,4
-17.72222222,-17.72222222,-17.72222222,6.28E-28,0,1.51E-29,0,1.58E-59,4
17.38888889,22.61111111,21.63888889,0.722261133,0,3.112470173,0.000790689,0.047829677,4
22,23.72222222,22.55555556,0.13353744,0,0.057054674,0.000739155,3.93E-05,4
22.88888889,23.5,23.22222222,0.024395379,0,0.011831276,0.000643489,2.19E-06,4
20.83333333,22.55555556,21.55555556,0.088858638,0,0.033162792,0.000723893,1.57E-05,4
20.66666667,22.16666667,21.66666667,0.101975427,0,0.011992945,0.000684718,2.90E-06,4
21.33333333,23.11111111,22,0.166639418,0,0.054171566,0.000710655,4.98E-05,4
17.72222222,22.77777778,22.05555556,0.521395107,0,0.486260454,0.001831103,0.002901281,4
22.22222222,24.44444444,22.77777778,0.161655869,0,0.282678091,0.000781204,0.000751081,4
22.27777778,24.58333333,23.05555556,0.177345545,0,0.135829414,0.000668162,0.000226081,4
20.72222222,23.61111111,22.27777778,0.547740646,0,0.057463747,0.002219126,4.62E-05,4
22.38888889,23.55555556,22.61111111,0.038751028,0,0.017086531,0.000724581,5.49E-06,4
21.22222222,24.27777778,21.88888889,0.22475748,0,0.165100114,0.000790171,0.000283552,4
21.16666667,22.22222222,21.5,0.030846835,0,0.00827368,0.000700303,1.49E-06,4
20.83333333,22.66666667,21.5,0.221781537,0.000242504,0.073309421,0.002976719,3.79E-05,4
22.83333333,23.83333333,23.22222222,0.039390655,0,0.023472352,0.000778089,8.54E-06,4
23.88888889,25,24.61111111,0.0758596,2.08E-28,0.222387271,0.001373691,0.000868788,4
21,24.94444444,23.08333333,1.194811077,8.82E-05,0.03394707,0.004761325,4.37E-05,4
7.76,14.12,11.18,3.067668422,3.25E-30,0.263302857,0.024088235,0.001334729,5
0.35,13.06,5.65,8.293457893,0,4.32256,0.029944444,0.10945103,5
6.24,16.47,9.65,2.801936067,0,1.800328699,0.040003613,0.048687393,5
4.24,18.24,9.18,6.943061755,0,8.397361587,0.067324804,0.99985348,5
1,1,1,0,0,0,0,0,5
1,1,1,0,0,0,0,0,5
1,1,1,0,0,0,0,0,5
1,1,1,0,0,0,0,0,5
300,400,300,1488.178652,0,2586.206897,1699.507389,1028901.952,5
300,300,300,0,0,0,0,0,5
51.2,77.7,59.25,51.35404864,8.30E-28,1.822132132,0.103108108,0.152028184,6
75,75,75,0,0,0,0,0,6
75,75,75,0,0,0,0,0,6
75,75,75,0,0,0,0,0,6
75,75,75,0,0,0,0,0,6
75,75,75,0,0,0,0,0,6
75,75,75,0,0,0,0,0,6
75,75,75,0,0,0,0,0,6
72,72,72,0,0,0,0,0,6
72,72,72,0,0,0,0,0,6
72,72,72,0,0,0,0,0,6
75,75,75,0,0,0,0,0,6
75,75,75,0,0,0,0,0,6
75,75,75,0,0,0,0,0,6
75,75,75,0,0,0,0,0,6
72,72,72,0,0,0,0,0,6
72,72,72,0,0,0,0,0,6
72,72,72,0,0,0,0,0,6
72,72,72,0,0,0,0,0,6
72,72,72,0,0,0,0,0,6
73,73,73,0,0,0,0,0,6
71,71,71,0,0,0,0,0,6
74,74,74,0,0,0,0,0,6
72.5,72.5,72.5,0,0,0,0,0,6
68,68,68,0,0,0,0,0,6
70,70,70,0,0,0,0,0,6
70,70,70,0,0,0,0,0,6
68,68,68,0,0,0,0,0,6
70,70,70,0,0,0,0,0,6
70,70,70,0,0,0,0,0,6
70,70,70,0,0,0,0,0,6
70,70,70,0,0,0,0,0,6
70,70,70,0,0,0,0,0,6
70,70,70,0,0,0,0,0,6
70,70,70,0,0,0,0,0,6
70,70,70,0,0,0,0,0,6
71,71,71,0,0,0,0,0,6
68,68,68,0,0,0,0,0,6
68,68,68,0,0,0,0,0,6
72,72,72,0,0,0,0,0,6
72,72,72,0,0,0,0,0,6
70,70,70,0,0,0,0,0,6
75,75,75,0,0,0,0,0,6
71,71,71,0,0,0,0,0,6
71,71,71,0,0,0,0,0,6
70,70,70,0,0,0,0,0,6
71,71,71,0,0,0,0,0,6
70,70,70,0,0,0,0,0,6
74,74,74,0,0,0,0,0,6
71,71,71,0,0,0,0,0,6
72,72,72,0,0,0,0,0,6
72,72,72,0,0,0,0,0,6
72,72,72,0,0,0,0,0,6
72,72,72,0,0,0,0,0,6
71,71,71,0,0,0,0,0,6
75,75,75,0,0,0,0,0,6
75,75,75,0,0,0,0,0,6
72,72,72,0,0,0,0,0,6
72,72,72,0,0,0,0,0,6
72,72,72,0,0,0,0,0,6
72,72,72,0,0,0,0,0,6
72,72,72,0,0,0,0,0,6
71,71,71,0,0,0,0,0,6
72,72,72,0,0,0,0,0,6
71,71,71,0,0,0,0,0,6
71,71,71,0,0,0,0,0,6
72,72,72,0,0,0,0,0,6
71,71,71,0,0,0,0,0,6
75,75,75,0,0,0,0,0,6
75,75,75,0,0,0,0,0,6
73,73,73,0,0,0,0,0,6
71,71,71,0,0,0,0,0,6
72,72,72,0,0,0,0,0,6
75,75,75,0,0,0,0,0,6
75,75,75,0,0,0,0,0,6
71,71,71,0,0,0,0,0,6
75,75,75,0,0,0,0,0,6
71,71,71,0,0,0,0,0,6
69,69,69,0,0,0,0,0,6
72,72,72,0,0,0,0,0,6
72,72,72,0,0,0,0,0,6
69,69,69,0,0,0,0,0,6
72,72,72,0,0,0,0,0,6
68,68,68,0,0,0,0,0,6
75,75,75,0,0,0,0,0,6
75,75,75,0,0,0,0,0,6
71,71,71,0,0,0,0,0,6
73,73,73,0,0,0,0,0,6
72,72,72,0,0,0,0,0,6
72,72,72,0,0,0,0,0,6
75,75,75,0,0,0,0,0,6
74,74,74,0,0,0,0,0,6
75,75,75,0,0,0,0,0,6
74,74,74,0,0,0,0,0,6
72,72,72,0,0,0,0,0,6
0.7,1.33,1.25,0.034095383,0,0.056835435,0.003608559,8.01E-05,6
0.7,1.56,1.35,0.060307189,0.000213814,0.055814921,0.002374305,7.23E-05,6
52,60,60,0.860880296,0,13.74174174,0,0.903744395,6
70,70,70,0,0,0,0,0,6
55,65,65,8.437805443,0,5.764285714,0.001891892,0.538229116,6
75,75,75,0,0,0,0,0,6
75,75,75,0,0,0,0,0,6
75,75,75,0,0,0,0,0,6
75,75,75,0,0,0,0,0,6
72,72,72,0,0,0,0,0,6
72,72,72,0,0,0,0,0,6
75,75,75,0,0,0,0,0,6
73,73,73,0,0,0,0,0,6
72,72,72,0,0,0,0,0,6
72,72,72,0,0,0,0,0,6
72,72,72,0,0,0,0,0,6
75,75,75,0,0,0,0,0,6
72,72,72,0,0,0,0,0,6
72,72,72,0,0,0,0,0,6
71,71,71,0,0,0,0,0,6
75,75,75,0,0,0,0,0,6
72,72,72,0,0,0,0,0,6
72,72,72,0,0,0,0,0,6
72,72,72,0,0,0,0,0,6
73,73,73,0,0,0,0,0,6
71,71,71,0,0,0,0,0,6
71,71,71,0,0,0,0,0,6
75,75,75,0,0,0,0,0,6
75,75,75,0,0,0,0,0,6
73,73,73,0,0,0,0,0,6
72,72,72,0,0,0,0,0,6
72,72,72,0,0,0,0,0,6
72,72,72,0,0,0,0,0,6
72,72,72,0,0,0,0,0,6
72,72,72,0,0,0,0,0,6
71.8,71.8,71.8,7.32E-26,0,8.43E-28,2.08E-28,7.88E-56,6
72,72,72,0,0,0,0,0,6
72,72,72,0,0,0,0,0,6
72,72,72,0,0,0,0,0,6
72,72,72,0,0,0,0,0,6
72,72,72,0,0,0,0,0,6
75,75,75,0,0,0,0,0,6
72,72,72,0,0,0,0,0,6
74,74,74,0,0,0,0,0,6
73,73,73,0,0,0,0,0,6
74,74,74,0,0,0,0,0,6
72,72,72,0,0,0,0,0,6
73,73,73,0,0,0,0,0,6
72,72,72,0,0,0,0,0,6
73,73,73,0,0,0,0,0,6
72,72,72,0,0,0,0,0,6
73,73,73,0,0,0,0,0,6
72,72,72,0,0,0,0,0,6
72,72,72,0,0,0,0,0,6
73,73,73,0,0,0,0,0,6
75,75,75,0,0,0,0,0,6
75,75,75,0,0,0,0,0,6
75,75,75,0,0,0,0,0,6
75,75,75,0,0,0,0,0,6
75,75,75,0,0,0,0,0,6
75,75,75,0,0,0,0,0,6
72,72,72,0,0,0,0,0,6
72,72,72,0,0,0,0,0,6
72,72,72,0,0,0,0,0,6
72,72,72,0,0,0,0,0,6
72,72,72,0,0,0,0,0,6
72,72,72,0,0,0,0,0,6
72,72,72,0,0,0,0,0,6
70,70,70,0,0,0,0,0,6
70,70,70,0,0,0,0,0,6
71,71,71,0,0,0,0,0,6
65,65,65,0,0,0,0,0,6
75,75,75,0,0,0,0,0,6
69,69,69,0,0,0,0,0,6
71,71,71,0,0,0,0,0,6
75,75,75,0,0,0,0,0,6
72,72,72,0,0,0,0,0,6
72,72,72,0,0,0,0,0,6
74,74,74,0,0,0,0,0,6
72,72,72,0,0,0,0,0,6
73,73,73,0,0,0,0,0,6
72,72,72,0,0,0,0,0,6
65,65,65,0,0,0,0,0,6
71,71,71,0,0,0,0,0,6
69,69,69,0,0,0,0,0,6
70,70,70,0,0,0,0,0,6
72,72,72,0,0,0,0,0,6
75,75,75,0,0,0,0,0,6
73,73,73,0,0,0,0,0,6
70,70,70,0,0,0,0,0,6
73,73,73,0,0,0,0,0,6
70,70,70,0,0,0,0,0,6
72,72,72,0,0,0,0,0,6
72,72,72,0,0,0,0,0,6
74,74,74,0,0,0,0,0,6
72,72,72,0,0,0,0,0,6
72,72,72,0,0,0,0,0,6
72,72,72,0,0,0,0,0,6
72,72,72,0,0,0,0,0,6
73,73,73,0,0,0,0,0,6
74,74,74,0,0,0,0,0,6
72,72,72,0,0,0,0,0,6
72,72,72,0,0,0,0,0,6
74,74,74,0,0,0,0,0,6
73,73,73,0,0,0,0,0,6
75,75,75,0,0,0,0,0,6
75,75,75,0,0,0,0,0,6
73.3,73.3,73.3,8.95E-26,0,8.45E-28,2.08E-28,8.11E-56,6
72,72,72,0,0,0,0,0,6
72,72,72,0,0,0,0,0,6
72,72,72,0,0,0,0,0,6
72,72,72,0,0,0,0,0,6
75,75,75,0,0,0,0,0,6
72,72,72,0,0,0,0,0,6
73,73,73,0,0,0,0,0,6
72,72,72,0,0,0,0,0,6
75,75,75,0,0,0,0,0,6
72,72,72,0,0,0,0,0,6
72,72,72,0,0,0,0,0,6
72,72,72,0,0,0,0,0,6
72,72,72,0,0,0,0,0,6
74,74,74,0,0,0,0,0,6
75,75,75,0,0,0,0,0,6
75,75,75,0,0,0,0,0,6
74,74,74,0,0,0,0,0,6
71,71,71,0,0,0,0,0,6
72,72,72,0,0,0,0,0,6
57,65.4,61.275,8.628349566,0,1.389314516,0.053527544,0.045265276,6
0.16,1.05,0.795,0.114658508,1.11E-05,0.187093371,0.00065628,0.000893221,6
59,59,59,0,0,0,0,0,6
72,72,72,0,0,0,0,0,6
75,75,75,0,0,0,0,0,6
75,75,75,0,0,0,0,0,6
72,72,72,0,0,0,0,0,6
10330.86,19320.6,17429.4,7735377.732,60.17251456,4842602.013,3507.009379,8.05382E+11,5
10257.52,19320.6,17397.965,7721779.013,3129.450619,5538456.078,14971.5054,9.74946E+11,5
9314.54,17507.98,15763.47,6347586.602,143.3668977,4041275.47,4726.628174,5.54385E+11,5
9356.45,17487.03,15721.56,6294181.772,2649.192814,4723744.902,29945.37245,6.50597E+11,5
11191.57,18652.65,17227.635,5074047.429,1077.224063,3664442.857,9232.90235,4.01041E+11,5
11168.4,18884.36,17158.115,5099770.643,45379.60258,4594713.776,223768.3577,5.05988E+11,5
7745.065,15184.69,11048.505,7222680.163,0,5257082.686,19475.03585,5.54045E+11,5
2842.31,20103.99,15383.23,54957083.66,0,71001635.01,6209.068673,1.31117E+14,5
4422.22,21555.55,17938.8875,55469171.61,3.40E-24,72419280.87,27394.03262,1.62772E+14,5
21,21.83333333,21.5,0.0266601,0,0.015534053,0.000764654,3.26E-06,5
14.16666667,22.44444444,17.33333333,5.681935145,2.08E-28,0.563072332,0.025488451,0.004034817,5
11.05555556,17.55555556,15.80555556,0.629648039,0.000791201,5.028037297,1.276897268,0.752434019,5
20.44444444,23.16666667,21.38888889,0.462149281,0,0.421484911,0.002977515,0.003382756,5
15.11111111,22.22222222,20.11111111,1.146483819,0,6.813999118,0.020010023,0.495847791,5
12.94444444,23.83333333,19.02777778,7.131461867,2.08E-28,6.931816075,0.047486772,0.571913549,5
21.5,22.33333333,22,0.030767175,0,0.021512253,0.002581285,9.27E-06,5
15.38888889,23.94444444,22,3.70126445,0,8.297146286,0.002012657,0.633274267,5
15.16666667,22.66666667,20,2.762385084,0.000975205,7.048827679,0.049318954,0.312905218,5
13.11111111,27.66666667,16.16666667,25.74347261,0.002808364,10.97243076,0.451234613,1.50089896,5
188.1111111,189.1666667,188.8888889,0.062572276,0.000352734,0.087001561,0.001796671,3.73E-05,5
127.1666667,151,133.3888889,9.236727752,0.001136586,68.75815956,0.139866321,30.21439628,5
114.4166667,129.8333333,125.4027778,33.08679147,0.005422089,35.96887694,0.159093267,20.267938,5
185.7222222,186.2777778,185.9444444,0.03673179,0.00032161,0.048125935,0.001659563,2.12E-05,5
23,29.47222222,25.06944444,3.945802724,0,16.46894116,0.253800376,3.809577218,5
7.055555556,13.83333333,10.08333333,8.426146493,1.30E-29,7.165111766,0.161929755,0.646998245,5
23.33333333,26.77777778,24.38888889,0.806174035,0,0.271331517,0.001536464,0.000814632,5
7.361111111,13.66666667,9.083333333,6.078423048,0.000778556,7.075476992,0.044913057,0.484794853,5
22.27777778,29.88888889,25.05555556,2.256129094,0,12.06589261,0.186763152,5.172683743,5
20.88888889,27,23.72222222,1.56379056,1.17E-28,10.70384737,0.285015479,4.251657542,5
15.83333333,21.16666667,17.38888889,1.716853473,0.000672232,3.816080192,0.01039909,0.161822637,5
8.444444444,14.22222222,9.555555556,3.753939523,0.001577503,5.688359656,0.082413264,0.85151167,5
9.611111111,14.94444444,13.11111111,0.791894648,0.033009493,4.2913182,0.401847333,0.387508069,5
7.722222222,13,11.30555556,3.47437435,0.024592329,5.741166096,0.128742662,0.414149876,5
8.555555556,13.69444444,11.56944444,1.671514144,0.030613947,5.263678805,0.132837302,0.264413233,5
7.222222222,12.66666667,10.66666667,3.565942255,0.032778149,6.589325437,0.155050884,0.501043113,5
24.44444444,29.86111111,27.22222222,1.281833029,0.043000814,15.7489822,2.060174152,3.447263148,5
21.44444444,25.77777778,23.79166667,0.909650904,0.001696234,8.27073396,1.503593351,1.852883506,5
21.61111111,26.5,24.11111111,1.020602247,0.002137151,9.817468668,1.735670154,2.504443519,5
42.44444444,63.94444444,56.38888889,32.87602949,0.021154835,3.010820006,0.327140174,0.245220381,5
54.11111111,67.94444444,63.02777778,11.65386895,0.057560903,114.3317379,6.901480969,277.1652779,5
1.07,1.07,1.07,2.40E-29,0,0,0,0,10
1.07,1.07,1.07,2.40E-29,0,0,0,0,10
1.07,1.07,1.07,2.40E-29,0,0,0,0,10
2.13,2.13,2.13,1.27E-29,0,8.15E-31,0,8.44E-63,10
3,3,3,0,0,0,0,0,10
2.13,2.13,2.13,1.27E-29,0,8.15E-31,0,7.99E-63,10
3,3,3,0,0,0,0,0,10
1.07,1.07,1.07,2.40E-29,0,0,0,0,10
3,3,3,0,0,0,0,0,10
1.07,1.07,1.07,2.40E-29,0,0,0,0,10
1.07,1.07,1.07,2.40E-29,0,0,0,0,10
1.07,1.07,1.07,2.40E-29,0,0,0,0,10
1.07,1.07,1.07,2.40E-29,0,0,0,0,10
2.13,2.13,2.13,1.27E-29,0,8.15E-31,0,8.28E-63,10
3,3,3,0,0,0,0,0,10
2.13,2.13,2.13,1.27E-29,0,8.15E-31,0,8.28E-63,10
3,3,3,0,0,0,0,0,10
2.13,2.13,2.13,1.27E-29,0,8.15E-31,0,8.43E-63,10
3,3,3,0,0,0,0,0,10
2.13,2.13,2.13,1.27E-29,0,8.15E-31,0,7.84E-63,10
3,3,3,0,0,0,0,0,10
1,1,1,0,0,0,0,0,10
1,1,1,0,0,0,0,0,10
0.86,0.86,0.86,1.79E-29,0,1.15E-31,1.14E-31,1.03E-64,10
3,3,3,0,0,0,0,0,10
1.07,1.07,1.07,2.40E-29,0,0,0,0,10
2,2,2,0,0,0,0,0,10
1.07,1.07,1.07,2.40E-29,0,0,0,0,10
4,4,4,0,0,0,0,0,10
1.07,1.07,1.07,2.40E-29,0,0,0,0,10
1,1,1,0,0,0,0,0,10
1.07,1.07,1.07,2.40E-29,0,0,0,0,10
2.5,2.5,2.5,0,0,0,0,0,10
1.07,1.07,1.07,2.40E-29,0,0,0,0,10
7,7,7,0,0,0,0,0,10
1.07,1.07,1.07,2.40E-29,0,0,0,0,10
5,5,5,0,0,0,0,0,10
1.07,1.07,1.07,2.40E-29,0,0,0,0,10
5,5,5,0,0,0,0,0,10
1.07,1.07,1.07,2.40E-29,0,0,0,0,10
7,7,7,0,0,0,0,0,10
1.07,1.07,1.07,2.40E-29,0,0,0,0,10
5,5,5,0,0,0,0,0,10
1.07,1.07,1.07,2.40E-29,0,0,0,0,10
5,5,5,0,0,0,0,0,10
1.07,1.07,1.07,2.40E-29,0,0,0,0,10
5,5,5,0,0,0,0,0,10
1.07,1.07,1.07,2.40E-29,0,0,0,0,10
5,5,5,0,0,0,0,0,10
2.13,2.13,2.13,1.27E-29,0,8.16E-31,0,1.56E-62,10
5,5,5,0,0,0,0,0,10
2.13,2.13,2.13,1.27E-29,0,8.15E-31,0,1.56E-62,10
5,5,5,0,0,0,0,0,10
2.13,2.13,2.13,1.27E-29,0,8.16E-31,0,1.53E-62,10
5,5,5,0,0,0,0,0,10
1.07,1.07,1.07,2.40E-29,0,0,0,0,10
5,5,5,0,0,0,0,0,10
1.07,1.07,1.07,2.40E-29,0,0,0,0,10
3,3,3,0,0,0,0,0,10
1.07,1.07,1.07,2.40E-29,0,0,0,0,10
7,7,7,0,0,0,0,0,10
2.5,2.5,2.5,0,0,0,0,0,10
7,7,7,0,0,0,0,0,10
1.07,1.07,1.07,2.40E-29,0,0,0,0,10
3,3,3,0,0,0,0,0,10
1.07,1.07,1.07,2.40E-29,0,0,0,0,10
3,3,3,0,0,0,0,0,10
1.07,1.07,1.07,2.40E-29,0,0,0,0,10
5,5,5,0,0,0,0,0,10
2.13,2.13,2.13,1.27E-29,0,8.15E-31,0,1.54E-62,10
1.07,1.07,1.07,2.40E-29,0,0,0,0,10
3,3,3,0,0,0,0,0,10
1.07,1.07,1.07,2.40E-29,0,0,0,0,10
4,4,4,0,0,0,0,0,10
1.07,1.07,1.07,2.40E-29,0,0,0,0,10
5,5,5,0,0,0,0,0,10
1.4,1.4,1.4,7.93E-31,2.07E-31,4.58E-31,4.56E-31,5.94E-64,10
1.07,1.07,1.07,2.40E-29,0,0,0,0,10
4,4,4,0,0,0,0,0,10
1.07,1.07,1.07,2.40E-29,0,0,0,0,10
5,5,5,0,0,0,0,0,10
1.07,1.07,1.07,2.40E-29,0,0,0,0,10
1,1,1,0,0,0,0,0,10
1.07,1.07,1.07,2.40E-29,0,0,0,0,10
2,2,2,0,0,0,0,0,10
1.07,1.07,1.07,2.40E-29,0,0,0,0,10
3,3,3,0,0,0,0,0,10
1.07,1.07,1.07,2.40E-29,0,0,0,0,10
3,3,3,0,0,0,0,0,10
1.07,1.07,1.07,2.40E-29,0,0,0,0,10
3,3,3,0,0,0,0,0,10
1.07,1.07,1.07,2.40E-29,0,0,0,0,10
3,3,3,0,0,0,0,0,10
1.07,1.07,1.07,2.40E-29,0,0,0,0,10
3,3,3,0,0,0,0,0,10
2.13,2.13,2.13,1.27E-29,0,8.14E-31,0,1.20E-62,10
1.07,1.07,1.07,2.40E-29,0,0,0,0,10
1.07,1.07,1.07,2.40E-29,0,0,0,0,10
3,3,3,0,0,0,0,0,10
1.07,1.07,1.07,2.40E-29,0,0,0,0,10
3,3,3,0,0,0,0,0,10
1.07,1.07,1.07,2.40E-29,0,0,0,0,10
3,3,3,0,0,0,0,0,10
2.13,2.13,2.13,1.27E-29,0,8.14E-31,0,9.96E-63,10
3,3,3,0,0,0,0,0,10
1.07,1.07,1.07,2.40E-29,0,0,0,0,10
3,3,3,0,0,0,0,0,10
1.07,1.07,1.07,2.40E-29,0,0,0,0,10
4,4,4,0,0,0,0,0,10
1.07,1.07,1.07,2.40E-29,0,0,0,0,10
3,3,3,0,0,0,0,0,10
1.07,1.07,1.07,2.40E-29,0,0,0,0,10
4,4,4,0,0,0,0,0,10
1.07,1.07,1.07,2.40E-29,0,0,0,0,10
4,4,4,0,0,0,0,0,10
1.07,1.07,1.07,2.40E-29,0,0,0,0,10
3,3,3,0,0,0,0,0,10
1.07,1.07,1.07,2.40E-29,0,0,0,0,10
4,4,4,0,0,0,0,0,10
1.07,1.07,1.07,2.40E-29,0,0,0,0,10
1.07,1.07,1.07,2.40E-29,0,0,0,0,10
1.07,1.07,1.07,2.40E-29,0,0,0,0,10
2,2,2,0,0,0,0,0,10
1.07,1.07,1.07,2.40E-29,0,0,0,0,10
4,4,4,0,0,0,0,0,10
1.07,1.07,1.07,2.40E-29,0,0,0,0,10
3,3,3,0,0,0,0,0,10
1.07,1.07,1.07,2.40E-29,0,0,0,0,10
1.07,1.07,1.07,2.40E-29,0,0,0,0,10
1.07,1.07,1.07,2.40E-29,0,0,0,0,10
4,4,4,0,0,0,0,0,10
1.07,1.07,1.07,2.40E-29,0,0,0,0,10
1.07,1.07,1.07,2.40E-29,0,0,0,0,10
3,3,3,0,0,0,0,0,10
1.07,1.07,1.07,2.40E-29,0,0,0,0,10
6,6,6,0,0,0,0,0,10
1.07,1.07,1.07,2.40E-29,0,0,0,0,10
3,3,3,0,0,0,0,0,10
1.07,1.07,1.07,2.40E-29,0,0,0,0,10
3,3,3,0,0,0,0,0,10
1.07,1.07,1.07,2.40E-29,0,0,0,0,10
6,6,6,0,0,0,0,0,10
1.07,1.07,1.07,2.40E-29,0,0,0,0,10
3,3,3,0,0,0,0,0,10
1.07,1.07,1.07,2.40E-29,0,0,0,0,10
7,7,7,0,0,0,0,0,10
1.07,1.07,1.07,2.40E-29,0,0,0,0,10
2,2,2,0,0,0,0,0,10
1.07,1.07,1.07,2.40E-29,0,0,0,0,10
3,3,3,0,0,0,0,0,10
1.07,1.07,1.07,2.40E-29,0,0,0,0,10
2,2,2,0,0,0,0,0,10
1.07,1.07,1.07,2.40E-29,0,0,0,0,10
3,3,3,0,0,0,0,0,10
1.07,1.07,1.07,2.40E-29,0,0,0,0,10
3,3,3,0,0,0,0,0,10
1.07,1.07,1.07,2.40E-29,0,0,0,0,10
1.07,1.07,1.07,2.40E-29,0,0,0,0,10
1,1,1,0,0,0,0,0,10
1.07,1.07,1.07,2.40E-29,0,0,0,0,10
1.07,1.07,1.07,2.40E-29,0,0,0,0,10
1,1,1,0,0,0,0,0,10
1.07,1.07,1.07,2.40E-29,0,0,0,0,10
3,3,3,0,0,0,0,0,10
1,1,1,0,0,0,0,0,10
1,1,1,0,0,0,0,0,10
1,1,1,0,0,0,0,0,10
1,1,1,0,0,0,0,0,10
1,1,1,0,0,0,0,0,10
2.13,2.13,2.13,1.27E-29,0,8.16E-31,0,1.47E-62,10
3,3,3,0,0,0,0,0,10
3,3,3,0,0,0,0,0,10
3,3,3,0,0,0,0,0,10
2.13,2.13,2.13,1.27E-29,0,8.16E-31,0,1.70E-62,10
2.13,2.13,2.13,1.27E-29,0,8.16E-31,0,1.69E-62,10
2,2,2,0,0,0,0,0,10
1,1,1,0,0,0,0,0,10
2.13,2.13,2.13,1.27E-29,0,8.15E-31,0,1.47E-62,10
3,3,3,0,0,0,0,0,10
2.13,2.13,2.13,1.27E-29,0,8.15E-31,0,1.48E-62,10
3,3,3,0,0,0,0,0,10
2.13,2.13,2.13,1.27E-29,0,8.15E-31,0,1.46E-62,10
3,3,3,0,0,0,0,0,10
2.13,2.13,2.13,1.27E-29,0,8.15E-31,0,1.48E-62,10
2.13,2.13,2.13,1.27E-29,0,8.16E-31,0,1.70E-62,10
3,3,3,0,0,0,0,0,10
2.13,2.13,2.13,1.27E-29,0,8.15E-31,0,1.70E-62,10
3,3,3,0,0,0,0,0,10
2.13,2.13,2.13,1.27E-29,0,8.16E-31,0,1.48E-62,10
4,4,4,0,0,0,0,0,10
2.13,2.13,2.13,1.27E-29,0,8.15E-31,0,1.46E-62,10
2.13,2.13,2.13,1.27E-29,0,8.16E-31,0,1.93E-62,10
3,3,3,0,0,0,0,0,10
2.13,2.13,2.13,1.27E-29,0,8.16E-31,0,1.47E-62,10
3,3,3,0,0,0,0,0,10
3,3,3,0,0,0,0,0,10
3,3,3,0,0,0,0,0,10
2.13,2.13,2.13,1.27E-29,0,8.16E-31,0,1.45E-62,10
2,2,2,0,0,0,0,0,10
2.13,2.13,2.13,1.27E-29,0,8.16E-31,0,1.48E-62,10
4,4,4,0,0,0,0,0,10
2.13,2.13,2.13,1.27E-29,0,8.16E-31,0,1.92E-62,10
4,4,4,0,0,0,0,0,10
2.13,2.13,2.13,1.27E-29,0,8.22E-31,2.03E-31,5.32E-62,10
2.13,2.13,2.13,1.27E-29,0,8.14E-31,2.03E-31,3.46E-62,10
2.13,2.13,2.13,1.27E-29,0,8.22E-31,2.03E-31,5.10E-62,10
2,2,2,0,0,0,0,0,10
2.13,2.13,2.13,1.27E-29,0,8.22E-31,2.03E-31,4.46E-62,10
3,3,3,0,0,0,0,0,10
2.13,2.13,2.13,1.27E-29,0,8.15E-31,2.03E-31,3.74E-62,10
3,3,3,0,0,0,0,0,10
2.13,2.13,2.13,1.27E-29,0,8.22E-31,2.03E-31,5.03E-62,10
3,3,3,0,0,0,0,0,10
2.13,2.13,2.13,1.27E-29,0,8.15E-31,2.03E-31,4.23E-62,10
3,3,3,0,0,0,0,0,10
2.13,2.13,2.13,1.27E-29,0,8.22E-31,2.03E-31,3.89E-62,10
3,3,3,0,0,0,0,0,10
2.13,2.13,2.13,1.27E-29,0,8.14E-31,2.03E-31,3.61E-62,10
3.2,3.2,3.2,2.85E-29,2.07E-31,1.83E-30,1.83E-30,4.03E-62,10
2.13,2.13,2.13,1.27E-29,0,8.14E-31,2.03E-31,3.09E-62,10
3,3,3,0,0,0,0,0,10
2.13,2.13,2.13,1.27E-29,0,8.16E-31,2.03E-31,4.71E-62,10
3,3,3,0,0,0,0,0,10
2.13,2.13,2.13,1.27E-29,0,8.14E-31,2.03E-31,3.61E-62,10
3,3,3,0,0,0,0,0,10
2.13,2.13,2.13,1.27E-29,0,8.16E-31,2.03E-31,4.47E-62,10
3,3,3,0,0,0,0,0,10
2.13,2.13,2.13,1.27E-29,0,8.18E-31,2.03E-31,4.25E-62,10
3,3,3,0,0,0,0,0,10
2.13,2.13,2.13,1.27E-29,0,8.22E-31,2.03E-31,4.76E-62,10
2.13,2.13,2.13,1.27E-29,0,8.22E-31,2.03E-31,3.74E-62,10
3,3,3,0,0,0,0,0,10
2.13,2.13,2.13,1.27E-29,0,8.22E-31,2.03E-31,5.02E-62,10
1,1,1,0,0,0,0,0,10
2.13,2.13,2.13,1.27E-29,0,8.22E-31,2.03E-31,5.04E-62,10
2,2,2,0,0,0,0,0,10
2.13,2.13,2.13,1.27E-29,0,8.22E-31,2.03E-31,3.81E-62,10
1,1,1,0,0,0,0,0,10
2.13,2.13,2.13,1.27E-29,0,8.16E-31,2.03E-31,3.80E-62,10
3,3,3,0,0,0,0,0,10
2.13,2.13,2.13,1.27E-29,0,8.16E-31,2.03E-31,4.64E-62,10
2,2,2,0,0,0,0,0,10
2.13,2.13,2.13,1.27E-29,0,8.22E-31,2.03E-31,3.97E-62,10
3,3,3,0,0,0,0,0,10
2.13,2.13,2.13,1.27E-29,0,8.22E-31,2.03E-31,4.04E-62,10
2,2,2,0,0,0,0,0,10
2.13,2.13,2.13,1.27E-29,0,8.22E-31,2.03E-31,4.32E-62,10
3,3,3,0,0,0,0,0,10
2.13,2.13,2.13,1.27E-29,0,8.16E-31,2.03E-31,4.29E-62,10
2,2,2,0,0,0,0,0,10
2.13,2.13,2.13,1.27E-29,0,8.22E-31,2.03E-31,4.88E-62,10
3,3,3,0,0,0,0,0,10
2.13,2.13,2.13,1.27E-29,0,8.22E-31,2.03E-31,3.49E-62,10
3,3,3,0,0,0,0,0,10
2.13,2.13,2.13,1.27E-29,0,8.22E-31,2.03E-31,4.13E-62,10
2,2,2,0,0,0,0,0,10
1,1,1,0,0,0,0,0,10
2.13,2.13,2.13,1.27E-29,0,8.20E-31,2.03E-31,4.26E-62,10
2.13,2.13,2.13,1.27E-29,0,8.19E-31,2.03E-31,5.13E-62,10
1,1,1,0,0,0,0,0,10
2.13,2.13,2.13,1.27E-29,0,8.19E-31,2.03E-31,4.72E-62,10
3,3,3,0,0,0,0,0,10
2.13,2.13,2.13,1.27E-29,0,8.19E-31,2.03E-31,3.88E-62,10
3,3,3,0,0,0,0,0,10
2.13,2.13,2.13,1.27E-29,0,8.19E-31,2.03E-31,3.55E-62,10
3,3,3,0,0,0,0,0,10
1.7,1.7,1.7,4.46E-29,0,1.27E-30,1.27E-30,5.15E-62,10
3,3,3,0,0,0,0,0,10
2.13,2.13,2.13,1.27E-29,0,8.19E-31,2.03E-31,3.49E-62,10
3,3,3,0,0,0,0,0,10
2.13,2.13,2.13,1.27E-29,0,8.19E-31,2.03E-31,4.49E-62,10
3,3,3,0,0,0,0,0,10
2.13,2.13,2.13,1.27E-29,0,8.20E-31,2.03E-31,4.77E-62,10
3,3,3,0,0,0,0,0,10
2.13,2.13,2.13,1.27E-29,0,8.20E-31,2.03E-31,5.30E-62,10
5,5,5,0,0,0,0,0,10
1.7,1.7,1.7,4.46E-29,0,1.27E-30,1.27E-30,5.23E-62,10
5,5,5,0,0,0,0,0,10
2.13,2.13,2.13,1.27E-29,0,8.22E-31,2.03E-31,5.21E-62,10
4,4,4,0,0,0,0,0,10
1.42,1.42,1.42,1.78E-30,0,1.27E-30,1.27E-30,3.20E-62,10
10,10,10,0,0,0,0,0,10
2.13,2.13,2.13,1.27E-29,0,8.20E-31,2.03E-31,4.29E-62,10
6,6,6,0,0,0,0,0,10
2.13,2.13,2.13,1.27E-29,0,8.20E-31,2.03E-31,4.34E-62,10
4,4,4,0,0,0,0,0,10
2.13,2.13,2.13,1.27E-29,0,8.20E-31,2.03E-31,5.49E-62,10
2.13,2.13,2.13,1.27E-29,0,8.20E-31,2.03E-31,4.46E-62,10
3,3,3,0,0,0,0,0,10
2.13,2.13,2.13,1.27E-29,0,8.20E-31,2.03E-31,4.06E-62,10
3,3,3,0,0,0,0,0,10
2.13,2.13,2.13,1.27E-29,0,8.20E-31,2.03E-31,3.26E-62,10
1,1,1,0,0,0,0,0,10
2.13,2.13,2.13,1.27E-29,0,8.22E-31,2.03E-31,4.00E-62,10
3,3,3,0,0,0,0,0,10
2.13,2.13,2.13,1.27E-29,0,8.20E-31,2.03E-31,4.34E-62,10
2,2,2,0,0,0,0,0,10
2.13,2.13,2.13,1.27E-29,0,8.20E-31,2.03E-31,3.32E-62,10
3,3,3,0,0,0,0,0,10
3,3,3,0,0,0,0,0,10
4,4,4,0,0,0,0,0,10
2.13,2.13,2.13,1.27E-29,0,8.20E-31,2.03E-31,5.44E-62,10
6,6,6,0,0,0,0,0,10
2.13,2.13,2.13,1.27E-29,0,8.16E-31,2.03E-31,4.83E-62,10
5,5,5,0,0,0,0,0,10
2.13,2.13,2.13,1.27E-29,0,8.20E-31,2.03E-31,4.63E-62,10
3,3,3,0,0,0,0,0,10
2.13,2.13,2.13,1.27E-29,0,8.16E-31,2.03E-31,3.86E-62,10
2.13,2.13,2.13,1.27E-29,0,8.15E-31,2.03E-31,4.48E-62,10
2,2,2,0,0,0,0,0,10
2.13,2.13,2.13,1.27E-29,0,8.18E-31,2.03E-31,4.69E-62,10
5,5,5,0,0,0,0,0,10
2.13,2.13,2.13,1.27E-29,0,8.17E-31,2.03E-31,5.81E-62,10
2,2,2,0,0,0,0,0,10
2.13,2.13,2.13,1.27E-29,0,8.16E-31,2.03E-31,4.99E-62,10
5,5,5,0,0,0,0,0,10
2.13,2.13,2.13,1.27E-29,0,8.17E-31,2.03E-31,3.70E-62,10
3,3,3,0,0,0,0,0,10
2.13,2.13,2.13,1.27E-29,0,8.15E-31,2.03E-31,3.97E-62,10
3,3,3,0,0,0,0,0,10
2.13,2.13,2.13,1.27E-29,0,8.17E-31,2.03E-31,4.36E-62,10
1,1,1,0,0,0,0,0,10
2.13,2.13,2.13,1.27E-29,0,8.16E-31,2.03E-31,5.72E-62,10
3,3,3,0,0,0,0,0,10
2.13,2.13,2.13,1.27E-29,0,8.17E-31,2.03E-31,3.71E-62,10
3,3,3,0,0,0,0,0,10
2.13,2.13,2.13,1.27E-29,0,8.19E-31,2.03E-31,4.97E-62,10
3,3,3,0,0,0,0,0,10
2.13,2.13,2.13,1.27E-29,0,8.18E-31,2.03E-31,3.73E-62,10
3,3,3,0,0,0,0,0,10
2.13,2.13,2.13,1.27E-29,0,8.17E-31,2.03E-31,5.36E-62,10
2,2,2,0,0,0,0,0,10
2.13,2.13,2.13,1.27E-29,0,8.17E-31,2.03E-31,5.05E-62,10
1,1,1,0,0,0,0,0,10
2.13,2.13,2.13,1.27E-29,0,8.15E-31,2.03E-31,5.68E-62,10
3,3,3,0,0,0,0,0,10
2.13,2.13,2.13,1.27E-29,0,8.16E-31,2.03E-31,5.15E-62,10
3,3,3,0,0,0,0,0,10
2.13,2.13,2.13,1.27E-29,0,8.16E-31,2.03E-31,3.94E-62,10
1,1,1,0,0,0,0,0,10
2.13,2.13,2.13,1.27E-29,0,8.16E-31,2.03E-31,5.52E-62,10
2,2,2,0,0,0,0,0,10
2.13,2.13,2.13,1.27E-29,0,8.16E-31,2.03E-31,6.58E-62,10
2.13,2.13,2.13,1.27E-29,0,8.16E-31,2.03E-31,4.69E-62,10
21.3,21.3,21.3,7.92E-27,1.31E-29,1.17E-28,1.17E-28,3.85E-58,10
1.7,1.7,1.7,4.46E-29,0,1.27E-30,1.27E-30,2.83E-62,10
2.13,2.13,2.13,1.27E-29,0,8.15E-31,2.03E-31,4.88E-62,10
3,3,3,0,0,0,0,0,10
2.13,2.13,2.13,1.27E-29,0,8.16E-31,2.03E-31,4.54E-62,10
3,3,3,0,0,0,0,0,10
2.13,2.13,2.13,1.27E-29,0,8.17E-31,2.03E-31,5.76E-62,10
3,3,3,0,0,0,0,0,10
2.13,2.13,2.13,1.27E-29,0,8.15E-31,2.03E-31,4.72E-62,10
3,3,3,0,0,0,0,0,10
2.13,2.13,2.13,1.27E-29,0,8.15E-31,2.03E-31,5.54E-62,10
2.13,2.13,2.13,1.27E-29,0,8.17E-31,2.03E-31,3.75E-62,10
3,3,3,0,0,0,0,0,10
2.13,2.13,2.13,1.27E-29,0,8.18E-31,2.03E-31,4.97E-62,10
2,2,2,0,0,0,0,0,10
2.13,2.13,2.13,1.27E-29,0,8.22E-31,2.03E-31,6.31E-62,10
3,3,3,0,0,0,0,0,10
2.13,2.13,2.13,1.27E-29,0,8.20E-31,2.03E-31,7.35E-62,10
2.13,2.13,2.13,1.27E-29,0,8.22E-31,2.03E-31,7.10E-62,10
3,3,3,0,0,0,0,0,10
2.13,2.13,2.13,1.27E-29,0,8.18E-31,2.03E-31,6.11E-62,10
3,3,3,0,0,0,0,0,10
2.13,2.13,2.13,1.27E-29,0,8.19E-31,2.03E-31,7.47E-62,10
3,3,3,0,0,0,0,0,10
1.07,1.07,1.07,2.40E-29,0,0,0,0,10
3,3,3,0,0,0,0,0,10
2.13,2.13,2.13,1.27E-29,0,8.18E-31,2.03E-31,7.22E-62,10
1,1,1,0,0,0,0,0,10
2.13,2.13,2.13,1.27E-29,0,8.20E-31,2.03E-31,6.62E-62,10
2.13,2.13,2.13,1.27E-29,0,8.20E-31,2.03E-31,7.28E-62,10
2.13,2.13,2.13,1.27E-29,0,8.22E-31,2.03E-31,7.00E-62,10
1,1,1,0,0,0,0,0,10
2.13,2.13,2.13,1.27E-29,0,8.20E-31,2.03E-31,7.33E-62,10
4,4,4,0,0,0,0,0,10
2.13,2.13,2.13,1.27E-29,0,8.20E-31,2.03E-31,6.09E-62,10
3,3,3,0,0,0,0,0,10
1,1,1,0,0,0,0,0,10
1,1,1,0,0,0,0,0,10
1,1,1,0,0,0,0,0,10
1,1,1,0,0,0,0,0,10
1,1,1,0,0,0,0,0,10
1,1,1,0,0,0,0,0,10
1,1,1,0,0,0,0,0,10
1,1,1,0,0,0,0,0,10
1,1,1,0,0,0,0,0,10
1,1,1,0,0,0,0,0,10
1,1,1,0,0,0,0,0,10
1,1,1,0,0,0,0,0,10
1,1,1,0,0,0,0,0,10
1,1,1,0,0,0,0,0,10
1,1,1,0,0,0,0,0,10
1,1,1,0,0,0,0,0,10
1,1,1,0,0,0,0,0,10
1,1,1,0,0,0,0,0,10
1,1,1,0,0,0,0,0,10
1,1,1,0,0,0,0,0,10
1,1,1,0,0,0,0,0,10
1,1,1,0,0,0,0,0,10
1,1,1,0,0,0,0,0,10
51.7,99.44,89.27,227.4513135,0.000408408,150.192648,0.108471922,743.3811318,5
0.1,0.1,0.1,4.35E-32,0,8.16E-34,2.14E-34,1.14E-68,5
53.33,63.89,55.625,3.727993143,0.061695633,12.90588669,1.721319111,3.500777395,5
0.1,0.1,0.1,3.10E-33,0,2.89E-34,0,1.67E-68,5
0.1,0.1,0.1,4.35E-32,0,8.16E-34,2.14E-34,1.10E-68,5
1,1,1,0,0,0,0,0,13
1,1,1,0,0,0,0,0,13
1,1,1,0,0,0,0,0,13
1,1,1,0,0,0,0,0,13
1,1,1,0,0,0,0,0,13
1,1,1,0,0,0,0,0,13
1,1,1,0,0,0,0,0,13
1,1,1,0,0,0,0,0,13
1,1,1,0,0,0,0,0,13
1,1,1,0,0,0,0,0,13
1,1,1,0,0,0,0,0,13
1,1,1,0,0,0,0,0,13
1,1,1,0,0,0,0,0,13
1,1,1,0,0,0,0,0,13
1,1,1,0,0,0,0,0,13
1,1,1,0,0,0,0,0,13
1,1,1,0,0,0,0,0,13
1,1,1,0,0,0,0,0,13
1,1,1,0,0,0,0,0,13
1,1,1,0,0,0,0,0,13
1,1,1,0,0,0,0,0,13
1,1,1,0,0,0,0,0,13
1,1,1,0,0,0,0,0,13
1,1,1,0,0,0,0,0,13
1,1,1,0,0,0,0,0,13
1,1,1,0,0,0,0,0,13
1,1,1,0,0,0,0,0,13
1,1,1,0,0,0,0,0,13
1,1,1,0,0,0,0,0,13
1,1,1,0,0,0,0,0,13
1,1,1,0,0,0,0,0,13
1,1,1,0,0,0,0,0,13
1,1,1,0,0,0,0,0,13
1,1,1,0,0,0,0,0,13
1,1,1,0,0,0,0,0,13
1,1,1,0,0,0,0,0,13
1,1,1,0,0,0,0,0,13
1,1,1,0,0,0,0,0,13
1,1,1,0,0,0,0,0,13
1,1,1,0,0,0,0,0,13
1,1,1,0,0,0,0,0,13
3.18,6,4.82,0.273697502,0,0.124866667,0.003088589,0.000115239,14
0.12,3.88,2.24,0.391561161,0,0.218141532,0.003694363,0.00038334,14
0.12,4.71,2.59,1.068072133,0,0.456292492,0.013622523,0.001963752,14
0.24,6.47,1.53,3.195154671,0,2.175444444,0.05783048,0.089656363,14
0.24,8.235,2.82,4.045320747,0,24.49859138,0.057955255,3.347678244,14
4.71,11.18,7.53,0.990771044,8.11E-31,1.583172973,0.017793018,0.04338788,14
2.47,11.41,5.175,4.757291654,0,1.913754655,0.018553979,0.043136451,14
6.82,15.18,9.18,4.810565022,0,1.401640991,0.019794182,0.018303265,14
3.06,14.94,5.76,3.32346487,0,3.805146396,0.019402778,0.122949468,14
5.53,19.65,8.12,3.660413549,0,5.516895195,0.019105105,0.243453147,14
7.76,8.71,8.35,0.02240434,0,0.024970159,0.001928551,7.06E-06,14
6.12,8,6.82,0.191904242,0,0.014628571,0.000432258,4.77E-06,14
7.76,9.88,8.82,0.168265421,0,0.219615766,0.001279228,0.000242666,14
4.12,8.82,6.59,0.495130633,0.001427027,1.022739921,0.015506532,0.011783502,14
5.65,8,6.59,0.382183016,0,0.01452973,2.92E-29,4.19E-06,14
9.76,12.82,11.29,0.299250112,0,0.071116667,0.003372973,5.21E-05,14
9.41,12.82,10.12,0.60228963,1.30E-29,0.492774324,0.008896248,0.003140403,14
9.06,11.06,9.76,0.239913512,0,0.140273123,0.006091643,0.00023162,14
8.24,10.59,9.18,0.196809417,0.000635886,0.10163957,0.013297222,0.000287844,14
6.24,12,8.47,1.200427058,0,0.310897297,0.013795402,0.001578298,14
4.59,8,6.47,0.421194354,0,0.391842342,0.006970721,0.001368296,14
3.76,15.18,12,3.882882958,0,0.534191349,0.010389189,0.006792613,14
3.76,6.71,5.41,0.351533043,0,0.146171471,0.002918919,0.000141611,14
8,8,8,0,0,0,0,0,14
13.65,16.71,15.18,0.185907509,0,0.275423492,0.012390991,0.000987063,14
8,8,8,0,0,0,0,0,14
8.12,15.06,11.06,2.525984431,0,1.085734206,0.00688536,0.007666415,14
6.12,12,10,0.853916702,0,0.321833016,0.005167568,0.000964148,14
10.82,15.06,12.71,1.679068153,0,1.5317003,0.005028776,0.040469964,14
2.82,15.06,7.53,4.467215119,0,2.091791441,0.046172072,0.054688276,14
8.35,13.65,11.06,1.478805213,0.00168964,1.709171471,0.030696321,0.030113391,14
15.06,15.06,15.06,2.14E-27,0,2.92E-29,2.92E-29,3.02E-59,14
2.47,9.76,6.59,1.175374887,0.000389189,1.000177027,0.107473273,0.01224975,14
8,8,8,0,0,0,0,0,14
11.88,15.18,13.18,0.354114044,0,0.122035586,0.003567568,0.000251575,14
8,10.12,9.06,0.245290503,0,0.014443243,0.001500504,6.04E-06,14
7.29,9.06,8.35,0.162248164,0,0.018268254,0.00172973,1.07E-05,14
7.65,9.76,8.59,0.242336601,0,0.130778979,0.009800359,0.000498924,14
7.06,11.29,7.47,0.428111074,0,1.370235886,0.005596096,0.015113202,14
2.59,7.53,4.24,1.310209624,0,0.603631381,0.005815626,0.003066034,14
7.06,10.71,9.41,0.219358843,0,0.128842778,0.002834234,0.000241161,14
2.71,10.47,5.88,2.358474907,0,2.56247988,0.019030706,0.052136282,14
2.12,9.06,5.06,1.993827274,0,2.380062312,0.016407785,0.036308117,14
8.12,10.94,9.41,0.270447787,0,0.802499099,0.003282078,0.003636375,14
9.06,11.41,10,0.176953553,0,0.391852703,0.002876577,0.001177752,14
8.82,10.35,9.65,0.076762123,0,0.065960811,0.002724775,2.75E-05,14
8,8,8,0,0,0,0,0,14
1.06,7.29,3.88,2.175599517,0,0.146145635,0.007573198,0.000474334,14
4.71,9.18,7.88,0.367625657,0,0.186165766,0.002649008,0.000321469,14
0.71,11.18,7.65,1.337362574,0,12.65986349,0.00740991,1.317539722,14
2.94,14.12,8.47,2.744935022,0,7.114382132,0.020893348,0.841886135,14
1.29,14.47,7.175,6.625406401,0,12.06692252,0.035436712,1.663925712,14
3.06,9.18,7.88,0.395279652,0,6.434203492,0.003104291,0.199247603,14
8.82,13.76,10.47,0.878138898,0,0.434453303,0.005790579,0.001773531,14
0.59,7.06,3.88,1.168191045,0,1.169066667,0.019517568,0.010533666,14
8.12,10.47,8.82,0.236733087,0,1.138201952,0.011453507,0.010051754,14
6.35,10.94,8.82,1.04301026,0,0.647315766,0.009459459,0.004790665,14
6.35,8.82,7.76,0.384822817,0,0.075617568,0.004085586,8.28E-05,14
6.35,8.82,7.76,0.385636036,0,0.073531081,0.004236486,8.31E-05,14
9.29,14.12,11.18,0.850382153,0,0.297689189,0.004333591,0.001237648,14
4.82,8.35,7.29,0.254555667,0,0.356704354,0.002474764,0.000944987,14
8.82,13.53,11.18,0.480463698,0,0.571621471,0.002971429,0.002651804,14
3.06,7.53,5.65,0.881939168,0,0.281949099,0.006006414,0.001100506,14
8.12,8.35,8.24,0.002517582,1.30E-29,0.00638754,0.00227027,1.38E-06,14
10.82,12.59,11.76,0.165625668,0,0.027588589,0.001427027,1.03E-05,14
8.82,10,9.29,0.046991896,0,0.101751952,0.002010811,5.19E-05,14
2.24,7.29,4.82,1.278987032,0,0.704885285,0.010227027,0.005995779,14
4.35,11.29,8.24,3.25063026,0,0.59546,0.017924324,0.010207382,14
9.76,14.94,11.88,0.953275987,0,0.26986952,0.003697297,0.001224072,14
4.94,8.35,7.18,0.491987368,0,0.050906349,0.003088589,6.73E-05,14
12.71,15.18,13.88,0.429776228,0,0.03612973,1.59E-28,1.59E-05,14
11.41,15.88,13.53,0.913627639,0,0.109214414,0.003372973,0.000124711,14
11.29,17.88,13.18,1.344445891,0,0.247319328,0.003142857,0.00088047,14
3.88,10.24,6,1.916943077,0,0.300697748,0.003965714,0.001924962,14
12,16.47,14.35,1.263495961,0,0.193736036,0.004482857,0.000481392,14
12,16.47,14.35,1.264883184,0,0.193736036,0.00427973,0.000463381,14
12,16.47,14.35,1.265795393,0,0.183303604,0.004750901,0.000447292,14
8.35,14.12,10.35,0.959492641,0,0.234848048,0.003620504,0.000982242,14
5.53,8.59,6.59,0.581854537,0,0.63039042,0.0036,0.003127616,14
3.65,9.41,4.94,1.434372719,0,0.786713016,0.003716967,0.005026401,14
8.12,13.53,10,1.308026076,0,0.489663363,0.00572973,0.004089327,14
2.12,9.53,4.12,2.333904142,0,1.405171471,0.009556757,0.014876471,14
0.12,14.24,2.71,18.53707418,0,3.875566835,0.095871021,0.175318682,14
8.94,14.24,12.35,1.618608708,0,0.148783492,0.003675676,0.000399813,14
6.12,9.235,7.53,0.337812735,0,0.254335435,0.000757895,0.000452687,14
3.18,7.06,5.06,0.511803621,0,0.354830781,0.00467027,0.000832107,14
2.24,8.24,5.65,2.450154002,0,0.571862312,0.004025635,0.003157028,14
0.12,4,1.29,1.117461714,0,0.141714921,0.003658065,0.00028506,14
6.47,9.18,7.88,0.242976228,0,0.176232432,0.009559664,0.00050877,14
4,7.76,5.41,0.635910452,0,0.098245345,0.00352,0.00011275,14
5.76,9.53,7.18,0.69935629,0,0.133167417,0.003106757,0.000347239,14
6.35,9.41,8.24,0.378879297,0,0.198647748,0.009297297,0.000796949,14
1.87,3.51,3.24,0.275971225,2.03E-31,0.189682583,0.00032027,0.00153902,14
1.88,3.515,3.23,0.275048964,7.49E-05,0.200184535,0.00176254,0.001481937,14
0.17,1.26,1.24,0.161058928,3.17E-33,0.084174775,6.68E-05,0.000379061,14
0.17,1.28,1.24,0.160961739,2.03E-05,0.09895991,0.000492042,0.000362149,14
-1.25,-1.25,-1.25,0,0,0,0,0,14
-1.25,-1.25,-1.25,0,0,0,0,0,14
13.41,13.41,13.41,4.56E-28,8.14E-29,1.17E-28,1.17E-28,1.11E-59,14
4.94,22.59,6.71,10.84379865,0,12.05116547,0.070498532,1.544920923,14
0.24,9.65,3.06,6.847852002,0,2.515997297,0.110400901,0.111154993,14
4.47,30,5.94,34.98958225,0,4.492195646,0.050872222,0.552987356,14
6.82,14.71,9.65,2.916170964,0.005242342,5.95328048,0.105225751,0.273501438,14
5.53,8.71,7.53,0.327876776,0,0.792543544,0.023315159,0.007064872,14
4.24,7.06,5.76,0.311166478,0.004639415,1.481406456,0.385269101,0.170400752,14
2.24,7.06,4.82,0.369192209,0,1.038054206,0.014140541,0.014500404,14
2.82,6,5.06,0.225446052,0,0.891971021,0.040179092,0.013963517,14
2.82,13.65,6.82,8.229625808,0,1.674474174,0.019455938,0.017825681,14
5.06,11.65,5.76,1.766580645,0,1.444557658,0.012379279,0.012843644,14
3.06,6,4.24,0.332442881,0,1.056636787,0.032176727,0.034126517,14
0.47,8.47,7.06,0.791568624,0,1.654625526,0.02272,0.028335898,14
4.47,9.18,5.29,0.943930965,0,1.049650397,0.021771865,0.015886718,14
4.59,7.76,6,0.445301821,0,1.232059683,0.104227271,0.0420434,14
4.47,8.24,5.76,0.704697081,0,0.706913782,0.01123349,0.004785569,14
5.53,10.47,7.76,0.429224043,0,2.710322778,0.013021471,0.06681085,14
4.82,9.41,5.76,0.931931372,0,0.912798968,0.063674461,0.033528881,14
3.29,7.53,5.53,0.366104907,0,2.057907302,0.024549076,0.050625704,14
0.71,7.76,6.47,1.773873413,0,4.714359677,0.022119365,0.313110674,14
1.06,5.53,4.24,0.310717445,0,2.17192803,0.035044444,0.062174885,14
1.29,16.47,7.06,6.143943137,0,3.718839189,0.09307178,0.288063019,14
4.47,6.82,5.76,0.263394344,0,4.254040148,0.019674599,0.090300114,14
3.53,9.41,5.76,0.609490228,0,1.639408492,0.075283193,0.044114046,14
4.24,7.76,5.29,0.386792021,8.11E-31,0.910318093,0.070221321,0.01902269,14
5.06,8.71,6.24,0.519938266,0,0.896676429,0.050379683,0.022444092,14
10.71,12.71,11.41,0.173017938,0,0.642897748,0.059058016,0.016372151,14
0.24,10.94,6.24,6.111310521,0,2.120763213,0.016918487,0.069863932,14
6.47,14.47,8.71,2.984110425,0,1.032644683,0.038109009,0.020939798,14
6.47,14.47,8.71,2.983816342,0,1.069214205,0.041951349,0.021840637,14
6.47,14.71,8.71,2.994914076,0,1.054928571,0.040913363,0.021914319,14
4.24,7.53,6.24,0.410355001,8.68E-31,1.274941592,0.039299621,0.017592571,14
4.24,7.53,6.24,0.415213698,8.68E-31,1.274941592,0.039553016,0.01782189,14
5.06,9.41,5.76,0.606435027,0,0.21343395,0.012788138,0.000460164,14
4.82,7.76,5.76,0.352855711,0,0.943166578,0.014811429,0.012549682,14
4.24,7.29,5.41,0.342513356,3.25E-30,0.846016303,0.105869355,0.031687536,14
4.82,9.65,6.24,1.208767754,0,3.833163063,0.01817041,0.140283168,14
3.06,8.24,5.29,0.653806278,0,1.093395294,0.013225,0.014242807,14
4,6.47,5.06,0.174098568,0,0.385914286,0.012571429,0.0011902,14
1.29,9.18,6.82,0.747349584,0,7.203486349,0.013165714,0.3405463,14
6.47,16.71,8.94,6.733041113,0,0.63506254,0.073419683,0.010582748,14
4.47,13.88,7.29,6.737264633,0,0.933682857,0.068483422,0.012076874,14
4.47,13.88,7.29,6.739167912,0,0.921688589,0.069528235,0.011630043,14
6.24,16.47,8.24,8.519071443,0,0.666136036,0.045153743,0.014264392,14
6.24,16.47,8.24,8.531144976,0,0.648292302,0.044004706,0.014220999,14
4.82,10.94,5.76,2.321590575,0,0.696150901,0.04804009,0.010428805,14
4.82,8.94,5.29,1.145128702,0,0.882910811,0.013843361,0.007486279,14
3.06,9.65,5.06,2.041953398,0,0.745293939,0.012091429,0.013685481,14
3.29,8,5.06,0.850477079,0,0.632478968,0.012764706,0.005969889,14
3.76,7.06,5.76,0.432936869,0,0.377696673,0.011358408,0.000919589,14
1.06,6.24,4.24,0.8208562,0,2.838533333,0.012597646,0.040547621,14
0.24,22.94,6,19.22577797,0,77.98034159,0.135241239,84.91063519,14
9.65,17.88,14.47,4.407473429,0,1.279265635,0.022237166,0.025750774,14
3.06,8.47,5.76,1.158909452,0,0.571249076,0.014181818,0.010021691,14
0.12,7.88,4.71,3.767059406,0,0.468850159,0.023068214,0.00316033,14
5.76,11.18,7.76,1.164696889,0,0.232087899,0.012988235,0.00161199,14
1.06,13.295,8,3.084341853,0,1.589469369,0.028749076,0.041422909,14
4.47,13.18,8.825,4.397283559,0,2.39297973,0.084644683,0.120079915,14
6.47,19.41,11.41,9.479301882,0,1.194008739,0.03217656,0.028738213,14
6.94,19.65,9.18,9.119275344,0,0.780565508,0.024239305,0.012285586,14
4.82,7.53,6.24,0.386086029,0,0.315065635,0.011675676,0.002084202,14
9.06,16.94,14.12,4.209604824,0,0.406612302,0.01582754,0.00387289,14
1.65,6.59,4.71,1.260882444,0,0.209647899,0.00904009,0.001014036,14
5.29,17.88,8,4.635865326,0,5.781669444,0.040711429,0.442869766,14
4.82,19.945,8,5.426777323,0,2.513116835,0.03563873,0.121731366,14
0.47,8,5.76,2.149766758,0,5.67466521,0.045152674,0.800571771,14
4,8.94,6.47,1.044459505,0,4.095524621,0.020967857,0.183267231,14
0.24,8.24,6.47,4.155110475,0,11.83419135,0.043567563,1.504822796,14
2.82,7.53,5.53,0.937347308,0,5.754158258,0.105276429,0.604944878,14
4,11.41,6.24,3.762134803,0,2.60361395,0.025581081,0.097625796,14
4.47,22.24,10.94,28.48851802,0,10.56204214,0.157718919,3.358252839,14
0.24,11.41,6.24,3.310264632,2.87E-32,6.140579032,0.075478968,0.850385246,14
15,15,15,0,0,0,0,0,14
5.06,11.65,8,3.021731104,0,0.180046791,0.013924324,0.00104407,14
5.06,11.65,8,3.017691802,0,0.177764683,0.013924324,0.001032126,14
5.06,11.65,8,3.018968169,0,0.176726891,0.013924324,0.001018831,14
0.24,5.53,1.76,1.859858457,0,0.76277973,0.014800309,0.010254703,14
0.24,7.76,4.24,4.534252582,0,0.383573445,0.027176471,0.003944333,14
3.06,14.12,6.82,5.353495375,0,0.714104189,0.019972371,0.016377191,14
0.47,14.94,9.18,4.548756894,0,9.050533571,0.014960299,0.697136172,14
16.24,29.41,22.47,7.561514061,0,0.950419286,0.026836088,0.019526895,14
6.24,14.71,9.53,3.755293754,0,3.976936937,0.025807348,0.140412617,14
3.06,19.65,8.24,17.65169753,0,4.234271111,0.046613755,0.256104578,14
3.06,19.65,8.24,17.64066031,0,4.158496134,0.04661592,0.253915255,14
1.76,16.94,7.53,12.41287693,0,1.957924324,0.026813135,0.061888806,14
6,18.94,9.65,8.829370017,0,7.344271349,0.033255022,0.447659745,14
2.47,28,16.24,23.47643339,3.25E-30,6.413028571,0.068468492,0.601978639,14
7.53,22.71,12.12,7.641920127,0,2.970119664,0.02388436,0.149127553,14
9.88,24.47,16.94,11.89269765,1.30E-29,1.208034958,0.072203413,0.019911803,14
0.24,11.88,3.53,10.64031904,0,5.537895345,0.36002373,0.89712061,14
0.24,8,4.4125,4.88954608,0,0.368108571,0.014823896,0.002517189,14
2.24,10.12,6.82,3.210051621,8.11E-31,0.480691742,0.025109191,0.003676138,14
1.53,8.94,6.24,3.154506862,0,1.903680873,0.016026443,0.022159248,14
8.71,16.94,12.12,3.715267425,3.25E-30,1.206046547,0.017142017,0.018503,14
0.24,8.71,5.76,5.913593423,0,1.101211111,0.014714988,0.023684799,14
0.24,12.94,5.76,7.717624741,0,3.509763993,0.029529979,0.244226411,14
0.24,8,5.175,3.833179594,0,3.269102017,0.022675695,0.099558819,14
1.53,24.47,7.06,26.72640464,0,106.8036264,0.041674351,120.9475698,14
4,12.94,6.82,2.191850318,0,1.166340553,0.013522417,0.028286012,14
0.24,18.47,7,14.43742737,0,32.36760807,0.031985078,18.54332319,14
5.76,15.41,8.355,3.119364766,0,1.610343193,0.017920873,0.038135751,14
4.355,10.71,6.24,2.301005155,0,0.718600189,0.013709114,0.008275317,14
0.24,10.71,4.24,7.070899757,0,3.316448739,0.026984399,0.10313054,14
0.24,8.24,4.82,5.014814623,0,8.39523,0.013464529,0.389950518,14
7.53,15.18,9.88,2.649734017,0,1.145261681,0.013386115,0.015946008,14
4,6.82,5.53,0.48077594,0,0.213158487,0.012412638,0.000939739,14
2.24,9.765,5.53,1.769256901,0,0.588497147,0.012783313,0.005982129,14
1.53,8.24,6,2.074307311,0,0.267773571,0.01287139,0.001305348,14
4.47,12.47,7.53,3.236295738,0,1.020615126,0.013150802,0.014355798,14
1.175,11.65,10.15,2.480397307,0,2.522865402,0.008897105,0.07514614,14
3.53,13.41,6,3.167994726,0,5.889545635,0.014580373,0.316204507,14
1.29,11.65,4.82,3.541207891,0,2.604374921,0.013199103,0.08833603,14
0.24,7.29,3.29,4.839968293,0,0.990366587,0.029944444,0.015826145,14
4,9.41,5.29,0.763559865,0,0.334159159,0.013359328,0.002153399,14
6.47,20.24,9.41,4.413424325,0,3.29376,0.01480894,0.105040865,14
3.76,8.47,5.29,0.624310029,0,0.189734848,0.01313033,0.000629766,14
0.02,0.78,0.19,0.035534405,4.95E-35,0.521132008,0.000614363,0.005452245,14
59,60,59,0.213565022,0.12012012,0.408408408,0.252252252,0.00061476,15
59,60,59,0.15049948,0.03125,0.567567568,0.247747748,0.0047943,15
59,60,59,0.129759569,0.189189189,0.657657658,0.396396396,0.007497973,15
4,5,5,0.008888533,0,0.255255255,0.150057604,0.004245997,15
4,5,5,0.008888533,0,0.256756757,0.146294882,0.004114404,15
4,5,5,0.004464286,0,0.256756757,0.142857143,0.00410409,15
5,5,5,0,0,0.333333333,0.13963964,0.002834917,15
5,5,5,0,0,0.252252252,0.13963964,0.002870196,15
4,5,5,0.004524887,0,0.256756757,0.189189189,0.002099894,15
4,14,11,2.969181804,4,43.4952381,32.43602409,38.29332218,15
2,3,3,0.07198911,0.028571429,0.258064516,0.208669355,0.002896813,15
2,3,3,0.062139654,0,0.258064516,0.213903743,0.003129983,15
1,2,2,0.058856502,0,0.258064516,0.210084034,0.003171137,15
4,5,5,0.04956258,0,0.258064516,0.208669355,0.002997383,15
4,5,5,0.048686739,0,0.257575758,0.205721003,0.003187093,15
