1.07000000000000,1.07000000000000,1.07000000000000,2.39700515416035e-29,0,0,0,0,10
1.07000000000000,1.07000000000000,1.07000000000000,2.39700515416035e-29,0,0,0,0,10
1.07000000000000,1.07000000000000,1.07000000000000,2.39700515416035e-29,0,0,0,0,10
2.13000000000000,2.13000000000000,2.13000000000000,1.26783743691126e-29,0,8.15156268728379e-31,0,8.43584248605066e-63,10
3,3,3,0,0,0,0,0,10
2.13000000000000,2.13000000000000,2.13000000000000,1.26783743691126e-29,0,8.15156268728379e-31,0,7.99367027621305e-63,10
3,3,3,0,0,0,0,0,10
1.07000000000000,1.07000000000000,1.07000000000000,2.39700515416035e-29,0,0,0,0,10
3,3,3,0,0,0,0,0,10
1.07000000000000,1.07000000000000,1.07000000000000,2.39700515416035e-29,0,0,0,0,10
1.07000000000000,1.07000000000000,1.07000000000000,2.39700515416035e-29,0,0,0,0,10
1.07000000000000,1.07000000000000,1.07000000000000,2.39700515416035e-29,0,0,0,0,10
1.07000000000000,1.07000000000000,1.07000000000000,2.39700515416035e-29,0,0,0,0,10
2.13000000000000,2.13000000000000,2.13000000000000,1.26783743691126e-29,0,8.15156268728379e-31,0,8.28433048815222e-63,10
3,3,3,0,0,0,0,0,10
2.13000000000000,2.13000000000000,2.13000000000000,1.26783743691126e-29,0,8.15156268728379e-31,0,8.28433048815222e-63,10
3,3,3,0,0,0,0,0,10
2.13000000000000,2.13000000000000,2.13000000000000,1.26783743691126e-29,0,8.15156268728379e-31,0,8.43007926232825e-63,10
3,3,3,0,0,0,0,0,10
2.13000000000000,2.13000000000000,2.13000000000000,1.26783743691126e-29,0,8.15156268728379e-31,0,7.83719913174633e-63,10
3,3,3,0,0,0,0,0,10
1,1,1,0,0,0,0,0,10
1,1,1,0,0,0,0,0,10
0.860000000000000,0.860000000000000,0.860000000000000,1.78784888564439e-29,0,1.14631350289928e-31,1.14015052707724e-31,1.03071637402171e-64,10
3,3,3,0,0,0,0,0,10
1.07000000000000,1.07000000000000,1.07000000000000,2.39700515416035e-29,0,0,0,0,10
2,2,2,0,0,0,0,0,10
1.07000000000000,1.07000000000000,1.07000000000000,2.39700515416035e-29,0,0,0,0,10
4,4,4,0,0,0,0,0,10
1.07000000000000,1.07000000000000,1.07000000000000,2.39700515416035e-29,0,0,0,0,10
1,1,1,0,0,0,0,0,10
1.07000000000000,1.07000000000000,1.07000000000000,2.39700515416035e-29,0,0,0,0,10
2.50000000000000,2.50000000000000,2.50000000000000,0,0,0,0,0,10
1.07000000000000,1.07000000000000,1.07000000000000,2.39700515416035e-29,0,0,0,0,10
7,7,7,0,0,0,0,0,10
1.07000000000000,1.07000000000000,1.07000000000000,2.39700515416035e-29,0,0,0,0,10
5,5,5,0,0,0,0,0,10
1.07000000000000,1.07000000000000,1.07000000000000,2.39700515416035e-29,0,0,0,0,10
5,5,5,0,0,0,0,0,10
1.07000000000000,1.07000000000000,1.07000000000000,2.39700515416035e-29,0,0,0,0,10
7,7,7,0,0,0,0,0,10
1.07000000000000,1.07000000000000,1.07000000000000,2.39700515416035e-29,0,0,0,0,10
5,5,5,0,0,0,0,0,10
1.07000000000000,1.07000000000000,1.07000000000000,2.39700515416035e-29,0,0,0,0,10
5,5,5,0,0,0,0,0,10
1.07000000000000,1.07000000000000,1.07000000000000,2.39700515416035e-29,0,0,0,0,10
5,5,5,0,0,0,0,0,10
1.07000000000000,1.07000000000000,1.07000000000000,2.39700515416035e-29,0,0,0,0,10
5,5,5,0,0,0,0,0,10
2.13000000000000,2.13000000000000,2.13000000000000,1.26783743691126e-29,0,8.16063005401047e-31,0,1.56107200623104e-62,10
5,5,5,0,0,0,0,0,10
2.13000000000000,2.13000000000000,2.13000000000000,1.26783743691126e-29,0,8.15156268728379e-31,0,1.56048083395725e-62,10
5,5,5,0,0,0,0,0,10
2.13000000000000,2.13000000000000,2.13000000000000,1.26783743691126e-29,0,8.16063005401047e-31,0,1.53231353401467e-62,10
5,5,5,0,0,0,0,0,10
1.07000000000000,1.07000000000000,1.07000000000000,2.39700515416035e-29,0,0,0,0,10
5,5,5,0,0,0,0,0,10
1.07000000000000,1.07000000000000,1.07000000000000,2.39700515416035e-29,0,0,0,0,10
3,3,3,0,0,0,0,0,10
1.07000000000000,1.07000000000000,1.07000000000000,2.39700515416035e-29,0,0,0,0,10
7,7,7,0,0,0,0,0,10
2.50000000000000,2.50000000000000,2.50000000000000,0,0,0,0,0,10
7,7,7,0,0,0,0,0,10
1.07000000000000,1.07000000000000,1.07000000000000,2.39700515416035e-29,0,0,0,0,10
3,3,3,0,0,0,0,0,10
1.07000000000000,1.07000000000000,1.07000000000000,2.39700515416035e-29,0,0,0,0,10
3,3,3,0,0,0,0,0,10
1.07000000000000,1.07000000000000,1.07000000000000,2.39700515416035e-29,0,0,0,0,10
5,5,5,0,0,0,0,0,10
2.13000000000000,2.13000000000000,2.13000000000000,1.26783743691126e-29,0,8.15156268728379e-31,0,1.53905174344763e-62,10
1.07000000000000,1.07000000000000,1.07000000000000,2.39700515416035e-29,0,0,0,0,10
3,3,3,0,0,0,0,0,10
1.07000000000000,1.07000000000000,1.07000000000000,2.39788823945033e-29,0,0,0,0,10
4,4,4,0,0,0,0,0,10
1.07000000000000,1.07000000000000,1.07000000000000,2.39788823945033e-29,0,0,0,0,10
5,5,5,0,0,0,0,0,10
1.40000000000000,1.40000000000000,1.40000000000000,7.92690327091017e-31,2.06606427557884e-31,4.57600954786407e-31,4.56060210830897e-31,5.93581689898655e-64,10
1.07000000000000,1.07000000000000,1.07000000000000,2.39783227809208e-29,0,0,0,0,10
4,4,4,0,0,0,0,0,10
1.07000000000000,1.07000000000000,1.07000000000000,2.39783227809208e-29,0,0,0,0,10
5,5,5,0,0,0,0,0,10
1.07000000000000,1.07000000000000,1.07000000000000,2.39783227809208e-29,0,0,0,0,10
1,1,1,0,0,0,0,0,10
1.07000000000000,1.07000000000000,1.07000000000000,2.39783227809208e-29,0,0,0,0,10
2,2,2,0,0,0,0,0,10
1.07000000000000,1.07000000000000,1.07000000000000,2.39783227809208e-29,0,0,0,0,10
3,3,3,0,0,0,0,0,10
1.07000000000000,1.07000000000000,1.07000000000000,2.39783227809208e-29,0,0,0,0,10
3,3,3,0,0,0,0,0,10
1.07000000000000,1.07000000000000,1.07000000000000,2.39783227809208e-29,0,0,0,0,10
3,3,3,0,0,0,0,0,10
1.07000000000000,1.07000000000000,1.07000000000000,2.39783227809208e-29,0,0,0,0,10
3,3,3,0,0,0,0,0,10
1.07000000000000,1.07000000000000,1.07000000000000,2.39783227809208e-29,0,0,0,0,10
3,3,3,0,0,0,0,0,10
2.13000000000000,2.13000000000000,2.13000000000000,1.26827492394953e-29,0,8.13512808509168e-31,0,1.20405741379391e-62,10
1.07000000000000,1.07000000000000,1.07000000000000,2.39783227809208e-29,0,0,0,0,10
1.07000000000000,1.07000000000000,1.07000000000000,2.39783227809208e-29,0,0,0,0,10
3,3,3,0,0,0,0,0,10
1.07000000000000,1.07000000000000,1.07000000000000,2.39783227809208e-29,0,0,0,0,10
3,3,3,0,0,0,0,0,10
1.07000000000000,1.07000000000000,1.07000000000000,2.39783227809208e-29,0,0,0,0,10
3,3,3,0,0,0,0,0,10
2.13000000000000,2.13000000000000,2.13000000000000,1.26827492394953e-29,0,8.13512808509168e-31,0,9.95832625585451e-63,10
3,3,3,0,0,0,0,0,10
1.07000000000000,1.07000000000000,1.07000000000000,2.39783227809208e-29,0,0,0,0,10
3,3,3,0,0,0,0,0,10
1.07000000000000,1.07000000000000,1.07000000000000,2.39783227809208e-29,0,0,0,0,10
4,4,4,0,0,0,0,0,10
1.07000000000000,1.07000000000000,1.07000000000000,2.39783227809208e-29,0,0,0,0,10
3,3,3,0,0,0,0,0,10
1.07000000000000,1.07000000000000,1.07000000000000,2.39783227809208e-29,0,0,0,0,10
4,4,4,0,0,0,0,0,10
1.07000000000000,1.07000000000000,1.07000000000000,2.39783227809208e-29,0,0,0,0,10
4,4,4,0,0,0,0,0,10
1.07000000000000,1.07000000000000,1.07000000000000,2.39783227809208e-29,0,0,0,0,10
3,3,3,0,0,0,0,0,10
1.07000000000000,1.07000000000000,1.07000000000000,2.39783227809208e-29,0,0,0,0,10
4,4,4,0,0,0,0,0,10
1.07000000000000,1.07000000000000,1.07000000000000,2.39783227809208e-29,0,0,0,0,10
1.07000000000000,1.07000000000000,1.07000000000000,2.39783227809208e-29,0,0,0,0,10
1.07000000000000,1.07000000000000,1.07000000000000,2.39783227809208e-29,0,0,0,0,10
2,2,2,0,0,0,0,0,10
1.07000000000000,1.07000000000000,1.07000000000000,2.39788823945033e-29,0,0,0,0,10
4,4,4,0,0,0,0,0,10
1.07000000000000,1.07000000000000,1.07000000000000,2.39715107574035e-29,0,0,0,0,10
3,3,3,0,0,0,0,0,10
1.07000000000000,1.07000000000000,1.07000000000000,2.39715107574035e-29,0,0,0,0,10
1.07000000000000,1.07000000000000,1.07000000000000,2.39715107574035e-29,0,0,0,0,10
1.07000000000000,1.07000000000000,1.07000000000000,2.39715107574035e-29,0,0,0,0,10
4,4,4,0,0,0,0,0,10
1.07000000000000,1.07000000000000,1.07000000000000,2.39715107574035e-29,0,0,0,0,10
1.07000000000000,1.07000000000000,1.07000000000000,2.39715107574035e-29,0,0,0,0,10
3,3,3,0,0,0,0,0,10
1.07000000000000,1.07000000000000,1.07000000000000,2.39715107574035e-29,0,0,0,0,10
6,6,6,0,0,0,0,0,10
1.07000000000000,1.07000000000000,1.07000000000000,2.39715107574035e-29,0,0,0,0,10
3,3,3,0,0,0,0,0,10
1.07000000000000,1.07000000000000,1.07000000000000,2.39715107574035e-29,0,0,0,0,10
3,3,3,0,0,0,0,0,10
1.07000000000000,1.07000000000000,1.07000000000000,2.39715107574035e-29,0,0,0,0,10
6,6,6,0,0,0,0,0,10
1.07000000000000,1.07000000000000,1.07000000000000,2.39715107574035e-29,0,0,0,0,10
3,3,3,0,0,0,0,0,10
1.07000000000000,1.07000000000000,1.07000000000000,2.39715107574035e-29,0,0,0,0,10
7,7,7,0,0,0,0,0,10
1.07000000000000,1.07000000000000,1.07000000000000,2.39715107574035e-29,0,0,0,0,10
2,2,2,0,0,0,0,0,10
1.07000000000000,1.07000000000000,1.07000000000000,2.39715107574035e-29,0,0,0,0,10
3,3,3,0,0,0,0,0,10
1.07000000000000,1.07000000000000,1.07000000000000,2.39715107574035e-29,0,0,0,0,10
2,2,2,0,0,0,0,0,10
1.07000000000000,1.07000000000000,1.07000000000000,2.39715107574035e-29,0,0,0,0,10
3,3,3,0,0,0,0,0,10
1.07000000000000,1.07000000000000,1.07000000000000,2.39715107574035e-29,0,0,0,0,10
3,3,3,0,0,0,0,0,10
1.07000000000000,1.07000000000000,1.07000000000000,2.39715107574035e-29,0,0,0,0,10
1.07000000000000,1.07000000000000,1.07000000000000,2.39715107574035e-29,0,0,0,0,10
1,1,1,0,0,0,0,0,10
1.07000000000000,1.07000000000000,1.07000000000000,2.39715107574035e-29,0,0,0,0,10
1.07000000000000,1.07000000000000,1.07000000000000,2.39715107574035e-29,0,0,0,0,10
1,1,1,0,0,0,0,0,10
1.07000000000000,1.07000000000000,1.07000000000000,2.39715107574035e-29,0,0,0,0,10
3,3,3,0,0,0,0,0,10
1,1,1,0,0,0,0,0,10
1,1,1,0,0,0,0,0,10
1,1,1,0,0,0,0,0,10
1,1,1,0,0,0,0,0,10
1,1,1,0,0,0,0,0,10
2.13000000000000,2.13000000000000,2.13000000000000,1.26783743691126e-29,0,8.16063005401047e-31,0,1.47473415812468e-62,10
3,3,3,0,0,0,0,0,10
3,3,3,0,0,0,0,0,10
3,3,3,0,0,0,0,0,10
2.13000000000000,2.13000000000000,2.13000000000000,1.26783743691126e-29,0,8.16063005401047e-31,0,1.69723357417107e-62,10
2.13000000000000,2.13000000000000,2.13000000000000,1.26783743691126e-29,0,8.16063005401047e-31,0,1.69274678932506e-62,10
2,2,2,0,0,0,0,0,10
1,1,1,0,0,0,0,0,10
2.13000000000000,2.13000000000000,2.13000000000000,1.26783743691126e-29,0,8.15156268728379e-31,0,1.46947316793900e-62,10
3,3,3,0,0,0,0,0,10
2.13000000000000,2.13000000000000,2.13000000000000,1.26783743691126e-29,0,8.15156268728379e-31,0,1.47890700047227e-62,10
3,3,3,0,0,0,0,0,10
2.13000000000000,2.13000000000000,2.13000000000000,1.26783743691126e-29,0,8.15156268728379e-31,0,1.46291451245645e-62,10
3,3,3,0,0,0,0,0,10
2.13000000000000,2.13000000000000,2.13000000000000,1.26783743691126e-29,0,8.15156268728379e-31,0,1.47568434108493e-62,10
2.13000000000000,2.13000000000000,2.13000000000000,1.26783743691126e-29,0,8.16063005401047e-31,0,1.69996488969214e-62,10
3,3,3,0,0,0,0,0,10
2.13000000000000,2.13000000000000,2.13000000000000,1.26783743691126e-29,0,8.15156268728379e-31,0,1.70113276566778e-62,10
3,3,3,0,0,0,0,0,10
2.13000000000000,2.13000000000000,2.13000000000000,1.26783743691126e-29,0,8.16063005401047e-31,0,1.48407715057550e-62,10
4,4,4,0,0,0,0,0,10
2.13000000000000,2.13000000000000,2.13000000000000,1.26783743691126e-29,0,8.15156268728379e-31,0,1.46260720558417e-62,10
2.13000000000000,2.13000000000000,2.13000000000000,1.26783743691126e-29,0,8.16063005401047e-31,0,1.93146445716807e-62,10
3,3,3,0,0,0,0,0,10
2.13000000000000,2.13000000000000,2.13000000000000,1.26783743691126e-29,0,8.16063005401047e-31,0,1.47267719132781e-62,10
3,3,3,0,0,0,0,0,10
3,3,3,0,0,0,0,0,10
3,3,3,0,0,0,0,0,10
2.13000000000000,2.13000000000000,2.13000000000000,1.26783743691126e-29,0,8.16063005401047e-31,0,1.45387134359082e-62,10
2,2,2,0,0,0,0,0,10
2.13000000000000,2.13000000000000,2.13000000000000,1.26783743691126e-29,0,8.16063005401047e-31,0,1.48439039938490e-62,10
4,4,4,0,0,0,0,0,10
2.13000000000000,2.13000000000000,2.13000000000000,1.26783743691126e-29,0,8.16063005401047e-31,0,1.92323290064580e-62,10
4,4,4,0,0,0,0,0,10
2.13000000000000,2.13000000000000,2.13000000000000,1.26807547381322e-29,0,8.21730109605221e-31,2.02849947056832e-31,5.31588107302077e-62,10
2.13000000000000,2.13000000000000,2.13000000000000,1.26807547381322e-29,0,8.14308031195883e-31,2.02849947056832e-31,3.46121724826051e-62,10
2.13000000000000,2.13000000000000,2.13000000000000,1.26807547381322e-29,0,8.21730109605221e-31,2.02849947056832e-31,5.09730800409171e-62,10
2,2,2,0,0,0,0,0,10
2.13000000000000,2.13000000000000,2.13000000000000,1.26807547381322e-29,0,8.21730109605221e-31,2.02849947056832e-31,4.45765113695597e-62,10
3,3,3,0,0,0,0,0,10
2.13000000000000,2.13000000000000,2.13000000000000,1.26807547381322e-29,0,8.15156268728379e-31,2.02849947056832e-31,3.74451484547397e-62,10
3,3,3,0,0,0,0,0,10
2.13000000000000,2.13000000000000,2.13000000000000,1.26807547381322e-29,0,8.21730109605221e-31,2.02849947056832e-31,5.03282112795967e-62,10
3,3,3,0,0,0,0,0,10
2.13000000000000,2.13000000000000,2.13000000000000,1.26807547381322e-29,0,8.15156268728379e-31,2.02849947056832e-31,4.22998009393961e-62,10
3,3,3,0,0,0,0,0,10
2.13000000000000,2.13000000000000,2.13000000000000,1.26807547381322e-29,0,8.21730109605221e-31,2.03015674137760e-31,3.89430917216297e-62,10
3,3,3,0,0,0,0,0,10
2.13000000000000,2.13000000000000,2.13000000000000,1.26807547381322e-29,0,8.14308031195883e-31,2.03015674137760e-31,3.61221123717438e-62,10
3.20000000000000,3.20000000000000,3.20000000000000,2.85316981607973e-29,2.07075987620516e-31,1.83410160463885e-30,1.82564952351148e-30,4.02509180437311e-62,10
2.13000000000000,2.13000000000000,2.13000000000000,1.26807547381322e-29,0,8.14308031195883e-31,2.02849947056832e-31,3.09230949214704e-62,10
3,3,3,0,0,0,0,0,10
2.13000000000000,2.13000000000000,2.13000000000000,1.26807547381322e-29,0,8.16063005401047e-31,2.02849947056832e-31,4.70966359931517e-62,10
3,3,3,0,0,0,0,0,10
2.13000000000000,2.13000000000000,2.13000000000000,1.26807547381322e-29,0,8.14308031195883e-31,2.02849947056832e-31,3.61125993406567e-62,10
3,3,3,0,0,0,0,0,10
2.13000000000000,2.13000000000000,2.13000000000000,1.26807547381322e-29,0,8.16063005401047e-31,2.02849947056832e-31,4.46504291151881e-62,10
3,3,3,0,0,0,0,0,10
2.13000000000000,2.13000000000000,2.13000000000000,1.26807547381322e-29,0,8.18077975784753e-31,2.03015674137760e-31,4.24740075487549e-62,10
3,3,3,0,0,0,0,0,10
2.13000000000000,2.13000000000000,2.13000000000000,1.26807547381322e-29,0,8.21730109605221e-31,2.02849947056832e-31,4.75930036895162e-62,10
2.13000000000000,2.13000000000000,2.13000000000000,1.26807547381322e-29,0,8.21730109605221e-31,2.02849947056832e-31,3.73876916272198e-62,10
3,3,3,0,0,0,0,0,10
2.13000000000000,2.13000000000000,2.13000000000000,1.26807547381322e-29,0,8.21730109605221e-31,2.02849947056832e-31,5.02269638493228e-62,10
1,1,1,0,0,0,0,0,10
2.13000000000000,2.13000000000000,2.13000000000000,1.26807547381322e-29,0,8.21730109605221e-31,2.03015674137760e-31,5.03508742974886e-62,10
2,2,2,0,0,0,0,0,10
2.13000000000000,2.13000000000000,2.13000000000000,1.26807547381322e-29,0,8.21730109605221e-31,2.02849947056832e-31,3.81032855360171e-62,10
1,1,1,0,0,0,0,0,10
2.13000000000000,2.13000000000000,2.13000000000000,1.26807547381322e-29,0,8.16063005401047e-31,2.03015674137760e-31,3.80366183903207e-62,10
3,3,3,0,0,0,0,0,10
2.13000000000000,2.13000000000000,2.13000000000000,1.26807547381322e-29,0,8.16063005401047e-31,2.02849947056832e-31,4.63920063356447e-62,10
2,2,2,0,0,0,0,0,10
2.13000000000000,2.13000000000000,2.13000000000000,1.26807547381322e-29,0,8.21730109605221e-31,2.02849947056832e-31,3.97030494755027e-62,10
3,3,3,0,0,0,0,0,10
2.13000000000000,2.13000000000000,2.13000000000000,1.26807547381322e-29,0,8.21730109605221e-31,2.02849947056832e-31,4.03526446318487e-62,10
2,2,2,0,0,0,0,0,10
2.13000000000000,2.13000000000000,2.13000000000000,1.26807547381322e-29,0,8.21730109605221e-31,2.02849947056832e-31,4.31638802469316e-62,10
3,3,3,0,0,0,0,0,10
2.13000000000000,2.13000000000000,2.13000000000000,1.26807547381322e-29,0,8.16063005401047e-31,2.02849947056832e-31,4.28861144854248e-62,10
2,2,2,0,0,0,0,0,10
2.13000000000000,2.13000000000000,2.13000000000000,1.26807547381322e-29,0,8.21730109605221e-31,2.02849947056832e-31,4.87537552805577e-62,10
3,3,3,0,0,0,0,0,10
2.13000000000000,2.13000000000000,2.13000000000000,1.26807547381322e-29,0,8.21730109605221e-31,2.02849947056832e-31,3.48629767681885e-62,10
3,3,3,0,0,0,0,0,10
2.13000000000000,2.13000000000000,2.13000000000000,1.26807547381322e-29,0,8.21730109605221e-31,2.02849947056832e-31,4.12761377746102e-62,10
2,2,2,0,0,0,0,0,10
1,1,1,0,0,0,0,0,10
2.13000000000000,2.13000000000000,2.13000000000000,1.26786293235521e-29,0,8.20415341429852e-31,2.02849947056832e-31,4.26388607622271e-62,10
2.13000000000000,2.13000000000000,2.13000000000000,1.26786293235521e-29,0,8.19201709267974e-31,2.02849947056832e-31,5.12560869815801e-62,10
1,1,1,0,0,0,0,0,10
2.13000000000000,2.13000000000000,2.13000000000000,1.26786293235521e-29,0,8.19201709267974e-31,2.02849947056832e-31,4.72311797992544e-62,10
3,3,3,0,0,0,0,0,10
2.13000000000000,2.13000000000000,2.13000000000000,1.26786293235521e-29,0,8.19201709267974e-31,2.02849947056832e-31,3.88042980437613e-62,10
3,3,3,0,0,0,0,0,10
2.13000000000000,2.13000000000000,2.13000000000000,1.26786293235521e-29,0,8.19201709267974e-31,2.02849947056832e-31,3.54657343480351e-62,10
3,3,3,0,0,0,0,0,10
1.70000000000000,1.70000000000000,1.70000000000000,4.45733062156129e-29,0,1.26994653302625e-30,1.26781216910520e-30,5.15240837511670e-62,10
3,3,3,0,0,0,0,0,10
2.13000000000000,2.13000000000000,2.13000000000000,1.26786293235521e-29,0,8.19201709267974e-31,2.02849947056832e-31,3.48679806130533e-62,10
3,3,3,0,0,0,0,0,10
2.13000000000000,2.13000000000000,2.13000000000000,1.26786293235521e-29,0,8.19201709267974e-31,2.02849947056832e-31,4.48991876976627e-62,10
3,3,3,0,0,0,0,0,10
2.13000000000000,2.13000000000000,2.13000000000000,1.26786293235521e-29,0,8.20415341429852e-31,2.02849947056832e-31,4.76883432425960e-62,10
3,3,3,0,0,0,0,0,10
2.13000000000000,2.13000000000000,2.13000000000000,1.26786293235521e-29,0,8.20415341429852e-31,2.03015674137760e-31,5.30302727684958e-62,10
5,5,5,0,0,0,0,0,10
1.70000000000000,1.70000000000000,1.70000000000000,4.45733062156129e-29,0,1.26994653302625e-30,1.26781216910520e-30,5.22813472590744e-62,10
5,5,5,0,0,0,0,0,10
2.13000000000000,2.13000000000000,2.13000000000000,1.26786293235521e-29,0,8.21730109605221e-31,2.02849947056832e-31,5.21077912907569e-62,10
4,4,4,0,0,0,0,0,10
1.42000000000000,1.42000000000000,1.42000000000000,1.78293224862452e-30,0,1.27235629874357e-30,1.26781216910520e-30,3.19703162248803e-62,10
10,10,10,0,0,0,0,0,10
2.13000000000000,2.13000000000000,2.13000000000000,1.26786293235521e-29,0,8.20415341429852e-31,2.02849947056832e-31,4.28627796752266e-62,10
6,6,6,0,0,0,0,0,10
2.13000000000000,2.13000000000000,2.13000000000000,1.26786293235521e-29,0,8.20415341429852e-31,2.02849947056832e-31,4.34424424860134e-62,10
4,4,4,0,0,0,0,0,10
2.13000000000000,2.13000000000000,2.13000000000000,1.26786293235521e-29,0,8.20415341429852e-31,2.02849947056832e-31,5.49147877875275e-62,10
2.13000000000000,2.13000000000000,2.13000000000000,1.26786293235521e-29,0,8.20415341429852e-31,2.02849947056832e-31,4.46085414022398e-62,10
3,3,3,0,0,0,0,0,10
2.13000000000000,2.13000000000000,2.13000000000000,1.26786293235521e-29,0,8.20415341429852e-31,2.02849947056832e-31,4.06074194057112e-62,10
3,3,3,0,0,0,0,0,10
2.13000000000000,2.13000000000000,2.13000000000000,1.26786293235521e-29,0,8.20415341429852e-31,2.02849947056832e-31,3.26475723689452e-62,10
1,1,1,0,0,0,0,0,10
2.13000000000000,2.13000000000000,2.13000000000000,1.26786293235521e-29,0,8.21730109605221e-31,2.02849947056832e-31,3.99950446467263e-62,10
3,3,3,0,0,0,0,0,10
2.13000000000000,2.13000000000000,2.13000000000000,1.26786293235521e-29,0,8.20415341429852e-31,2.02849947056832e-31,4.34080173392009e-62,10
2,2,2,0,0,0,0,0,10
2.13000000000000,2.13000000000000,2.13000000000000,1.26786293235521e-29,0,8.20415341429852e-31,2.03015674137760e-31,3.31535343576580e-62,10
3,3,3,0,0,0,0,0,10
3,3,3,0,0,0,0,0,10
4,4,4,0,0,0,0,0,10
2.13000000000000,2.13000000000000,2.13000000000000,1.26786293235521e-29,0,8.20415341429852e-31,2.02849947056832e-31,5.43529595907123e-62,10
6,6,6,0,0,0,0,0,10
2.13000000000000,2.13000000000000,2.13000000000000,1.26783743691126e-29,0,8.16063005401047e-31,2.03015674137760e-31,4.83014935245850e-62,10
5,5,5,0,0,0,0,0,10
2.13000000000000,2.13000000000000,2.13000000000000,1.26786293235521e-29,0,8.20415341429852e-31,2.02849947056832e-31,4.63439141216136e-62,10
3,3,3,0,0,0,0,0,10
2.13000000000000,2.13000000000000,2.13000000000000,1.26783743691126e-29,0,8.16063005401047e-31,2.02932810597296e-31,3.85712981773837e-62,10
2.13000000000000,2.13000000000000,2.13000000000000,1.26783743691126e-29,0,8.15156268728379e-31,2.02849947056832e-31,4.48436702092497e-62,10
2,2,2,0,0,0,0,0,10
2.13000000000000,2.13000000000000,2.13000000000000,1.26783743691126e-29,0,8.18077975784753e-31,2.02849947056832e-31,4.69467937689554e-62,10
5,5,5,0,0,0,0,0,10
2.13000000000000,2.13000000000000,2.13000000000000,1.26783743691126e-29,0,8.17034508978905e-31,2.02849947056832e-31,5.81055719323895e-62,10
2,2,2,0,0,0,0,0,10
2.13000000000000,2.13000000000000,2.13000000000000,1.26783743691126e-29,0,8.16063005401047e-31,2.03015674137760e-31,4.99424360410613e-62,10
5,5,5,0,0,0,0,0,10
2.13000000000000,2.13000000000000,2.13000000000000,1.26783743691126e-29,0,8.17034508978905e-31,2.02849947056832e-31,3.69661908231987e-62,10
3,3,3,0,0,0,0,0,10
2.13000000000000,2.13000000000000,2.13000000000000,1.26783743691126e-29,0,8.15156268728379e-31,2.02849947056832e-31,3.97220710115981e-62,10
3,3,3,0,0,0,0,0,10
2.13000000000000,2.13000000000000,2.13000000000000,1.26783743691126e-29,0,8.17034508978905e-31,2.02849947056832e-31,4.36184859113743e-62,10
1,1,1,0,0,0,0,0,10
2.13000000000000,2.13000000000000,2.13000000000000,1.26783743691126e-29,0,8.16063005401047e-31,2.03015674137760e-31,5.72314493496262e-62,10
3,3,3,0,0,0,0,0,10
2.13000000000000,2.13000000000000,2.13000000000000,1.26783743691126e-29,0,8.17034508978905e-31,2.02849947056832e-31,3.70999537243216e-62,10
3,3,3,0,0,0,0,0,10
2.13000000000000,2.13000000000000,2.13000000000000,1.26783743691126e-29,0,8.19201709267974e-31,2.02932810597296e-31,4.96594981325407e-62,10
3,3,3,0,0,0,0,0,10
2.13000000000000,2.13000000000000,2.13000000000000,1.26783743691126e-29,0,8.18077975784753e-31,2.03015674137760e-31,3.73404142306379e-62,10
3,3,3,0,0,0,0,0,10
2.13000000000000,2.13000000000000,2.13000000000000,1.26783743691126e-29,0,8.17034508978905e-31,2.03015674137760e-31,5.36161256467341e-62,10
2,2,2,0,0,0,0,0,10
2.13000000000000,2.13000000000000,2.13000000000000,1.26783743691126e-29,0,8.17034508978905e-31,2.02849947056832e-31,5.04545540742296e-62,10
1,1,1,0,0,0,0,0,10
2.13000000000000,2.13000000000000,2.13000000000000,1.26783743691126e-29,0,8.15156268728379e-31,2.02849947056832e-31,5.67959677663438e-62,10
3,3,3,0,0,0,0,0,10
2.13000000000000,2.13000000000000,2.13000000000000,1.26783743691126e-29,0,8.16063005401047e-31,2.02849947056832e-31,5.14716456045627e-62,10
3,3,3,0,0,0,0,0,10
2.13000000000000,2.13000000000000,2.13000000000000,1.26783743691126e-29,0,8.16063005401047e-31,2.03015674137760e-31,3.93746901174820e-62,10
1,1,1,0,0,0,0,0,10
2.13000000000000,2.13000000000000,2.13000000000000,1.26783743691126e-29,0,8.16063005401047e-31,2.02849947056832e-31,5.52126796927848e-62,10
2,2,2,0,0,0,0,0,10
2.13000000000000,2.13000000000000,2.13000000000000,1.26783743691126e-29,0,8.16063005401047e-31,2.03015674137760e-31,6.58495570625735e-62,10
2.13000000000000,2.13000000000000,2.13000000000000,1.26783743691126e-29,0,8.16063005401047e-31,2.03015674137760e-31,4.69024091444999e-62,10
21.3000000000000,21.3000000000000,21.3000000000000,7.92398398069537e-27,1.30570080864167e-29,1.17038272483699e-28,1.16841569504735e-28,3.85137437597972e-58,10
1.70000000000000,1.70000000000000,1.70000000000000,4.45724098914114e-29,0,1.26994653302625e-30,1.26781216910520e-30,2.82938586561377e-62,10
2.13000000000000,2.13000000000000,2.13000000000000,1.26783743691126e-29,0,8.15156268728379e-31,2.02849947056832e-31,4.87680646070019e-62,10
3,3,3,0,0,0,0,0,10
2.13000000000000,2.13000000000000,2.13000000000000,1.26783743691126e-29,0,8.16063005401047e-31,2.03015674137760e-31,4.54422515506093e-62,10
3,3,3,0,0,0,0,0,10
2.13000000000000,2.13000000000000,2.13000000000000,1.26783743691126e-29,0,8.17034508978905e-31,2.03015674137760e-31,5.76015199301329e-62,10
3,3,3,0,0,0,0,0,10
2.13000000000000,2.13000000000000,2.13000000000000,1.26783743691126e-29,0,8.15156268728379e-31,2.02849947056832e-31,4.72005515258343e-62,10
3,3,3,0,0,0,0,0,10
2.13000000000000,2.13000000000000,2.13000000000000,1.26783743691126e-29,0,8.15156268728379e-31,2.02849947056832e-31,5.53698192066482e-62,10
2.13000000000000,2.13000000000000,2.13000000000000,1.26783743691126e-29,0,8.17034508978905e-31,2.02849947056832e-31,3.75338515969547e-62,10
3,3,3,0,0,0,0,0,10
2.13000000000000,2.13000000000000,2.13000000000000,1.26783743691126e-29,0,8.18077975784753e-31,2.02849947056832e-31,4.96697438880244e-62,10
2,2,2,0,0,0,0,0,10
2.13000000000000,2.13000000000000,2.13000000000000,1.26783743691126e-29,0,8.21730109605221e-31,2.03015674137760e-31,6.31067350699277e-62,10
3,3,3,0,0,0,0,0,10
2.13000000000000,2.13000000000000,2.13000000000000,1.26783743691126e-29,0,8.20415341429852e-31,2.03015674137760e-31,7.35343456825652e-62,10
2.13000000000000,2.13000000000000,2.13000000000000,1.26783743691126e-29,0,8.21730109605221e-31,2.03015674137760e-31,7.10397551901157e-62,10
3,3,3,0,0,0,0,0,10
2.13000000000000,2.13000000000000,2.13000000000000,1.26783743691126e-29,0,8.18077975784753e-31,2.03015674137760e-31,6.11382644024147e-62,10
3,3,3,0,0,0,0,0,10
2.13000000000000,2.13000000000000,2.13000000000000,1.26783743691126e-29,0,8.19201709267974e-31,2.03015674137760e-31,7.46820030567375e-62,10
3,3,3,0,0,0,0,0,10
1.07000000000000,1.07000000000000,1.07000000000000,2.39700515416035e-29,0,0,0,0,10
3,3,3,0,0,0,0,0,10
2.13000000000000,2.13000000000000,2.13000000000000,1.26783743691126e-29,0,8.18077975784753e-31,2.03015674137760e-31,7.22342703002661e-62,10
1,1,1,0,0,0,0,0,10
2.13000000000000,2.13000000000000,2.13000000000000,1.26783743691126e-29,0,8.20415341429852e-31,2.03015674137760e-31,6.61861656237927e-62,10
2.13000000000000,2.13000000000000,2.13000000000000,1.26783743691126e-29,0,8.20415341429852e-31,2.03015674137760e-31,7.28427326227086e-62,10
2.13000000000000,2.13000000000000,2.13000000000000,1.26783743691126e-29,0,8.21730109605221e-31,2.03015674137760e-31,7.00315175797552e-62,10
1,1,1,0,0,0,0,0,10
2.13000000000000,2.13000000000000,2.13000000000000,1.26783743691126e-29,0,8.20415341429852e-31,2.03015674137760e-31,7.32794882442845e-62,10
4,4,4,0,0,0,0,0,10
2.13000000000000,2.13000000000000,2.13000000000000,1.26783743691126e-29,0,8.20415341429852e-31,2.03015674137760e-31,6.08753333447153e-62,10
3,3,3,0,0,0,0,0,10
1,1,1,0,0,0,0,0,10
1,1,1,0,0,0,0,0,10
1,1,1,0,0,0,0,0,10
1,1,1,0,0,0,0,0,10
1,1,1,0,0,0,0,0,10
1,1,1,0,0,0,0,0,10
1,1,1,0,0,0,0,0,10
1,1,1,0,0,0,0,0,10
1,1,1,0,0,0,0,0,10
1,1,1,0,0,0,0,0,10
1,1,1,0,0,0,0,0,10
1,1,1,0,0,0,0,0,10
1,1,1,0,0,0,0,0,10
1,1,1,0,0,0,0,0,10
1,1,1,0,0,0,0,0,10
1,1,1,0,0,0,0,0,10
1,1,1,0,0,0,0,0,10
1,1,1,0,0,0,0,0,10
1,1,1,0,0,0,0,0,10
1,1,1,0,0,0,0,0,10
1,1,1,0,0,0,0,0,10
1,1,1,0,0,0,0,0,10
1,1,1,0,0,0,0,0,10
10330.8600000000,19320.6000000000,17429.4000000000,7735377.73218589,60.1725145645627,4842602.01286742,3507.00937890387,805382381036.525,7
10257.5200000000,19320.6000000000,17397.9650000000,7721779.01343970,3129.45061876875,5538456.07781036,14971.5053950450,974945635888.087,7
9314.54000000000,17507.9800000000,15763.4700000000,6347586.60216474,143.366897747737,4041275.47029415,4726.62817409910,554385099085.741,7
9356.45000000000,17487.0300000000,15721.5600000000,6294181.77212172,2649.19281441442,4723744.90165886,29945.3724451201,650596859042.948,7
11191.5700000000,18652.6500000000,17227.6350000000,5074047.42883226,1077.22406349207,3664442.85719643,9232.90235030032,401040605857.738,7
11168.4000000000,18884.3600000000,17158.1150000000,5099770.64275612,45379.6025810810,4594713.77570330,223768.357689790,505987950851.360,7
7745.06500000000,15184.6900000000,11048.5050000000,7222680.16268037,0,5257082.68582658,19475.0358480363,554044786420.084,7
2842.31000000000,20103.9900000000,15383.2300000000,54957083.6569790,0,71001635.0073970,6209.06867272730,131116581147071,7
4422.22000000000,21555.5500000000,17938.8875000000,55469171.6142385,3.40063140716245e-24,72419280.8723350,27394.0326206773,162772003201160,7
21,21.8333333333333,21.5000000000000,0.0266600998687135,0,0.0155340525710899,0.000764653542431364,3.26470445209688e-06,8
14.1666666666667,22.4444444444444,17.3333333333333,5.68193514455769,2.07718345786196e-28,0.563072331590851,0.0254884514143774,0.00403481660482624,8
11.0555555555556,17.5555555555556,15.8055555555556,0.629648038961765,0.000791201254164263,5.02803729655581,1.27689726763801,0.752434019120146,8
20.4444444444444,23.1666666666667,21.3888888888889,0.462149280593320,0,0.421484910836762,0.00297751455158857,0.00338275598334704,8
15.1111111111111,22.2222222222222,20.1111111111111,1.14648381891060,0,6.81399911816578,0.0200100232507640,0.495847791005719,8
12.9444444444444,23.8333333333333,19.0277777777778,7.13146186697255,2.07888050317067e-28,6.93181607533459,0.0474867724867723,0.571913548516699,8
21.5000000000000,22.3333333333333,22.0000000000000,0.0307671753772513,0,0.0215122529937339,0.00258128498869241,9.26640065286289e-06,8
15.3888888888889,23.9444444444444,22.0000000000000,3.70126444955170,0,8.29714628649814,0.00201265691461773,0.633274267024197,8
15.1666666666667,22.6666666666667,20,2.76238508412521,0.000975204896773580,7.04882767921983,0.0493189540302829,0.312905217930886,8
13.1111111111111,27.6666666666667,16.1666666666667,25.7434726071596,0.00280836391947506,10.9724307640974,0.451234612618993,1.50089895950637,8
188.111111111111,189.166666666667,188.888888888889,0.0625722761752503,0.000352733686067039,0.0870015609479206,0.00179667100963380,3.73247340728178e-05,8
127.166666666667,151,133.388888888889,9.23672775246953,0.00113658632177126,68.7581595601204,0.139866321347801,30.2143962755083,8
114.416666666667,129.833333333333,125.402777777778,33.0867914679574,0.00542208875542240,35.9688769414576,0.159093266936403,20.2679379979098,8
185.722222222222,186.277777777778,185.944444444444,0.0367317902964618,0.000321610125531548,0.0481259352787127,0.00165956300215585,2.11946927784903e-05,8
23.0000000000000,29.4722222222222,25.0694444444444,3.94580272370117,0,16.4689411633856,0.253800376046544,3.80957721764073,8
7.05555555555556,13.8333333333333,10.0833333333333,8.42614649260821,1.30042524981888e-29,7.16511176580621,0.161929755067010,0.646998244600311,8
23.3333333333333,26.7777777777778,24.3888888888889,0.806174035098386,0,0.271331516701886,0.00153646381859876,0.000814631662386895,8
7.36111111111111,13.6666666666667,9.08333333333333,6.07842304847221,0.000778556334111785,7.07547699214366,0.0449130571517070,0.484794852874427,8
22.2777777777778,29.8888888888889,25.0555555555556,2.25612909380660,0,12.0658926121889,0.186763152040930,5.17268374332236,8
20.8888888888889,27.0000000000000,23.7222222222222,1.56379055992518,1.16841569504735e-28,10.7038473658844,0.285015479255676,4.25165754222640,8
15.8333333333333,21.1666666666667,17.3888888888889,1.71685347254351,0.000672231575009392,3.81608019189719,0.0103990895657564,0.161822637079713,8
8.44444444444445,14.2222222222222,9.55555555555556,3.75393952268252,0.00157750342935523,5.68835965595225,0.0824132639913791,0.851511669730301,8
9.61111111111111,14.9444444444444,13.1111111111111,0.791894647874305,0.0330094930789374,4.29131819992035,0.401847332647986,0.387508069180580,8
7.72222222222222,13,11.3055555555556,3.47437434999328,0.0245923285138971,5.74116609606805,0.128742662188332,0.414149875609860,8
8.55555555555556,13.6944444444444,11.5694444444444,1.67151414431929,0.0306139472806139,5.26367880485528,0.132837301587302,0.264413232534244,8
7.22222222222222,12.6666666666667,10.6666666666667,3.56594225518226,0.0327781485188893,6.58932543654766,0.155050884217551,0.501043113213450,8
24.4444444444444,29.8611111111111,27.2222222222222,1.28183302884349,0.0430008142426444,15.7489821966946,2.06017415243314,3.44726314777261,8
21.4444444444444,25.7777777777778,23.7916666666667,0.909650903756494,0.00169623404917515,8.27073395997007,1.50359335146390,1.85288350588017,8
21.6111111111111,26.5000000000000,24.1111111111111,1.02060224729320,0.00213715115675890,9.81746866816311,1.73567015359690,2.50444351861077,8
42.4444444444444,63.9444444444444,56.3888888888889,32.8760294913982,0.0211548353909471,3.01082000561167,0.327140173783692,0.245220380509569,8
54.1111111111111,67.9444444444444,63.0277777777778,11.6538689487587,0.0575609031491384,114.331737857882,6.90148096936697,277.165277922349,8
7.76000000000000,14.1200000000000,11.1800000000000,3.06766842208215,3.24825078620417e-30,0.263302857142857,0.0240882352941178,0.00133472873831008,5
0.350000000000000,13.0600000000000,5.65000000000000,8.29345789298267,0,4.32256000000000,0.0299444444444445,0.109451029842865,5
6.24000000000000,16.4700000000000,9.65000000000000,2.80193606662396,0,1.80032869875223,0.0400036134453781,0.0486873927628637,5
4.24000000000000,18.2400000000000,9.18000000000000,6.94306175528507,0,8.39736158730159,0.0673248037323037,0.999853479695008,5
1,1,1,0,0,0,0,0,5
1,1,1,0,0,0,0,0,5
1,1,1,0,0,0,0,0,5
1,1,1,0,0,0,0,0,5
300,400,300,1488.17865150545,0,2586.20689655172,1699.50738916256,1028901.95185185,5
300,300,300,0,0,0,0,0,5
20.6666666666667,21.8888888888889,21.3888888888889,0.0528418392768171,0,0.0220915359804252,0.000662699736773806,3.30929605513374e-06,4
19.0555555555556,20.9444444444444,20.2222222222222,0.0813380845611787,0,0.116931746561376,0.000810996181366582,7.51082350973279e-05,4
18.8888888888889,21.3333333333333,20.3888888888889,0.232031577474869,0,0.0850387424461500,0.00285007229451671,0.000108716516897988,4
17.3333333333333,21.8333333333333,20.3055555555556,0.981331692622449,1.16751413972710e-28,1.16486857227598,0.0223834946057169,0.0190894936073453,4
18.7777777777778,22.0000000000000,20.7777777777778,0.530137017956992,0,1.99889241092944,0.00849228858488118,0.0204718936343435,4
19.6666666666667,22.5555555555556,20.8888888888889,0.192629801152316,1.29723793303011e-29,0.307335112890667,0.00301922292663049,0.00167123847263111,4
21.3333333333333,22.9444444444444,22.4444444444444,0.0469742310642909,0,0.0698568939309682,0.000486597708819927,3.22314668873431e-05,4
23.1666666666667,25.2777777777778,24.2222222222222,0.0923595138987747,0,0.116658324991659,0.000648796945093232,0.000119881364980699,4
21.6666666666667,23.0555555555556,22.1666666666667,0.112305575698349,0,0.118938382827272,0.000764653542431364,9.50815731451639e-05,4
20.8333333333333,23.3888888888889,21.3888888888889,0.281589832411955,0,0.143184851518185,0.000792459125792454,0.000139592804307836,4
20.8888888888889,22.8888888888889,21.4722222222222,0.239600247719292,5.18895173212043e-29,0.0987005524042562,0.000954658362065868,0.000106584630461266,4
21.8333333333333,23.7222222222222,22.3888888888889,0.247003975668494,0,0.0710664368071772,0.00111222333444541,4.78545154297416e-05,4
21,23.6666666666667,21.6111111111111,0.167102254584153,0,0.180277499721944,0.000980146813480145,0.000287664292359045,4
21.5555555555556,24.7222222222222,22.1111111111111,0.186363538626711,5.19295864465489e-29,0.269097801505208,0.000954658362065824,0.000593626535963883,4
20.7222222222222,21.2222222222222,21.0555555555556,0.00824901473315618,0,0.00563394081912577,0.000625625625625661,5.02842682459708e-07,4
20.8333333333333,21.6666666666667,21.1666666666667,0.0336742871922480,0,0.00179061336468731,0.000162199236273309,9.85767105255027e-08,4
20.4444444444444,21.3888888888889,20.8888888888889,0.0299956940144018,0,0.0352528454380305,0.000236347458569664,6.83409362147058e-06,4
20.5000000000000,22.5555555555556,21.6111111111111,0.0935467029830120,0.000236347458569664,0.202698068438811,0.00268323879434993,0.000456017432376076,4
20.3333333333333,21.3888888888889,20.7777777777778,0.0727174630855498,0,0.000792459125792606,4.17083750417000e-05,8.93170031385557e-08,4
19.6666666666667,21.0555555555556,20.3888888888889,0.0635443976835046,0,0.0178558187817450,0.000718310903496057,2.43848433124431e-06,4
20.6111111111111,22.1666666666667,20.9444444444444,0.128966029610648,5.18895173212043e-29,0.0952248544841130,0.00197651355058751,0.000131857592115815,4
20.4444444444444,21.4444444444444,20.7777777777778,0.0537039014243800,0,0.0345438030623214,0.00138962899039143,1.22545112769389e-05,4
19.0555555555556,20.0555555555556,19.3888888888889,0.0391108797779202,8.34167500834002e-05,0.0222421346077258,0.00230554628702790,1.22300669403407e-05,4
19.2222222222222,21.8333333333333,20.2222222222222,0.240501854002064,1.16751413972710e-28,0.0570060801542282,0.00260849473812435,5.69374722351156e-05,4
18.5000000000000,20,19.3333333333333,0.0815097926107827,0,0.0791346902458011,0.00138332777221663,5.13655478589721e-05,4
18.1111111111111,23.2222222222222,21.8333333333333,0.784690200740859,0,0.102630408185964,0.00213407852296745,0.000271737073232010,4
18.1111111111111,19.5000000000000,18.8333333333333,0.0668082717433427,0,0.0238942646350055,0.000625625625625661,4.48925788638191e-06,4
15.2222222222222,16.5555555555556,16,0.0885086720288515,0,0.0461850739628517,0.00217568759235426,3.68669783414503e-05,4
22.3888888888889,23.0555555555556,22.7222222222222,0.00882845988939493,0,0.0152753282382910,0.000673623358808582,2.40745130706513e-06,4
19.4444444444444,20.3888888888889,20,0.0324123504243085,0,0.0606393430467508,0.0280693519940834,6.61986216252669e-05,4
20.0555555555556,23.5555555555556,21.3888888888889,0.537173572432003,0,0.214285714285715,0.00168922229107418,0.000307750291658511,4
19.7222222222222,22.3888888888889,21.4444444444444,0.179292552949598,1.34632261157719e-29,0.0601851851851857,0.00104734363993623,4.01901219216984e-05,4
20.1666666666667,24.0555555555556,21,0.783506178276824,0,0.464223482742003,0.00174480035591141,0.00533046205453034,4
18.5555555555556,20.9444444444444,19.4444444444444,0.162175302487919,0,0.0744865235605977,0.00175387027238871,6.91165497767057e-05,4
21.2777777777778,23.6666666666667,22.4722222222222,0.312600327796165,0.000305861416972585,0.356055129203278,0.00640686983279570,0.00135862657915210,4
27.0555555555556,31.6111111111111,29.2777777777778,0.964574371025814,0.000722945167389652,0.760043111894963,0.0264129870611353,0.00855500078795366,4
17.5555555555556,20.7777777777778,19.3888888888889,0.229658728552250,5.18895173212043e-29,0.200645089533979,0.0206780854929002,0.000459261734526861,4
21.8888888888889,22.3333333333333,22.1111111111111,0.0112774776130765,0,0.00130686241797354,0.000778556334111834,2.52268208751827e-08,4
22.3333333333333,23.7777777777778,22.8888888888889,0.0701915814490555,1.16841569504735e-28,0.0189958476995510,0.000789832393862839,8.89343263319992e-06,4
20.5555555555556,21.5000000000000,21,0.0442469706155351,0,0.00302617432247051,0.000305861416972546,1.88439872758996e-07,4
19.6666666666667,20.4444444444444,20.1666666666667,0.0309436705595422,0,0.00312349386423451,0.000430986542097567,2.43871775004998e-07,4
20.3888888888889,21.3333333333333,20.8333333333333,0.0434286556468519,0,0.0284868201534869,0.00184443702962222,1.66975522898738e-05,4
19.5555555555556,21.5000000000000,19.7500000000000,0.0892224302487486,0,0.286286286286287,0.00119241946583997,0.000641448158545338,4
19.8333333333333,22.0000000000000,20.5555555555556,0.256141800400053,0,0.118400808215623,0.00122344566789021,0.000118582692710372,4
20.1111111111111,21.7777777777778,21.1666666666667,0.0462497734790409,0,0.0200339228117005,0.000662699736773764,8.62175528962628e-06,4
18.7777777777778,22.2222222222222,20.1666666666667,0.459040691622968,0,0.505232083935788,0.00372008913675586,0.00209228983347962,4
18.5000000000000,21.5555555555556,19.8333333333333,0.386869536973955,0,0.457466725985245,0.00306324843361878,0.00135698969474929,4
21.5555555555556,22.6666666666667,22.0000000000000,0.0394040376930876,0,0.0756080154228309,0.000604771438104726,5.02881235045402e-05,4
20.8888888888889,21.6111111111111,21.2777777777778,0.0169155959967153,0,0.0156128350572796,0.000625625625625661,1.48328895183467e-06,4
19.8333333333333,21.5555555555556,20.2777777777778,0.141782174434902,0,0.0853260668075472,0.00341776962147324,4.99858284702612e-05,4
19.7222222222222,22.4444444444444,20.9444444444444,0.428332137646752,0,0.0301587301587299,0.00124661698735780,1.74075423518736e-05,4
19.6666666666667,21.6111111111111,21.0555555555556,0.0726008097120717,0,0.0361101842583323,0.000539891743595450,1.16617265543111e-05,4
15.9444444444444,22.5555555555556,20.9444444444444,0.537889501355685,0,2.77629944759574,0.00140987548394963,0.0618761211910973,4
18.8888888888889,23.8333333333333,21.3333333333333,0.555594479884939,0,2.69663645126608,0.00368268400675806,0.0586308466249110,4
20.3888888888889,23.5555555555556,21.9166666666667,0.349988358543109,0,2.15707374040707,0.00165443220998788,0.0258790374635143,4
18.9444444444444,21.6111111111111,21.0555555555556,0.0784639212326411,0,1.26551048402900,0.000705467372133989,0.00770633967322562,4
20.8888888888889,23.1666666666667,21.6666666666667,0.183485704520326,0,0.0846216586957327,0.00122344566789018,6.91420947618252e-05,4
17.3888888888889,20.6666666666667,19.2777777777778,0.244631435345757,0,0.227394060727395,0.00378877554803487,0.000507230282121924,4
22.1111111111111,23.3333333333333,22.7222222222222,0.0857576631467032,0,0.00696529863196524,0.000583917250584026,1.14363846356569e-06,4
20.6111111111111,21.6666666666667,20.8888888888889,0.0452599629079099,0,0.240156823490158,0.00172394616839067,0.000466511740066234,4
19.8333333333333,21.9444444444444,20.8888888888889,0.206229197347354,0,0.146737213403881,0.00147601305008724,0.000206332108192936,4
20.3888888888889,21.4444444444444,21,0.0773718178106260,0,0.0166555444333221,0.000789513058031571,3.52019960146685e-06,4
21.1111111111111,23.2777777777778,22.0000000000000,0.175512166756128,0,0.0510093426760097,0.000792459125792504,4.36910923375482e-05,4
20.6111111111111,22.5555555555556,21.7222222222222,0.173560072211441,1.89326617253043e-29,0.0569041263485711,0.00120941046866972,4.08776171312509e-05,4
21.7222222222222,21.8333333333333,21.7777777777778,0.000644180287098886,2.07558069284817e-28,0.00140113658632186,0.000537574611648785,6.92814806533271e-08,4
21.8333333333333,22.6111111111111,22.2777777777778,0.0328787085241990,0,0.00535257479701899,0.000305861416972507,3.92634143149972e-07,4
21.4444444444444,22.0000000000000,21.6666666666667,0.0102861191096483,0,0.0202331961591225,0.000440917107583799,2.18799321106234e-06,4
20.2222222222222,22.4444444444444,21.3888888888889,0.248404577448695,0,0.140612835057279,0.00202576915539877,0.000224525225343773,4
21.1666666666667,24.2222222222222,22.8888888888889,0.646987503237504,0,0.122111992945325,0.00380936492047578,0.000406667716547351,4
21.3333333333333,23.6666666666667,22.3333333333333,0.186086353733412,0,0.0477954144620811,0.000792459125792504,4.72104890483321e-05,4
21.4444444444444,22.9444444444444,22.3888888888889,0.0945820065918109,0,0.0114188262336411,0.000722945167389653,2.77220012195908e-06,4
22.6666666666667,23.7777777777778,23.2222222222222,0.0821213009938495,0,0.00477792607422227,8.34167500834108e-05,3.67674220178060e-07,4
21,22.9444444444444,21.9444444444444,0.178410106596381,0,0.0170448226003781,0.000722945167389652,3.57891914082779e-06,4
22.6111111111111,25.5000000000000,23.4444444444444,0.262221638202031,0,0.0478369125427953,0.000722945167389559,3.25257302634545e-05,4
19.2777777777778,22.1111111111111,20.2222222222222,0.371763988553205,0,0.0619047619047624,0.000792459125792605,7.79120375368099e-05,4
21.2777777777778,23.2222222222222,22.2777777777778,0.245717735423618,0,0.0296870945019093,0.000970351664796121,1.32860731410565e-05,4
21.2777777777778,23.8333333333333,22.1666666666667,0.203278543352073,0,0.0483168353538722,0.000787824861898880,3.73692985430512e-05,4
18.9444444444444,21.3888888888889,19.7777777777778,0.275668512678317,0,0.0941265339413479,0.00117710302895495,0.000157865168388679,4
20.1666666666667,23.4444444444444,21.0555555555556,0.454462295148569,0,0.268115337559781,0.00185185185185196,0.000554867740310284,4
21.3333333333333,24.7777777777778,22.0555555555556,1.04178426421074,0.00137909073094270,0.299076854632410,0.00539878502841470,0.000741485766495394,4
20.9444444444444,23.3333333333333,22.5000000000000,0.333831972312365,0,0.0271567864160458,0.000778556334111735,1.83081699889766e-05,4
20.8333333333333,22.1666666666667,21.4444444444444,0.0641321777351190,0,0.0453924162257492,0.000162199236273320,1.43994791615891e-05,4
19,20.6666666666667,19.8333333333333,0.0991976070407441,0,0.0777444110777447,0.000793650793650940,3.56828367477990e-05,4
18.5555555555556,21.2777777777778,20.0555555555556,0.478369415624317,0,0.123294590887183,0.000787824861898779,0.000150388832396149,4
18.6111111111111,21,19.6666666666667,0.317120710625613,0,0.0363585145992552,0.000778556334111835,1.41051118124686e-05,4
21.5555555555556,22.6666666666667,22.1666666666667,0.0483970232744742,0,0.0295712379045718,0.00187778815229810,1.65904280024785e-05,4
21,22.6666666666667,21.6111111111111,0.122168835159031,0,0.0196956215474735,0.000764653542431266,4.56259496348176e-06,4
21.2222222222222,22.8888888888889,21.8333333333333,0.134578978574077,0,0.0305490675861047,0.000662699736773933,1.43991226304956e-05,4
20.3888888888889,21.7222222222222,21.2222222222222,0.0731967741771666,0,0.0355726096466836,0.00172394616839036,3.10193013646407e-05,4
19.7222222222222,23.0000000000000,20.7777777777778,0.356440438994274,0,2.60947985022059,0.00144357320283242,0.0499999591043321,4
20.5000000000000,24.0277777777778,21.8888888888889,0.315941822668280,0,0.180828977125273,0.00527342819009488,0.000717126710392663,4
21.6666666666667,24.4444444444444,21.9444444444444,0.267255083398581,1.40241938705958e-29,0.304809439068699,0.00168887941219086,0.000967961273016846,4
20.8888888888889,24.1666666666667,22.0000000000000,0.573686541549023,0,0.0882178474771066,0.00264381444936984,0.000138640277518759,4
21.8888888888889,27.7222222222222,22.2222222222222,1.75556718091343,0,0.222653208764320,0.00263689615541476,0.00136398237770890,4
21.8333333333333,23.6111111111111,22.5000000000000,0.148819842357305,8.57338820301942e-05,0.349755046051342,0.00523711542230072,0.00117580281457850,4
21.6111111111111,22.2777777777778,22.0000000000000,0.0166485134370972,1.16751413972710e-28,0.0397017387758126,0.00124436605918085,1.78536422433086e-05,4
21.2777777777778,21.8888888888889,21.6111111111111,0.0156277804470068,0.000385802469135874,0.0713305898491086,0.0194464093156901,0.000390047086731206,4
22.5000000000000,23.5555555555556,23.0555555555556,0.0171654757703198,0,0.0552598817304705,0.000750287324361442,3.85779934406614e-05,4
20.9444444444444,21.6666666666667,21.4444444444444,0.0102555243156887,0,0.0422939068100363,0.00202209484616879,3.13572740888351e-05,4
20.9444444444444,23.3888888888889,21.8333333333333,0.419133834530532,0,0.0767195767195763,0.000960297365526118,3.99923377031160e-05,4
20.8888888888889,22.3888888888889,21.0555555555556,0.0907116356393501,0,0.0723964705446184,0.000662699736773848,3.27633847112577e-05,4
22.6666666666667,23.3333333333333,22.9444444444444,0.0159470993388222,0,0.0536601416231044,0.00157173980703404,8.02207589561073e-05,4
20.2777777777778,22.2222222222222,21.8888888888889,0.0410071291897011,1.44248851240414e-29,0.0871154223006082,0.00112433862433861,6.01091509945970e-05,4
21.3333333333333,22.3888888888889,21.5000000000000,0.0490648182749265,0,0.0588829570311055,0.00113539465391324,4.34986820811179e-05,4
21.6111111111111,22.1111111111111,21.8333333333333,0.0111510599558291,0,0.0296731917102281,0.00253340019135233,2.57148096497749e-05,4
21.8888888888889,22.6666666666667,22.1666666666667,0.0352611191929438,0,0.0347050754458165,0.000583917250583950,1.11143594610920e-05,4
21,22.1111111111111,21.5000000000000,0.0234283554187329,0,0.145235645698608,0.000739264396671799,0.000187178596481640,4
20.8333333333333,21.8888888888889,21.0555555555556,0.0468358265910586,0,0.0463844797178131,0.00358321284247216,8.60459343003259e-05,4
22.7222222222222,23.6388888888889,23.2222222222222,0.0181264271588838,0,0.0969395165473596,0.00112433862433862,0.000126595043687783,4
21.2222222222222,23.7222222222222,23.4444444444444,0.110692187152015,0,0.224603174603174,0.000783852635704332,0.000787204141071718,4
20.8333333333333,22.1111111111111,21.8333333333333,0.0178611869132047,0,0.156100544989434,0.00155545757397614,0.000205074605417811,4
21.1111111111111,21.8333333333333,21.6111111111111,0.0147172783157713,0,0.299713403880072,0.000917584250917520,0.000430924939093738,4
21.1666666666667,22.4444444444444,21.6111111111111,0.0305946976100204,0,0.0837938467568094,0.00339996080736841,0.000107883817687043,4
21.2777777777778,22.0555555555556,21.5000000000000,0.0193889680450573,0,0.0489976012851827,0.00351696234049195,4.68756289660900e-05,4
21.3888888888889,22.2777777777778,21.7222222222222,0.0259257582221792,1.40241938705958e-29,0.0418456271397447,0.00278555866791148,5.30464510237106e-05,4
22.7222222222222,23.1666666666667,22.8888888888889,0.00930645109356281,0,0.0290071584189227,0.00304722712130121,4.43715394775902e-05,4
19.5555555555556,22.6666666666667,21.5555555555556,0.606624767562608,0,0.144319007064105,0.000789141414141257,0.000265109895157235,4
21.7777777777778,23.6111111111111,22.2777777777778,0.153598452832315,0,0.0529957867920832,0.00196698020772099,5.42537927749352e-05,4
22.0555555555556,23.5000000000000,22.8333333333333,0.153123180414349,5.20648197445868e-29,0.0140834111422347,0.00123456790123456,3.78226612457668e-06,4
21.2777777777778,22.0277777777778,21.7222222222222,0.0204269871552345,1.38839519318898e-29,0.0576363400437476,0.00185185185185194,4.51662371880422e-05,4
21.4444444444444,22.4444444444444,21.6111111111111,0.0311635487186091,0,0.00923608793979163,0.000715841892312521,1.08540681682400e-06,4
21.3888888888889,22.0555555555556,21.6111111111111,0.0184315808962625,0,0.0505602240896360,0.000793650793650839,3.41185866243912e-05,4
22.9444444444444,23.6111111111111,23.1666666666667,0.0176875464539378,1.16841569504735e-28,0.0388422035480856,0.00564916768620486,7.63888927372742e-05,4
21.3888888888889,22.5000000000000,21.7222222222222,0.0616111701428298,0,0.186487413339264,0.000792459125792606,0.000335605259182041,4
22.1111111111111,23.2777777777778,22.6111111111111,0.0324668416152151,0,0.0538188320595729,0.000707304526748921,3.75375898615187e-05,4
21.7777777777778,22.3333333333333,22.0000000000000,0.00797424607103662,0,0.0214065255731923,0.000648407511152563,3.01942337553370e-06,4
21.0555555555556,23.4444444444444,22.9444444444444,0.0457788631564259,0,0.340294636373067,0.000684718331777282,0.000776875204398743,4
21.7777777777778,24.0555555555556,22.3333333333333,0.341766752262659,0,0.0363585145992558,0.00373482726423906,2.68992905471606e-05,4
21.8888888888889,24,22.5000000000000,0.344163238802086,0,0.0441274607941275,0.00306437389770698,3.04112763678616e-05,4
21.7222222222222,24,22.1666666666667,0.434771963153475,0,0.0333333333333332,0.00230786341897446,3.55038400083025e-05,4
21.9444444444444,23.3333333333333,22.1666666666667,0.119722631419364,0,0.0341823304786264,0.00251177103028943,2.54060209467047e-05,4
21.3888888888889,22.3333333333333,21.5000000000000,0.0582413981394276,0,0.0395684199605769,0.000769287806324887,1.79503192753410e-05,4
21.5555555555556,23.0555555555556,22.0000000000000,0.102424794931859,0,0.0421810699588475,0.000648407511152480,4.40764169712005e-05,4
21.0555555555556,22.1111111111111,21.4444444444444,0.0421784985013994,0,0.0317586104623147,0.000625625625625661,1.51348928275065e-05,4
21.1666666666667,21.8888888888889,21.6111111111111,0.0216835913287770,0,0.0181339408191259,0.000625625625625502,2.09866178741524e-06,4
17.7777777777778,22.2777777777778,21.8333333333333,0.147535761146932,0,2.05671875579283,0.000648407511152729,0.0206399814268157,4
19.0555555555556,21.3888888888889,20.5555555555556,0.179337939085074,0,0.163445853260668,0.00349549284734459,0.000285965680022500,4
21.1666666666667,26.8888888888889,22.4444444444444,1.41116091178373,0,3.80431118949637,0.00322081340599852,0.127781971786106,4
22.5000000000000,24.3333333333333,23.5555555555556,0.215581768864031,0,0.0595238095238099,0.000793650793650737,5.72114047950896e-05,4
21.3888888888889,22.6666666666667,21.9444444444444,0.0575000760601160,0,0.0275622183029589,0.00122807993178367,2.06211454488806e-05,4
21,22.2222222222222,21.6111111111111,0.0574306244460704,0,0.0297996302898268,0.000762527233115512,2.44593242393091e-05,4
19.1666666666667,22.0555555555556,21.1111111111111,0.418702209932903,0,0.0415319419949052,0.00151467994605256,4.14595759967539e-05,4
21.6111111111111,22.8333333333333,22.0555555555556,0.0598738062925905,0,0.0128971564156747,0.000695139584028425,4.22508991423867e-06,4
20.6111111111111,23.3333333333333,22.1111111111111,0.158826115602398,0,0.0885021236328434,0.00149031760254883,0.000123671809760077,4
21.3333333333333,23.2777777777778,22.3055555555556,0.225565812449220,0,0.120782819856895,0.00419130615209034,0.000310434624344013,4
20.6666666666667,23.5555555555556,21.7777777777778,0.475976724108263,0,0.0626984126984127,0.00154045905679875,7.60525326175110e-05,4
20.6666666666667,24.2222222222222,21.3333333333333,0.717286668831263,0,0.0602567453205889,0.00165443220998786,7.66673037060055e-05,4
20.8333333333333,21.4444444444444,21.1666666666667,0.0186450775638620,0,0.0141197219628592,0.000595238095238129,5.13721234745515e-06,4
18.5555555555556,21.1666666666667,20.2222222222222,0.466046826597399,0,0.0522281540800056,0.00146799460524959,5.14484724439161e-05,4
21.7222222222222,23.3888888888889,22.7777777777778,0.143297757149276,0,0.0236274784885898,0.000771604938271551,1.24370268496267e-05,4
19.7777777777778,22.7222222222222,20.4444444444444,0.237237424270309,0,0.268165784832451,0.00208527855586676,0.00112334461557405,4
20.8333333333333,24.1666666666667,21.5555555555556,0.273171994864820,0,0.133560551044211,0.00186297408519635,0.000335747168584899,4
21,23.7777777777778,23.2500000000000,0.125829709879286,0,1.24724806908715,0.00197883068253449,0.0146785765914287,4
21.2777777777778,22.3611111111111,21.7777777777778,0.0519625255549518,0,0.202944477454282,0.000993045927686441,0.000461884667030620,4
20.0555555555556,22.1944444444444,21.7777777777778,0.237706191492938,0,0.876909316724131,0.00183110281149494,0.0154678266911374,4
22.0555555555556,23.1111111111111,22.6666666666667,0.0473016614023090,0,0.295378712045379,0.00452304156007848,0.00155606737613329,4
21.2222222222222,22.8333333333333,21.7500000000000,0.190275695476243,0,0.132129888992635,0.00117710302895491,0.000257855347782763,4
21.8888888888889,25.8333333333333,23.3055555555556,1.42785984788974,0.000771604938271550,0.511490789731530,0.00824798915076714,0.00828375813235068,4
20.3888888888889,22.8888888888889,21.7222222222222,0.170488718663856,0,2.95260400456479,0.00378943758573413,0.0410622167640083,4
20.5000000000000,22.4444444444444,21.3333333333333,0.160765648558374,0,0.0559082892416223,0.000770229528399408,6.17597020424513e-05,4
20.3888888888889,22.3888888888889,21.2222222222222,0.205565742623541,0,0.114446519348480,0.000741778192758722,7.41746024697041e-05,4
20.0555555555556,22.3333333333333,20.8333333333333,0.140561713936738,0,0.0856001659923235,0.00210076665346269,0.000116672125858623,4
20.1666666666667,23.4444444444444,21.2777777777778,0.373530688226130,1.29823966116372e-29,0.560519763460939,0.00320119677758561,0.00336027684096321,4
21.4444444444444,22.9444444444444,22.1111111111111,0.157706286256361,0,0.00853174603174596,0.000771604938271648,2.50747261608285e-06,4
20.9444444444444,23.2222222222222,22.2222222222222,0.233020227195886,0,0.0392195767195759,0.000792459125792606,1.92108392387996e-05,4
19.7777777777778,22.6666666666667,21.5000000000000,0.555076808921751,1.30162049361467e-29,0.0469993141289437,0.00152346159290601,5.20174278920350e-05,4
19.8333333333333,22.3888888888889,20.7222222222222,0.273589065255732,0,0.0362445779112445,0.000791830189978333,4.07040478573153e-05,4
20.6666666666667,24.2500000000000,22.9583333333333,0.237065221501531,0,0.466627474034881,0.000878302049326040,0.00185818145025045,4
22.8333333333333,25.7777777777778,24.2222222222222,0.371503417972612,0,0.0457671957671955,0.00122873028646451,4.47589987196049e-05,4
21.7222222222222,23.6111111111111,22.5000000000000,0.192335614412058,0,0.179442888266418,0.00124822866857191,0.000319449100184653,4
21,24.7222222222222,22.1666666666667,0.892635185951352,5.20170099927552e-29,0.185506687242800,0.00233000858000841,0.000588217653193055,4
21.7777777777778,25.2222222222222,23.1111111111111,0.628547093481348,0,0.0962644522829707,0.00142738562877457,0.000158150838115067,4
21.6666666666667,24.5555555555556,22.5000000000000,0.446223667931091,0,0.354994611013130,0.00165992322855059,0.00108023958606778,4
20.8888888888889,26.5833333333333,23.9444444444444,1.16519523866368,0,0.311130707427003,0.00310976242348777,0.00140162548955445,4
22.0000000000000,25.3333333333333,23.0555555555556,0.377245597131271,0,0.143915343915345,0.000943072702331946,0.000329527349602779,4
22.5555555555556,25.7222222222222,24.1111111111111,0.582355465567933,1.16751413972710e-28,0.0596609837350579,0.00333504801097406,4.65416976193677e-05,4
19.7222222222222,23.7222222222222,20.4444444444444,0.743615599370456,0,0.371144292440590,0.00149421908681178,0.00181029299986067,4
20.9444444444444,23.2777777777778,22.3333333333333,0.325731405853323,1.16751413972710e-28,0.0169382345308273,0.000792459125792403,4.81571463993065e-06,4
20.8333333333333,22.6111111111111,21.8333333333333,0.161832334349618,0,0.0248725682753459,0.00104617113399791,9.49807570458670e-06,4
20.6666666666667,22.3333333333333,21.7222222222222,0.156806089401381,1.32228113637046e-29,0.0940696649029989,0.000787824861898880,5.37770630057841e-05,4
23.3888888888889,25.2222222222222,24.1666666666667,0.182977618390198,5.20648197445868e-29,0.0492920830883796,0.000783918131412679,4.04622081272347e-05,4
20.6111111111111,22.8333333333333,22.1666666666667,0.343820376203131,0,0.0521060275962237,0.000792347606073040,5.95331231507211e-05,4
21.6111111111111,24.8888888888889,23.1666666666667,0.505099818665425,0,0.166434953471990,0.00137647550501570,0.000521884505461933,4
22.0555555555556,23.7777777777778,23.1388888888889,0.190614208776227,0,0.169488536155203,0.000941865457115990,0.000346062897080754,4
21.3888888888889,26.4166666666667,22.6111111111111,1.34472575153629,0,5.97231040564374,0.00197346592022525,0.374519213236296,4
21.2222222222222,23.2222222222222,21.8333333333333,0.110823782806803,0,0.0623123123123125,0.000722945167389468,7.84829819758428e-05,4
19.6111111111111,24.4444444444444,21.8333333333333,0.851925997105370,0,1.63424756827535,0.00186359523233161,0.0515539838754757,4
21.6111111111111,23.7777777777778,22.1944444444444,0.162554509118878,0,0.0773939205311754,0.000832555244320035,9.44310830552543e-05,4
21.3333333333333,22.7222222222222,21.7222222222222,0.119883220607833,0,0.0373176206509541,0.000743947339807996,2.25375464898075e-05,4
21.3333333333333,24.4166666666667,22.8333333333333,0.440382026004224,0,0.171598886468167,0.00128362489473596,0.000232923256093439,4
-17.7222222222222,-17.7222222222222,-17.7222222222222,6.27981825842401e-28,0,1.51461293802434e-29,0,1.58282387046668e-59,4
17.3888888888889,22.6111111111111,21.6388888888889,0.722261133033392,0,3.11247017325449,0.000790688750247568,0.0478296766500510,4
22.0000000000000,23.7222222222222,22.5555555555556,0.133537439769339,0,0.0570546737213405,0.000739155089645280,3.92791469153552e-05,4
22.8888888888889,23.5000000000000,23.2222222222222,0.0243953794408062,0,0.0118312757201643,0.000643488557619681,2.19162008679482e-06,4
20.8333333333333,22.5555555555556,21.5555555555556,0.0888586376254537,0,0.0331627924220517,0.000723893085004137,1.57098440453536e-05,4
20.6666666666667,22.1666666666667,21.6666666666667,0.101975427274381,0,0.0119929453262787,0.000684718331777238,2.89954451066559e-06,4
21.3333333333333,23.1111111111111,22.0000000000000,0.166639418285999,0,0.0541715657456401,0.000710654632223255,4.97903546331008e-05,4
17.7222222222222,22.7777777777778,22.0555555555556,0.521395107204151,0,0.486260454002388,0.00183110281149511,0.00290128112811140,4
22.2222222222222,24.4444444444444,22.7777777777778,0.161655868646246,0,0.282678091397849,0.000781204484908183,0.000751081413899677,4
22.2777777777778,24.5833333333333,23.0555555555556,0.177345544933013,0,0.135829414070155,0.000668161547791088,0.000226081399135252,4
20.7222222222222,23.6111111111111,22.2777777777778,0.547740645834816,0,0.0574637468155983,0.00221912558513879,4.62059885886176e-05,4
22.3888888888889,23.5555555555556,22.6111111111111,0.0387510281475153,0,0.0170865309754201,0.000724580789940308,5.48926982139927e-06,4
21.2222222222222,24.2777777777778,21.8888888888889,0.224757480143901,0,0.165100114119722,0.000790171334152911,0.000283552013388491,4
21.1666666666667,22.2222222222222,21.5000000000000,0.0308468351839987,0,0.00827367984230714,0.000700303478081206,1.48539606769621e-06,4
20.8333333333333,22.6666666666667,21.5000000000000,0.221781536818556,0.000242504409171059,0.0733094205316436,0.00297671935403404,3.78857059649104e-05,4
22.8333333333333,23.8333333333333,23.2222222222222,0.0393906545345259,0,0.0234723519037240,0.000778089013383175,8.54314826669525e-06,4
23.8888888888889,25,24.6111111111111,0.0758595999072689,2.07888050317067e-28,0.222387271406879,0.00137369060980159,0.000868787654869981,4
21,24.9444444444444,23.0833333333333,1.19481107727616,8.81834215167712e-05,0.0339470696750393,0.00476132512488730,4.37080322010299e-05,4
51.7000000000000,99.4400000000000,89.2700000000000,227.451313518100,0.000408408408408391,150.192647983871,0.108471921921923,743.381131847062,12
0.100000000000000,0.100000000000000,0.100000000000000,4.35277440345815e-32,0,8.15687976446359e-34,2.13992216043026e-34,1.13620585108699e-68,12
53.3300000000000,63.8900000000000,55.6250000000000,3.72799314341768,0.0616956327985746,12.9058866935484,1.72131911128088,3.50077739466608,12
0.100000000000000,0.100000000000000,0.100000000000000,3.09705098127725e-33,0,2.88889491658085e-34,0,1.66688386014626e-68,12
0.100000000000000,0.100000000000000,0.100000000000000,4.35277440345815e-32,0,8.15687976446359e-34,2.13992216043026e-34,1.09940599228840e-68,12
1,1,1,0,0,0,0,0,13
1,1,1,0,0,0,0,0,13
1,1,1,0,0,0,0,0,13
1,1,1,0,0,0,0,0,13
1,1,1,0,0,0,0,0,13
1,1,1,0,0,0,0,0,13
1,1,1,0,0,0,0,0,13
1,1,1,0,0,0,0,0,13
1,1,1,0,0,0,0,0,13
1,1,1,0,0,0,0,0,13
1,1,1,0,0,0,0,0,13
1,1,1,0,0,0,0,0,13
1,1,1,0,0,0,0,0,13
1,1,1,0,0,0,0,0,13
1,1,1,0,0,0,0,0,13
1,1,1,0,0,0,0,0,13
1,1,1,0,0,0,0,0,13
1,1,1,0,0,0,0,0,13
1,1,1,0,0,0,0,0,13
1,1,1,0,0,0,0,0,13
1,1,1,0,0,0,0,0,13
1,1,1,0,0,0,0,0,13
1,1,1,0,0,0,0,0,13
1,1,1,0,0,0,0,0,13
1,1,1,0,0,0,0,0,13
1,1,1,0,0,0,0,0,13
1,1,1,0,0,0,0,0,13
1,1,1,0,0,0,0,0,13
1,1,1,0,0,0,0,0,13
1,1,1,0,0,0,0,0,13
1,1,1,0,0,0,0,0,13
1,1,1,0,0,0,0,0,13
1,1,1,0,0,0,0,0,13
1,1,1,0,0,0,0,0,13
1,1,1,0,0,0,0,0,13
1,1,1,0,0,0,0,0,13
1,1,1,0,0,0,0,0,13
1,1,1,0,0,0,0,0,13
1,1,1,0,0,0,0,0,13
1,1,1,0,0,0,0,0,13
1,1,1,0,0,0,0,0,13
51.2000000000000,77.7000000000000,59.2500000000000,51.3540486366912,8.30232277139269e-28,1.82213213213213,0.103108108108110,0.152028184464898,6
75,75,75,0,0,0,0,0,6
75,75,75,0,0,0,0,0,6
75,75,75,0,0,0,0,0,6
75,75,75,0,0,0,0,0,6
75,75,75,0,0,0,0,0,6
75,75,75,0,0,0,0,0,6
75,75,75,0,0,0,0,0,6
72,72,72,0,0,0,0,0,6
72,72,72,0,0,0,0,0,6
72,72,72,0,0,0,0,0,6
75,75,75,0,0,0,0,0,6
75,75,75,0,0,0,0,0,6
75,75,75,0,0,0,0,0,6
75,75,75,0,0,0,0,0,6
72,72,72,0,0,0,0,0,6
72,72,72,0,0,0,0,0,6
72,72,72,0,0,0,0,0,6
72,72,72,0,0,0,0,0,6
72,72,72,0,0,0,0,0,6
73,73,73,0,0,0,0,0,6
71,71,71,0,0,0,0,0,6
74,74,74,0,0,0,0,0,6
72.5000000000000,72.5000000000000,72.5000000000000,0,0,0,0,0,6
68,68,68,0,0,0,0,0,6
70,70,70,0,0,0,0,0,6
70,70,70,0,0,0,0,0,6
68,68,68,0,0,0,0,0,6
70,70,70,0,0,0,0,0,6
70,70,70,0,0,0,0,0,6
70,70,70,0,0,0,0,0,6
70,70,70,0,0,0,0,0,6
70,70,70,0,0,0,0,0,6
70,70,70,0,0,0,0,0,6
70,70,70,0,0,0,0,0,6
70,70,70,0,0,0,0,0,6
71,71,71,0,0,0,0,0,6
68,68,68,0,0,0,0,0,6
68,68,68,0,0,0,0,0,6
72,72,72,0,0,0,0,0,6
72,72,72,0,0,0,0,0,6
70,70,70,0,0,0,0,0,6
75,75,75,0,0,0,0,0,6
71,71,71,0,0,0,0,0,6
71,71,71,0,0,0,0,0,6
70,70,70,0,0,0,0,0,6
71,71,71,0,0,0,0,0,6
70,70,70,0,0,0,0,0,6
74,74,74,0,0,0,0,0,6
71,71,71,0,0,0,0,0,6
72,72,72,0,0,0,0,0,6
72,72,72,0,0,0,0,0,6
72,72,72,0,0,0,0,0,6
72,72,72,0,0,0,0,0,6
71,71,71,0,0,0,0,0,6
75,75,75,0,0,0,0,0,6
75,75,75,0,0,0,0,0,6
72,72,72,0,0,0,0,0,6
72,72,72,0,0,0,0,0,6
72,72,72,0,0,0,0,0,6
72,72,72,0,0,0,0,0,6
72,72,72,0,0,0,0,0,6
71,71,71,0,0,0,0,0,6
72,72,72,0,0,0,0,0,6
71,71,71,0,0,0,0,0,6
71,71,71,0,0,0,0,0,6
72,72,72,0,0,0,0,0,6
71,71,71,0,0,0,0,0,6
75,75,75,0,0,0,0,0,6
75,75,75,0,0,0,0,0,6
73,73,73,0,0,0,0,0,6
71,71,71,0,0,0,0,0,6
72,72,72,0,0,0,0,0,6
75,75,75,0,0,0,0,0,6
75,75,75,0,0,0,0,0,6
71,71,71,0,0,0,0,0,6
75,75,75,0,0,0,0,0,6
71,71,71,0,0,0,0,0,6
69,69,69,0,0,0,0,0,6
72,72,72,0,0,0,0,0,6
72,72,72,0,0,0,0,0,6
69,69,69,0,0,0,0,0,6
72,72,72,0,0,0,0,0,6
68,68,68,0,0,0,0,0,6
75,75,75,0,0,0,0,0,6
75,75,75,0,0,0,0,0,6
71,71,71,0,0,0,0,0,6
73,73,73,0,0,0,0,0,6
72,72,72,0,0,0,0,0,6
72,72,72,0,0,0,0,0,6
75,75,75,0,0,0,0,0,6
74,74,74,0,0,0,0,0,6
75,75,75,0,0,0,0,0,6
74,74,74,0,0,0,0,0,6
72,72,72,0,0,0,0,0,6
0.700000000000000,1.33000000000000,1.25000000000000,0.0340953825586180,0,0.0568354354354354,0.00360855855855856,8.00821967160176e-05,6
0.700000000000000,1.56000000000000,1.35000000000000,0.0603071889013454,0.000213813813813814,0.0558149206349206,0.00237430501930501,7.22882054621290e-05,6
52,60,60,0.860880296174414,0,13.7417417417417,0,0.903744395000355,6
70,70,70,0,0,0,0,0,6
55,65,65,8.43780544322549,0,5.76428571428572,0.00189189189189168,0.538229115792521,6
75,75,75,0,0,0,0,0,6
75,75,75,0,0,0,0,0,6
75,75,75,0,0,0,0,0,6
75,75,75,0,0,0,0,0,6
72,72,72,0,0,0,0,0,6
72,72,72,0,0,0,0,0,6
75,75,75,0,0,0,0,0,6
73,73,73,0,0,0,0,0,6
72,72,72,0,0,0,0,0,6
72,72,72,0,0,0,0,0,6
72,72,72,0,0,0,0,0,6
75,75,75,0,0,0,0,0,6
72,72,72,0,0,0,0,0,6
72,72,72,0,0,0,0,0,6
71,71,71,0,0,0,0,0,6
75,75,75,0,0,0,0,0,6
72,72,72,0,0,0,0,0,6
72,72,72,0,0,0,0,0,6
72,72,72,0,0,0,0,0,6
73,73,73,0,0,0,0,0,6
71,71,71,0,0,0,0,0,6
71,71,71,0,0,0,0,0,6
75,75,75,0,0,0,0,0,6
75,75,75,0,0,0,0,0,6
73,73,73,0,0,0,0,0,6
72,72,72,0,0,0,0,0,6
72,72,72,0,0,0,0,0,6
72,72,72,0,0,0,0,0,6
72,72,72,0,0,0,0,0,6
72,72,72,0,0,0,0,0,6
71.8000000000000,71.8000000000000,71.8000000000000,7.32440393674513e-26,0,8.42915026378765e-28,2.07888050317067e-28,7.87816633053885e-56,6
72,72,72,0,0,0,0,0,6
72,72,72,0,0,0,0,0,6
72,72,72,0,0,0,0,0,6
72,72,72,0,0,0,0,0,6
72,72,72,0,0,0,0,0,6
75,75,75,0,0,0,0,0,6
72,72,72,0,0,0,0,0,6
74,74,74,0,0,0,0,0,6
73,73,73,0,0,0,0,0,6
74,74,74,0,0,0,0,0,6
72,72,72,0,0,0,0,0,6
73,73,73,0,0,0,0,0,6
72,72,72,0,0,0,0,0,6
73,73,73,0,0,0,0,0,6
72,72,72,0,0,0,0,0,6
73,73,73,0,0,0,0,0,6
72,72,72,0,0,0,0,0,6
72,72,72,0,0,0,0,0,6
73,73,73,0,0,0,0,0,6
75,75,75,0,0,0,0,0,6
75,75,75,0,0,0,0,0,6
75,75,75,0,0,0,0,0,6
75,75,75,0,0,0,0,0,6
75,75,75,0,0,0,0,0,6
75,75,75,0,0,0,0,0,6
72,72,72,0,0,0,0,0,6
72,72,72,0,0,0,0,0,6
72,72,72,0,0,0,0,0,6
72,72,72,0,0,0,0,0,6
72,72,72,0,0,0,0,0,6
72,72,72,0,0,0,0,0,6
72,72,72,0,0,0,0,0,6
70,70,70,0,0,0,0,0,6
70,70,70,0,0,0,0,0,6
71,71,71,0,0,0,0,0,6
65,65,65,0,0,0,0,0,6
75,75,75,0,0,0,0,0,6
69,69,69,0,0,0,0,0,6
71,71,71,0,0,0,0,0,6
75,75,75,0,0,0,0,0,6
72,72,72,0,0,0,0,0,6
72,72,72,0,0,0,0,0,6
74,74,74,0,0,0,0,0,6
72,72,72,0,0,0,0,0,6
73,73,73,0,0,0,0,0,6
72,72,72,0,0,0,0,0,6
65,65,65,0,0,0,0,0,6
71,71,71,0,0,0,0,0,6
69,69,69,0,0,0,0,0,6
70,70,70,0,0,0,0,0,6
72,72,72,0,0,0,0,0,6
75,75,75,0,0,0,0,0,6
73,73,73,0,0,0,0,0,6
70,70,70,0,0,0,0,0,6
73,73,73,0,0,0,0,0,6
70,70,70,0,0,0,0,0,6
72,72,72,0,0,0,0,0,6
72,72,72,0,0,0,0,0,6
74,74,74,0,0,0,0,0,6
72,72,72,0,0,0,0,0,6
72,72,72,0,0,0,0,0,6
72,72,72,0,0,0,0,0,6
72,72,72,0,0,0,0,0,6
73,73,73,0,0,0,0,0,6
74,74,74,0,0,0,0,0,6
72,72,72,0,0,0,0,0,6
72,72,72,0,0,0,0,0,6
74,74,74,0,0,0,0,0,6
73,73,73,0,0,0,0,0,6
75,75,75,0,0,0,0,0,6
75,75,75,0,0,0,0,0,6
73.3000000000000,73.3000000000000,73.3000000000000,8.94586095484584e-26,0,8.44511456352967e-28,2.07888050317067e-28,8.10861311340755e-56,6
72,72,72,0,0,0,0,0,6
72,72,72,0,0,0,0,0,6
72,72,72,0,0,0,0,0,6
72,72,72,0,0,0,0,0,6
75,75,75,0,0,0,0,0,6
72,72,72,0,0,0,0,0,6
73,73,73,0,0,0,0,0,6
72,72,72,0,0,0,0,0,6
75,75,75,0,0,0,0,0,6
72,72,72,0,0,0,0,0,6
72,72,72,0,0,0,0,0,6
72,72,72,0,0,0,0,0,6
72,72,72,0,0,0,0,0,6
74,74,74,0,0,0,0,0,6
75,75,75,0,0,0,0,0,6
75,75,75,0,0,0,0,0,6
74,74,74,0,0,0,0,0,6
71,71,71,0,0,0,0,0,6
72,72,72,0,0,0,0,0,6
57,65.4000000000000,61.2750000000000,8.62834956558296,0,1.38931451612903,0.0535275443510736,0.0452652764640407,6
0.160000000000000,1.05000000000000,0.795000000000000,0.114658507667360,1.11111111111111e-05,0.187093371212121,0.000656279602750192,0.000893220778323671,6
59,59,59,0,0,0,0,0,6
72,72,72,0,0,0,0,0,6
75,75,75,0,0,0,0,0,6
75,75,75,0,0,0,0,0,6
72,72,72,0,0,0,0,0,6