431,455,435.5,111.07,496,768,606,8751.7,461,545,496,1278.6,460.67,558.84,517.65,1473.3,82.262,8107.4,1980.7,8.3845e+06,-0.27884,0.79907,0.34369,0.1358,1.4194,2.8468,1.8967,0.34438,455,487,465.5,153.36,465.5,640,557,3708.9,10.5,153,85.5,2641.4,-0.050381,0.0013598,-0.026001,0.00032149,1098,1470,1418,23069,465.35,557.35,520.94,1311.7,19.538,20.852,20.055,0.19906,1
42.38,48.12,46.51,3.9948,45.34,52.3,50.385,5.0264,43.39,49.71,47.86,4.7358,43.569,49.717,48.027,4.4658,0.58167,2.8572,1.1893,0.68397,-0.03041,0.59569,0.39055,0.04177,1.4213,2.3796,2.0009,0.089564,42.65,48.9,47.065,4.515,44.273,51.22,48.77,4.7417,1.27,3.26,1.6863,0.50614,-0.00095009,0.00017256,-0.0004578,1.338e-07,519,701,664,3510.6,43.52,49.73,47.998,4.5406,38.191,43.791,42.504,3.1036,2
22.94,24.35,23.9,0.19648,24.9,25.65,25.345,0.063012,24.34,25.15,24.815,0.058984,24.156,25.136,24.804,0.081687,0.087134,0.385,0.19444,0.011484,-0.56304,0.02595,-0.3579,0.030632,1.654,2.5471,1.9355,0.070587,23.61,24.8,24.46,0.13014,24.69,25.56,25.165,0.0676,0.48,1.08,0.78,0.0456,-5.2939e-06,0.00030951,0.00014567,1.4743e-08,863,1199,1187,19775,24.164,25.133,24.808,0.080263,24.005,24.784,24.243,0.087965,4
443,467,447,93.861,486,1139,614,46356,472,567,483,1419.4,472.44,624.63,527.17,2950.4,71.027,31918,1331.9,1.0485e+08,0,1.766,0.40474,0.37958,1,5.0644,2.5686,1.6705,465,497,473,140.69,478,617,558,3219.9,13,144,64,2629.5,-19,-0.00059751,-0.040455,39.965,0,1432,1377,2.1374e+05,0,605.89,531.05,33971,-999,21.019,20.519,1.155e+05,1
50.74,57.81,54.62,6.4918,51.83,59.49,57.76,7.588,51.44,58.3,55.825,6.0205,51.301,58.512,56.037,6.4646,0.12167,1.1379,0.28729,0.17072,-0.51851,0.43754,0.1862,0.13705,1.418,2.635,1.571,0.25101,50.9,57.96,55.06,6.2006,51.6,59.16,57.035,6.9122,0.58,2.06,0.895,0.32331,-0.00059015,0.00083849,-7.0477e-05,1.7315e-07,452,748,662.5,12202,51.309,58.537,56.077,6.5168,38.4,49.71,42.758,16.538,2
23.01,23.58,23.335,0.027184,23.67,24.87,24.095,0.14543,23.56,24.26,23.675,0.053541,23.5,24.247,23.659,0.053509,0.015382,0.14023,0.041322,0.0027217,-0.74806,0.9211,-0.15677,0.23301,1.5461,3.0557,1.934,0.25251,23.33,23.97,23.45,0.038598,23.61,24.52,23.785,0.087029,0.18,0.64,0.305,0.035927,-0.00026762,0.00018409,-2.9664e-05,2.0552e-08,959,1307,1262.5,18407,23.507,24.256,23.659,0.053854,22.032,22.934,22.476,0.098195,4
326,342,332,26.857,377,491,468.5,2031.1,352,419,370,828.5,351.44,413.44,387.62,582.16,36.754,2771.4,1321.7,1.0338e+06,-0.21933,0.65752,0.17654,0.10518,1.2628,2.954,1.816,0.39471,345,365,351,51.125,356,460,417.88,1630.7,9,108,62.875,1425.4,-0.029477,0.00010329,-0.020892,0.00013029,1017,1458,1375,28773,354.77,412.55,388.08,517.1,19.739,21.232,20.924,0.2509,1
50.39,57.35,54.825,5.9762,51.89,59.58,57.5,7.5578,51.35,58.3,55.5,5.7906,51.203,58.394,55.926,6.3129,0.113,0.94079,0.43961,0.063474,-0.28107,0.74831,0.32497,0.1311,1.6452,2.914,1.8907,0.16093,50.71,57.9,55.19,6.0777,51.6,59.1,56.73,7.0512,0.44,1.66,1.02,0.17534,-0.00052208,0.00056873,5.7713e-05,1.3262e-07,572,799,764,7898.7,51.238,58.395,55.918,6.2724,35.895,42.114,36.745,4.1604,2
23.34,23.83,23.375,0.026686,23.84,24.92,23.95,0.13659,23.57,24.46,23.65,0.089171,23.617,24.451,23.655,0.083793,0.016895,0.088027,0.02755,0.00087817,-0.35174,0.65574,-0.10691,0.10152,1.5857,2.4925,1.9742,0.089432,23.48,24.26,23.535,0.067695,23.71,24.68,23.8,0.11331,0.18,0.5,0.265,0.012548,-6.8559e-05,0.00013806,-2.062e-05,6.0108e-09,947,1279,1234,18798,23.62,24.457,23.663,0.083995,22.523,23.534,23.158,0.14064,4
413,443,426,87.357,480,1002,603.5,32470,448,527,482,1166.4,447.82,633.84,512.38,3767.9,53.006,35132,2795.9,1.3756e+08,-0.17254,1.3413,0.40825,0.28006,1.2921,3.4784,2.0931,0.55378,442,469,449.5,97.839,453,709,551,7888.4,11,251,94.5,6708.5,-0.09909,-0.0018389,-0.032775,0.00094877,993,1381,1334,23776,451.82,611.11,511.98,2846,20.851,22.071,21.536,0.13187,1
51.47,58.79,56.32,7.4325,53.06,60.65,58.3,6.9065,52.24,59.19,57.01,6.4787,52.238,59.409,57.181,6.689,0,0.96152,0.29975,0.098045,0.084215,1.1447,NaN,NaN,1.5145,3.3535,NaN,NaN,51.7,58.97,56.73,6.9356,52.81,59.74,57.65,6.7836,0,1.8,0.77,0.30836,-0.00053742,58.79,2.6523e-05,384.03,0,968,905,94445,0,59.405,56.086,358.96,-999,32.37,31.042,1.1793e+05,2
22.77,23.6,22.92,0.063936,22.9,579.27,579.27,34394,22.9,24.23,23.36,0.15079,22.9,201.34,171.39,2734,0,32372,24264,8.3691e+07,2.3494,3.3373,NaN,NaN,6.5197,12.138,NaN,NaN,22.9,23.98,23.14,0.10013,22.9,24.57,23.53,0.25096,0,0.67,0.41,0.059475,-0.0047252,22.9,0.00050829,58.262,0,1389,1334,1.9852e+05,0,261.9,205.59,5667.6,-999,21.675,20.85,1.1563e+05,4
301,319,303,58.286,372,751,442.5,14271,336,407,361.5,750.13,336.26,430.86,372.26,879.11,86.078,8912.2,1053.6,8.3802e+06,-0.27526,1.779,0.11767,0.40613,1.5859,5.4756,1.8069,1.7889,327,353,335,92.544,343,431,402.5,1015.8,12,80.25,59,786.45,-0.045504,0.00024775,-0.018524,0.0002196,1157,1559,1520,24494,341.46,426.26,376.01,726.38,18.321,22.042,18.793,1.4429,1
51.54,58.24,56.45,5.742,52.94,60.86,58.33,7.629,52.78,59.86,57.16,6.5274,52.489,59.716,57.38,6.3973,0.035821,1.844,0.53088,0.2886,-2.492,0.53375,0.14077,0.92741,1.4554,8.0872,2.0838,4.2697,52.08,59.07,56.97,6.008,52.87,60.44,58.33,7.2203,0.0975,2.43,1.14,0.44986,-0.02161,0.00033266,-3.6562e-05,5.1463e-05,1,776,755,61705,52.543,59.746,57.406,6.3342,33.492,42.333,NaN,NaN,2
22.83,23.39,22.96,0.027469,23.3,24.54,23.54,0.16219,23.05,23.96,23.2,0.090053,23.091,23.965,23.231,0.079888,0.0038529,0.10495,0.033451,0.0013092,-0.66577,1.9235,0.15831,0.56955,1.7918,5.9806,2.018,1.7749,22.92,23.72,23.09,0.053936,23.133,24.21,23.35,0.11821,0.0525,0.55,0.31,0.02295,-0.00010402,0.0081818,-4.9422e-06,7.4345e-06,1,1264,1207,1.6381e+05,23.09,23.965,23.237,0.080753,22.77,23.94,NaN,NaN,4
375,424,383,214.25,424,709,533,7558,405,514,424,1396.4,406.17,508.21,440.66,1053.7,0,5534.2,1238.9,3.3308e+06,-0.079437,0.65569,NaN,NaN,1.2618,2.794,NaN,NaN,401,424,407,103.53,411,565,482,2744.4,0,142,64,2459,-0.035559,424,-0.020015,19977,0,1395,1349,2.0065e+05,0,505.26,442.71,23617,-999,21.353,21.245,1.1563e+05,1
52.05,57.38,55.295,4.0861,54.04,60.68,58.56,5.4625,53.19,58.97,56.407,4.4309,53.104,58.914,56.728,4.592,0.21113,1.4981,0.93288,0.18177,-0.31521,1.2711,0.17014,0.30682,1.445,3.806,1.8152,0.60562,52.49,58.08,55.905,4.448,53.7,59.92,57.555,5.1687,0.43,2.14,1.61,0.33763,-0.00070159,0.00047917,-0.00019175,1.8848e-07,571,843,779.5,9033.1,53.12,58.976,56.765,4.6001,34.162,38.327,36.774,1.4439,2
22.79,23.55,23.31,0.055364,23.65,24.68,24.26,0.096727,23.18,24.04,23.745,0.06267,23.212,24.086,23.806,0.067026,0.050563,0.12459,0.073143,0.00062868,-0.1388,0.43137,0.15572,0.039103,1.6957,2.0867,1.9445,0.025057,22.98,23.81,23.57,0.064484,23.44,24.34,24.045,0.076941,0.36,0.64,0.465,0.0085714,-5.4996e-05,0.00011579,5.9869e-05,4.1322e-09,939,1310,1276,23293,23.216,24.09,23.809,0.067368,21.947,23.097,22.549,0.19207,4
319,347,323,107.69,363,484,473,2684.3,342,431,366,1179.8,341.9,419.21,385.31,817.27,22.923,2663.6,1027.6,9.3426e+05,-0.36895,0.42312,0.12239,0.081495,1.2951,3.2121,1.6369,0.35329,338,369,351,135.28,345,457,425,1938.6,7,108,59,1418.5,-0.033663,0.032967,-0.018513,0.00040621,3,1459,1409,2.2139e+05,345.62,421.91,387.44,774.54,19.732,110,20.157,896.61,1
50.26,58.27,53.61,11.433,50.93,59.58,54.965,11.013,50.39,58.55,54.195,10.585,50.518,58.669,54.273,10.711,0.029322,0.36376,0.13052,0.01673,-0.28402,0.85298,0.47808,0.1735,1.7681,2.5489,2.0919,0.075233,50.32,58.36,53.97,10.775,50.77,58.97,54.62,10.519,0.25,1.05,0.625,0.063364,-0.00033642,0.00047917,1.3886e-07,7.6644e-08,465,746,694,8714.6,50.52,58.683,54.298,10.719,38.027,45.322,40.775,8.2488,2
22.92,24.38,23.885,0.27966,23.12,24.69,24.04,0.28514,23.05,24.58,23.965,0.27163,23.04,24.561,23.966,0.27278,0.00032619,0.01418,0.0025906,2.4026e-05,-0.80681,1.1142,-0.29856,0.32579,1.5309,3.8662,1.9425,0.56133,23,24.47,23.94,0.26443,23.1,24.66,23.99,0.27681,0.02,0.19,0.09,0.0035357,-4.5194e-05,8.6409e-05,1.4351e-05,1.5792e-09,894,1287,1233.5,22322,23.047,24.568,23.974,0.27281,22.351,24.043,22.953,0.44492,4
357,389,368.5,119.98,418,549,523,2423.1,386,482,427.5,1363.6,387.45,468.16,439.91,892.57,59.486,2979.4,1396.9,1.0683e+06,-0.39147,0.40248,0.13869,0.087541,1.3113,3.005,1.6477,0.31267,381,416,394.5,177.93,394,506,474,1922.3,13,112,71.5,1283.8,-0.035272,-0.0015355,-0.021145,0.00013407,932,1337,1261,25001,391.5,471.57,442.65,853.53,21.542,23.246,22.758,0.46915,1
49.81,57.62,53.325,9.7364,50.39,58.7,54.665,9.4272,49.94,57.9,53.845,9.0032,50.035,57.95,54.019,9.1242,0.032806,0.36708,0.10272,0.017107,-0.4115,0.85275,0.46661,0.20592,1.7628,2.5294,1.9977,0.061662,49.9,57.72,53.69,9.0309,50.23,58.18,54.385,9.0883,0.33,0.95,0.565,0.060821,-0.00035666,0.00044023,-1.8357e-05,7.0077e-08,548,813,738.5,8756.2,50.052,57.966,54.044,9.0748,35.19,40.985,37.914,3.8633,2
23.36,24.51,24.195,0.19311,23.58,24.82,24.34,0.19794,23.51,24.7,24.285,0.18759,23.492,24.685,24.282,0.19059,0.00037603,0.0097721,0.0027695,1.298e-05,-0.91167,0.28512,-0.41733,0.14415,1.4276,2.8864,1.9193,0.24125,23.44,24.59,24.26,0.1838,23.54,24.78,24.305,0.19743,0.03,0.19,0.085,0.0028,-3.237e-05,7.1245e-05,2.3115e-05,1.0888e-09,932,1267,1237,17108,23.498,24.689,24.289,0.19042,22.449,23.557,23.02,0.12193,4
416,452,423,140.61,452,1073,583,50182,444,564,460,1679.3,443.41,670.43,484.08,6581.6,0,39945,1226,2.6842e+08,-0.16932,1.2335,NaN,NaN,1.4795,3.0288,NaN,NaN,439,465,448,90.444,448,872,524,18116,0,408,63,16857,-0.091308,452,-0.020202,22704,0,1392,1343,2.0155e+05,0,656.57,486.21,34696,-999,21.452,21.264,1.1563e+05,1
48.64,56.23,53.315,8.935,49.16,57.65,55.885,8.6687,48.9,56.91,54.35,8.9853,48.879,56.89,54.513,8.6581,0.025559,1.0396,0.3057,0.13612,-0.38068,0.52401,0.17306,0.09172,1.6164,2.7307,1.7015,0.13575,48.71,56.48,53.77,8.9647,49,57.25,55.265,8.4315,0.29,1.85,1.005,0.34266,-0.00056724,0.00068249,-1.0125e-05,1.523e-07,544,744,677,4218.6,48.875,56.925,54.518,8.7144,35.925,45.795,41.008,9.0377,2
23.64,24.11,23.92,0.032314,23.84,25.33,24.21,0.29864,23.77,24.68,24.11,0.096621,23.772,24.695,24.097,0.10016,0.00075882,0.13337,0.01259,0.0028632,-0.7092,0.44582,-0.2559,0.17479,1.3702,3.835,1.8772,0.60535,23.76,24.38,24.04,0.047536,23.79,25,24.165,0.1677,0.03,0.62,0.17,0.045398,-0.00015545,5.659e-05,1.1033e-05,5.9634e-09,935,1264,1226,17784,23.778,24.704,24.103,0.1005,22.779,24.034,23.285,0.15921,4
447,468,455,53.5,468,652,628,4741,468,561,492,1355.6,468,556.56,515.33,1102.9,0,3806.9,1415.2,1.9501e+06,-0.19925,0.57596,NaN,NaN,1.2923,2.8367,NaN,NaN,465,496,476,142.44,468,608,559,2826.6,0,126,64,2095,-0.03649,468,-0.02131,24338,0,1411,1389,2.1138e+05,0,557.81,516.28,31054,-999,21.062,20.631,1.1552e+05,1
51.6,60.47,58.85,11.29,52.14,61.64,60.13,9.7299,51.86,60.86,59.8,9.4809,51.841,60.941,59.837,9.8127,0,0.70451,0.20508,0.072222,-0.4773,1.0311,NaN,NaN,1.6338,3.4378,NaN,NaN,51.67,60.62,59.55,10.056,51.95,61.25,60.13,9.889,0,1.45,0.7,0.26255,-0.00042953,0.00067065,4.3632e-05,1.2255e-07,0,808,774,66292,0,60.963,57.552,379.15,-999,37.712,36.581,1.1908e+05,2
22.42,23.08,22.78,0.040125,22.42,23.24,22.94,0.073861,22.42,23.17,22.84,0.055975,22.42,23.16,22.852,0.054743,0,0.0080938,0.0019366,6.266e-06,-0.65052,0.64923,NaN,NaN,1.5739,2.2929,NaN,NaN,22.42,23.14,22.82,0.048178,22.42,23.18,22.9,0.061328,0,0.14,0.07,0.0018361,-7.1521e-05,2.5997e-05,4.8373e-06,9.0327e-10,0,1302,1194,1.6689e+05,0,23.169,22.856,58.41,-999,24.26,23.051,1.1609e+05,4
341,367,350.5,89.714,393,514,498,2213.4,370,457,404.5,1221.6,369.71,444.99,418.63,811.64,46.563,2668.6,1349.2,8.581e+05,-0.31013,0.45484,0.10908,0.093819,1.2755,3.0018,1.658,0.30879,365,395,375.5,141.84,374,485,452.5,1832.6,9,109,69,1230.5,-0.032275,-0.0011606,-0.020829,0.00011646,1083,1470,1418.5,26225,373.53,448.02,421.49,764.99,19.567,20.727,20.036,0.19508,1
51.22,59.8,56.655,10.576,51.57,60.71,58.68,9.8828,51.35,60.04,57.865,9.2138,51.364,60.135,57.901,9.5595,0.010547,0.62091,0.19543,0.053928,-0.39981,0.78583,0.18483,0.21588,1.5803,2.8497,1.8666,0.18014,51.25,59.89,57.525,9.6969,51.44,60.34,58.39,9.7015,0.19,1.5,0.615,0.19851,-0.00035158,0.00059228,6.0225e-05,1.1044e-07,568,823,797,7892,51.374,60.12,57.904,9.5947,32.676,38.762,35.438,3.4415,2
23.1,23.55,23.315,0.021484,23.2,23.71,23.43,0.034079,23.16,23.61,23.385,0.022771,23.156,23.604,23.388,0.023221,0.00026294,0.0046512,0.00063705,2.5877e-06,-0.77951,0.6838,-0.40024,0.29905,1.8819,2.6128,2.2965,0.079933,23.14,23.59,23.36,0.021655,23.18,23.62,23.41,0.024457,0.03,0.1,0.04,0.00092679,-5.3003e-05,2.5759e-05,8.3636e-06,5.5716e-10,933,1303,1241.5,22650,23.163,23.611,23.394,0.023207,22.077,24.359,22.809,0.68708,4
321,351,329,116.57,376,494,478,2108.1,348,432,385.5,1124.1,347.73,420.97,397.84,753.85,55.865,2526.8,1263.4,7.5717e+05,-0.32266,0.41847,0.1345,0.086456,1.2912,3.0748,1.6533,0.33717,343,376,354.5,150.79,352,457,431.5,1681.1,9,104,68,1153.7,-0.031904,-0.0015246,-0.019949,0.00010915,988,1429,1351,26467,351.85,423.21,400.95,733.67,20.15,22.105,21.296,0.33276,1
45.97,53.25,50.94,7.6507,46.3,54.04,52.365,7.1744,46.1,53.51,51.585,6.8278,46.12,53.565,51.714,6.9921,0.0065772,0.45041,0.13506,0.027983,-0.41012,0.77784,0.36856,0.22262,1.5811,2.8873,1.9055,0.21474,46.03,53.35,51.37,7.1284,46.16,53.76,52.09,7.0791,0.13,1.29,0.51,0.15511,-0.00030541,0.00048657,5.0445e-05,7.6957e-08,606,878,767,7788,46.135,53.584,51.718,7.0015,31.504,39.291,35.306,7.0686,2
22.96,23.44,23.165,0.023398,23.08,23.56,23.315,0.029712,23.02,23.5,23.27,0.024771,23.023,23.495,23.263,0.024764,8.0925e-05,0.0035225,0.00052493,1.8779e-06,-0.7527,0.3727,-0.36849,0.20926,2.0169,2.9633,2.3292,0.090518,23,23.48,23.235,0.023229,23.04,23.51,23.28,0.026655,0.02,0.1,0.03,0.00088393,-4.7009e-05,2.8122e-05,5.9397e-06,4.6646e-10,856,1201,1164.5,16208,23.029,23.501,23.268,0.024771,23.309,25.192,24.355,0.41733,4
295,320,309,82.194,337,464,444,2699.5,324,408,350,1066,323.83,397.09,366.71,810.63,36.838,2466.2,974.39,7.7108e+05,-0.31669,0.42397,0.04983,0.07276,1.2933,2.8489,1.6919,0.23677,319,351,328,152.69,328,432,407,1860.8,9,104,57,1256.5,-0.032321,0.103,-0.017952,0.0017266,10,1420,1335,2.0331e+05,327.41,399.38,369.14,773.01,20.165,69.444,20.701,263.32,1
51.35,60.07,59.1,10.77,51.7,61.01,59.74,9.4874,51.44,60.31,59.46,9.4515,51.472,60.41,59.589,9.6226,0.00080182,0.57033,0.086577,0.049389,-0.39448,0.85379,0.56898,0.21937,1.6605,2.6413,2.1824,0.14332,51.38,60.13,59.4,9.9635,51.57,60.65,59.703,9.388,0.045,1.41,0.52,0.21917,-0.00032293,0.0065455,9.1219e-05,4.6936e-06,2,1000,965,1.0403e+05,51.486,60.426,59.609,9.6259,25,31.069,29.593,2.9788,2
22.65,23.49,23.08,0.0572,22.67,23.59,23.2,0.080628,22.66,23.56,23.14,0.069625,22.659,23.551,23.139,0.068781,2.9091e-05,0.0065086,0.00044065,4.5171e-06,-1.0548,0.55374,-0.25537,0.2392,1.7596,4.5317,2.3598,0.91182,22.66,23.54,23.12,0.064253,22.66,23.57,23.16,0.0751,0,0.15,0.03,0.0021778,-6.4693e-05,0.00018182,4.8667e-06,4.4322e-09,1,1234,1173,1.5414e+05,22.66,23.557,23.147,0.069497,23.304,25.051,NaN,NaN,4
382,410,393,113.13,440,736,551,8252.8,412,504,448.5,1309.9,412.14,533.88,458.81,1536.4,51.69,9046.3,1623.2,8.5013e+06,-0.15759,0.72382,0.36507,0.090664,1.3001,2.7822,1.8039,0.23151,406,438,418,197.84,417,587,493.5,3087.1,10,149,72,2278.8,-0.053445,-0.0012571,-0.023314,0.00027563,1061,1408,1388.5,20624,416.15,531.37,461.29,1394.4,20.203,20.862,20.534,0.059923,1
48.55,57.44,55.39,9.8953,48.9,59.34,57.31,9.8074,48.71,57.9,56.08,8.9718,48.701,58.183,56.226,9.2803,0.0059894,0.64662,0.34473,0.065585,-0.36045,1.7069,0.24422,0.40968,1.5939,7.103,1.8062,3.0836,48.61,57.78,55.73,9.3712,48.77,58.85,56.873,9.5818,0.06,1.52,0.88,0.27584,-0.00039382,0.006886,0.00030493,5.1766e-06,2,995,860,88752,48.727,58.202,56.225,9.2974,28.887,245,33.249,5021,2
23.19,24.24,23.67,0.098719,23.22,24.73,23.81,0.21549,23.2,24.29,23.76,0.12725,23.204,24.291,23.753,0.13575,3.8306e-05,0.052591,0.00026049,0.00029532,-1.0903,0.59771,0.13166,0.39632,1.7231,3.4087,2.7582,0.29493,23.2,24.28,23.74,0.11097,23.21,24.54,23.78,0.1766,0.01,0.45,0.02,0.020794,-0.00024194,2.9897e-05,-3.4035e-06,8.1157e-09,6,1284,1165,1.6277e+05,23.212,24.298,23.759,0.13564,22.384,96,23.586,581.92,4
423,461,454,187.41,480,713,640.5,6770.3,452,545,497.5,1349.1,451.7,558.53,520.44,1496.9,60.538,4261.9,2092.8,2.4735e+06,0.044289,1.1097,0.39675,0.12838,1.3608,3.3456,2.121,0.40845,447,491,479.5,273.64,457,610,550.5,3147.4,10,119,68,1771.3,-0.0355,-0.0013174,-0.028137,0.00017567,959,1417,1346.5,29813,455.6,559.83,523.39,1427.3,20.309,22.337,21.389,0.40898,1
52.65,68.27,60.07,25.542,53.44,70.05,61.985,26.465,53.06,69.13,60.54,24.695,53.043,69.224,60.71,24.944,0.025415,1.2207,0.21694,0.1905,-1.4143,0.7477,0.053346,0.47536,1.438,4.1201,1.9292,0.87225,52.91,68.85,60.31,23.171,53.19,69.59,61.175,26.024,0.28,2.22,0.835,0.32324,-0.00050915,0.00065399,9.9912e-05,1.4648e-07,624,863,785,7340.8,53.062,69.239,60.711,24.943,33.334,37.795,35.403,1.9524,2
20.5,22.72,22.535,0.92261,20.63,23.06,22.99,1.195,20.56,22.98,22.84,1.1489,20.56,22.977,22.83,1.1428,0.00037988,0.0091993,0.0029268,1.0777e-05,-3.5353,-0.021638,-0.43402,1.5903,2.1864,22.648,2.8309,58.931,20.54,22.96,22.775,1.1197,20.58,23.01,22.91,1.1781,0.03,0.14,0.075,0.0019929,-5.3518e-06,5.0835e-05,5.7009e-06,4.5382e-10,975,1340,1287,20414,20.568,22.986,22.838,1.1431,21.463,22.548,22.186,0.11042,4
399,423,404,77.268,448,588,546.5,2566,423,516,450,1382.9,422.43,505.27,467.45,895.13,49.135,3371.5,1268.8,1.4299e+06,-0.27212,0.88382,0.21903,0.16556,1.2897,2.8939,1.7973,0.29333,417,451,426,137.55,427,551,496,2087.1,10,121,59,1608.9,-0.032771,-0.0014708,-0.021689,0.00012133,1096,1444,1404.5,21077,425.78,505.74,470.63,846.87,19.562,21.008,20.464,0.18916,1
56.42,63.79,62.42,10.074,58.12,66.12,64.695,7.7534,57.59,64.89,63.825,7.7159,57.513,65.027,63.789,8.1903,0.073133,1.5792,0.26732,0.26095,-1.0574,0.71582,-0.44157,0.35322,1.5498,3.834,2.4034,0.49819,57.19,64.71,63.405,9.0874,57.87,65.36,64.255,7.6601,0.27,1.83,0.6725,0.29306,-0.00068727,0.00053718,3.89e-05,1.4124e-07,593,884,855,12228,57.551,65.039,63.828,8.1651,32.536,36.215,33.655,1.4513,2
21.31,22.32,21.765,0.10776,22.09,22.62,22.415,0.036964,21.64,22.38,21.985,0.0766,21.626,22.38,22.062,0.067904,0.00024551,0.083013,0.040643,0.00081057,-0.59682,1.4243,-0.03094,0.36596,1.3493,4.1072,2.2567,0.91107,21.54,22.37,21.86,0.08997,21.72,22.46,22.2,0.076641,0.03,0.51,0.335,0.033821,-1.4792e-06,0.0001166,4.8374e-05,2.1036e-09,897,1245,1211,22359,21.632,22.387,22.064,0.069409,23.082,24.987,23.766,0.50442,4
279,315,284.5,174.41,352,521,449.5,3717.1,312,403,357.5,1392.5,312.93,406.57,363.09,1082.4,107.21,4488.7,1803.2,2.0049e+06,-0.25416,0.64548,0.1078,0.099985,1.2745,2.7495,1.8511,0.33288,305,345,315.5,179.13,320,468,404.5,2414.8,14,140,74.5,1820,-0.036623,0.0010515,-0.025065,0.00018002,1052,1426,1339,21383,317.11,407.86,365.93,1033.5,20.189,21.956,21.042,0.41125,1
45.64,52.62,49.29,5.5139,52.62,63.44,58.835,10.149,48.55,57.41,53.585,9.2251,48.641,57.436,53.64,8.2122,4.6563,11.703,8.1664,8.291,-0.41519,0.50629,0.12588,0.075155,1.616,2.0375,1.7266,0.01848,46.46,54.61,50.93,7.134,50.48,60.4,56.185,9.5814,4.02,6.17,4.98,0.67208,-0.0015492,0.00083185,-0.00069606,7.2203e-07,444,631,604,5007.6,48.367,57.388,53.705,8.7428,45.608,48.825,46.92,1.3139,2
22.24,23.59,22.92,0.21676,25.7,26.89,26.125,0.18902,23.91,25.27,24.635,0.22185,24.108,25.221,24.681,0.18806,0.76676,1.3487,1.0919,0.044216,-0.19115,0.38976,0.020443,0.03177,1.5822,1.9415,1.7761,0.018331,23.25,24.383,23.835,0.16072,24.88,26.11,25.55,0.22815,1.59,2.09,1.7337,0.023974,-0.00038122,0.00028994,0.00022838,7.1574e-08,834,1176,1137,17912,24.077,25.223,24.641,0.19477,24.463,26.008,25.321,0.23215,4
319,327,324,16.333,384,457,405,1412.3,351,366,357,57,349.9,379.88,360.03,232.63,76.542,1001.4,200.03,2.5212e+05,-0.044007,0.60305,0.4016,0.10964,1.9574,3.0675,2.4563,0.30913,344,352,350,17.333,356,408,371,716.33,12,56,21,540.33,-0.021549,-0.0014953,-0.0062982,0.00010964,1190,1481,1475,27657,354.37,382.91,364.4,209.6,18.947,19.504,19.452,0.094676,1
51.09,59.92,56.63,19.914,53.44,65.8,59.28,38.231,52.37,60.83,58.05,18.594,52.232,62.215,58.024,25.13,0.58034,4.2209,0.67052,4.3111,-0.13872,0.48599,-0.096347,0.12186,1.434,1.6401,1.5892,0.011532,51.38,60.34,57.16,20.634,52.97,64.06,58.79,30.772,1.59,3.72,1.63,1.4844,-0.0011219,7.7657e-06,-0.00013634,3.7802e-07,679,856,853,10269,52.228,62.242,58.008,25.272,33.155,33.761,33.579,0.096616,2
21.45,22.33,21.58,0.22563,22.92,23.32,23.05,0.041633,22.33,22.9,22.5,0.085633,22.3,22.906,22.464,0.098196,0.08348,0.20474,0.20437,0.0048863,-0.37716,-0.092904,-0.32915,0.023154,1.6478,1.867,1.8323,0.013887,21.91,22.64,22.08,0.1459,22.74,23.22,22.92,0.0588,0.58,0.84,0.83,0.0217,-3.6052e-05,0.00018691,0.00017891,1.5997e-08,898,1215,1172,29569,22.291,22.913,22.457,0.10356,23.694,25.004,24.512,0.4385,4
280,307,291.5,104.55,368,647,530.5,7877.8,319,428,376.5,1927,325.05,440.54,386.31,1701.5,212.88,11049,2782.9,1.1433e+07,-0.50294,2.0422,0.2632,0.54664,1.502,6.1878,2.1715,2.335,311,351,331.5,233.14,335,527,415.5,4610.5,23,204,74,3715.6,-0.060742,-0.0053168,-0.025235,0.00032802,960,1323,1270,20899,329.83,437.98,389.79,1560.3,21.759,23.557,22.338,0.36863,1
52.11,59.8,56.865,7.1978,54.04,64.51,59.95,8.9603,53.1,61.73,58.025,7.0804,53.161,61.957,58.148,7.175,0.088507,3.3538,0.52228,1.4451,-0.49538,0.20123,-0.22398,0.084497,1.6202,3.3357,1.7516,0.50707,52.75,60.62,57.455,7.1875,53.88,63.11,58.915,7.3086,0.36,3.1475,1.235,1.1065,-0.0010854,8.5936e-06,-0.00036061,1.6297e-07,507,792,660,9926.8,53.217,62.138,58.132,7.2798,36.345,45.155,42.313,8.3727,2
21.95,22.77,22.59,0.095027,22.97,572.59,23.535,37693,22.58,23.32,22.93,0.050398,22.512,24.116,22.998,0.22452,0.035415,52.723,0.10278,346.24,-0.23254,75.394,0.082623,709.75,1.5311,5707.1,1.7594,4.0689e+06,22.27,22.91,22.69,0.041886,22.76,23.6,23.22,0.069593,0.32,0.78,0.56,0.023993,9.2134e-05,0.00017995,0.00015277,9.4327e-10,921,1262,1247.5,19226,22.519,23.344,23.007,0.073812,22.745,23.287,23.047,0.034054,4
327,351,336,62.571,380,867,527,26619,355,462,382,1601.8,354.99,508.05,412.76,2496.7,50.42,18162,2691.8,3.5294e+07,-0.035283,1.4069,0.48013,0.23337,1.5566,4.1597,2.2251,0.77312,351,377,361.5,94.294,360,553.75,442.75,3940.9,9,178.5,76.75,3034.6,-0.070982,-0.0014198,-0.029806,0.00046618,1025,1492,1437,30448,358.73,495.28,414.11,2044.6,19.297,20.914,19.588,0.40649,1
53.06,60.83,56.575,5.0686,53.57,61.85,59.05,6.171,53.22,61.37,57.73,5.2354,53.259,61.422,57.978,5.3602,0.019844,1.4692,0.40882,0.23577,-1.1244,0.75263,0.077096,0.33818,1.4937,4.2871,1.7363,0.84768,53.13,61.25,57.115,5.1967,53.44,61.7,58.655,5.9616,0.31,2.58,1.225,0.68121,-0.00014775,0.00062308,0.00035767,9.5352e-08,687,923,870.5,7919.6,53.284,61.45,57.967,5.3475,31.04,33.724,31.737,1.0463,2
22.45,23.14,22.84,0.078993,22.54,24.68,23.235,0.69564,22.5,23.76,22.92,0.18207,22.505,23.833,22.953,0.22377,0.00014632,0.29507,0.015339,0.01525,-0.75268,1.3687,0.44714,0.39768,1.3674,3.5484,2.4049,0.53821,22.5,23.27,22.885,0.088879,22.51,24.37,23.05,0.44201,0.01,1.1,0.125,0.18803,-0.00031494,4.4579e-06,-2.7929e-05,1.7323e-08,893,1244,1199,19275,22.511,23.847,22.958,0.22356,23.136,24.563,23.939,0.22357,4
395,431,414.5,126,472,1699,596,1.683e+05,436,542,476.5,1935.6,436.71,722.4,501.54,10372,95.387,96827,1988.9,1.1339e+09,-0.058163,1.8641,0.30274,0.39241,1.5418,5.4013,2.0879,1.6313,431,483,443,277.43,444,800,542.63,13519,13,344,81.125,11859,-0.083653,-0.0020713,-0.026209,0.00074773,1021,1334,1314,18702,440.87,666.98,501.91,7034.5,20.832,22.063,21.779,0.1578,1
49.61,59.4,56.06,10.901,51.09,62,59.25,12.852,50.405,59.92,58.13,10.905,50.46,60.227,58.213,11.027,0.050295,1.4965,0.4545,0.30956,-0.8279,1.0476,0.20484,0.38111,1.7402,3.3449,2.5576,0.37884,50.26,59.74,57.545,10.737,50.77,60.86,58.975,11.936,0.28,2.19,0.815,0.34514,-0.00038191,0.0009478,7.6903e-05,2.0286e-07,631,885,752.5,9145.7,50.474,60.264,58.206,11.059,32.538,38.779,35.833,6.1828,2
22.43,23.57,23.02,0.16457,23.06,24.83,23.67,0.39839,22.72,23.78,23.37,0.14897,22.782,23.866,23.393,0.16446,0.00048851,0.30746,0.029074,0.010697,-0.33029,0.53961,0.42131,0.10147,1.6754,3.2645,2.3931,0.29071,22.56,23.72,23.245,0.15366,22.96,24.17,23.485,0.19616,0.03,0.63,0.225,0.061941,-0.00015393,0.00010132,-4.9949e-05,8.1281e-09,946,1316,1241.5,18122,22.786,23.876,23.401,0.16406,21.859,24.018,22.694,0.45213,4
403,429,412.5,93.429,458,868,685.5,18689,426,527,461,1423.7,426.14,549.19,483.78,2124.8,54.749,8974.5,3631.9,1.4085e+07,0.14342,1.3159,0.45486,0.18452,1.6092,3.9621,2.5051,0.73036,421,454,435.5,134.79,431,634,514,5917.8,10,197,73.5,4880.3,-0.052975,-0.0015083,-0.040858,0.0004339,1090,1523,1483.5,28709,430.53,545.66,484.84,1856.3,18.899,19.682,19.272,0.076698,1
49.03,59.65,55.11,10.725,50.19,60.44,57.13,9.6157,49.55,60.1,55.98,9.7127,49.59,60.118,56.116,9.7918,0.019576,0.86532,0.17285,0.11645,-1.2837,0.98615,0.16126,0.42984,1.5189,4.5778,1.8984,1.4878,49.29,59.98,55.39,9.9368,50.03,60.31,56.68,9.6156,0.16,2.02,0.805,0.41714,-0.00013082,0.00073142,0.00027171,9.7993e-08,558,824,747,6993.7,49.607,60.129,56.13,9.802,31.506,39.687,37.168,7.2749,2
22.56,23.72,23.615,0.25109,22.66,24.54,24.345,0.57917,22.62,23.93,23.79,0.3109,22.617,24.03,23.869,0.34565,0.00022821,0.066717,0.043397,0.00077801,0.04425,1.37,0.55291,0.19136,1.5592,4.0752,2.1035,0.672,22.59,23.82,23.69,0.27374,22.63,24.3,24,0.44663,0.03,0.54,0.275,0.038336,-0.00015623,-4.8793e-06,-0.00013766,4.0637e-09,912,1261,1233,20708,22.623,24.042,23.875,0.34426,22.821,24.493,23.339,0.27841,4
355,388,365.5,139.07,408,545,526.5,2706.9,383,472,421.5,1243.1,382.41,461.67,437.74,890.71,62.193,2729.7,1355,9.0596e+05,-0.26293,0.57998,0.14202,0.096251,1.3091,2.7311,1.7723,0.24349,376,416,395,193.93,388,503,470,1915.8,12,105,66.5,1134.7,-0.031484,-0.001613,-0.021521,0.00011579,1107,1520,1476,27247,386.45,465.24,441.01,857.66,18.937,19.756,19.391,0.059863,1
53.47,63.88,59.86,10.506,53.95,64.74,61.085,10.091,53.7,64.39,60.19,9.7891,53.698,64.382,60.344,9.8979,0.016723,0.41303,0.20533,0.029348,-0.79504,1.162,0.25486,0.36619,1.4586,4.3842,1.8723,1.1263,53.57,64.21,60.07,9.6177,53.82,64.59,60.72,10.252,0.21,1.2,0.575,0.15907,-0.00035189,0.00049435,0.00010338,7.7054e-08,666,917,878,10280,53.73,64.404,60.364,9.8654,31.293,33.86,32.697,0.6058,2
22.02,23.11,23.08,0.22971,22.1,23.2,23.15,0.18326,22.06,23.16,23.115,0.22294,22.061,23.155,23.114,0.21499,0.00011112,0.0087636,0.00026759,9.0954e-06,-0.52788,1.0001,-0.028469,0.29321,1.6605,4.3026,2.7999,0.71215,22.04,23.15,23.105,0.2323,22.08,23.16,23.125,0.20303,0.01,0.14,0.02,0.0018554,-5.241e-05,2.096e-06,-6.0125e-06,2.9841e-10,891,1257,1207.5,18215,22.068,23.161,23.121,0.21524,22.781,24.089,23.638,0.26982,4
213,233,223,54.619,264,512,387,8262.6,235,335,294,1320.9,236.04,335.64,297.26,1387.2,43.558,5834.9,2165.5,3.9537e+06,-0.034068,0.72286,0.17077,0.092378,1.3203,3.2397,1.898,0.44616,231,256,247,96.143,240,400,337,3504,9,145,90,2474.5,-0.043557,-0.00065398,-0.026337,0.00022958,1235,1316,1265,896.48,239.47,334.4,299.29,1273.5,21.878,23.297,22.772,0.27895,1
54.51,62.78,57.5,7.0207,55.36,63.68,59.49,5.9869,55.08,63.26,58.76,5.958,55.009,63.27,58.753,6.0746,0.00026182,0.67951,0.26415,0.044584,-0.94886,0.5168,-0.06384,0.19232,1.438,3.7222,1.7956,0.73767,54.76,63.11,57.99,6.1237,55.23,63.5,59.46,6.1585,0,1.72,0.92,0.2557,-0.00025581,0.0032727,0.00029979,1.1178e-06,0,820,792,68997,0,63.28,58.278,389.79,-999,37.739,35.238,1.1888e+05,2
21.98,23.17,22.84,0.2095,22.12,24.15,22.9,0.51324,22.04,23.38,22.88,0.26426,22.037,23.559,22.874,0.31212,2e-05,0.1322,0.0076266,0.0028269,-0.49239,1.0695,0.54258,0.26453,1.5653,5.5,2.7124,1.5335,22.02,23.26,22.87,0.22844,22.05,24.02,22.88,0.50222,0,0.76,0.12,0.092478,-0.00072727,-1.9947e-06,-3.8112e-05,5.4336e-08,0,1251,1228,1.6501e+05,0,23.562,22.879,58.224,-999,23.949,23.026,1.1607e+05,4
240,253,247.5,22,297,754,498,26902,270,459,307,5136.7,270.65,432.88,334.57,4134.5,56.039,15220,4796.5,3.3192e+07,-0.28817,0.75849,0.37223,0.12984,1.64,2.998,1.8943,0.26035,260,287,269,111.13,275,498,394.5,7945.6,9,215,130.5,6674.8,-0.05785,-0.0013495,-0.043274,0.0005232,962,1326,1250,18755,274.36,430.43,333.59,3515.4,21.709,23.43,22.899,0.27994,1
49.87,61.91,56.37,13.226,51.86,62.6,58.435,10.165,50.51,62.3,56.975,12.47,50.683,62.301,57.194,12.13,0.031987,0.52902,0.33565,0.031313,-0.041929,0.96755,0.3433,0.13176,1.6567,2.4996,1.7533,0.10202,50.03,62.15,56.67,13.14,51.41,62.48,57.715,11.12,0.33,1.38,0.96,0.10266,-0.00036071,0.00054751,0.00021548,8.9493e-08,559,829,751,11539,50.728,62.32,57.238,12.138,34.594,41.533,37.456,6.1715,2
21.89,23.25,22.895,0.28701,22,24.31,23.515,0.84331,21.95,24.05,23.2,0.67854,21.948,23.898,23.232,0.59561,0.00064729,0.15337,0.042761,0.0043233,-0.82398,0.6419,-0.1322,0.24746,1.3965,2.0912,1.9024,0.072721,21.92,23.6,23.035,0.41203,21.97,24.23,23.37,0.81879,0.05,0.82,0.31,0.099555,-0.00029483,1.067e-06,-6.4325e-05,1.0672e-08,877,1243,1186,19542,21.954,23.893,23.242,0.59101,23.167,24.504,24.055,0.26601,4
391,421,406.5,102.41,459,699,602,6667.8,421,557,467,2166,422.21,530.4,484.78,1708.8,76.94,6690.2,3060.3,5.8776e+06,-0.22942,0.64608,0.28964,0.092396,1.3013,3.3194,1.8446,0.42288,416,450,431,127.07,426,587,536,4032.6,10,141,102.5,2942.8,-0.045424,-0.0028261,-0.034147,0.00024271,1064,1478,1430,27641,426.3,531.69,487.06,1595,19.458,20.743,19.893,0.21837,1
48.81,62.09,53.7,14.303,49.68,64,55.11,16.111,49.06,63.47,54.32,16.23,49.139,63.387,54.139,15.92,0.000225,0.78531,0.34639,0.074531,-0.91702,0.81536,0.41679,0.32836,1.2667,3.547,1.6389,0.57007,48.97,63.17,53.79,15.732,49.29,63.68,54.89,16.72,0.03,1.68,0.61,0.3765,-0.00013187,0.0023824,0.00023739,5.8604e-07,1,739,630,47557,49.164,63.432,54.131,16.005,38.224,46.627,NaN,NaN,2
24.6,25.4,25.27,0.085914,25.59,26.35,25.825,0.091086,24.74,26.13,25.605,0.19566,24.828,25.967,25.549,0.13199,0.00635,0.11948,0.046861,0.0013293,-0.67461,1.6826,-0.47434,0.63099,1.2221,5.301,1.6342,1.761,24.68,25.57,25.385,0.083584,24.9,26.28,25.725,0.192,0.12,0.73,0.38,0.041427,-0.00018193,2.6106e-05,-0.00010971,4.4051e-09,924,1254,1221,19140,24.832,25.97,25.559,0.13252,22.722,24.316,23.482,0.24697,4
319,335,325.5,39.071,377,659,521.5,10998,347,423,376.5,933.36,345.95,425.98,397.9,1002.6,60.289,4287.5,2290.4,2.6822e+06,0.090036,1.4756,0.47753,0.17226,1.546,5.67,2.3495,1.6987,342,370,349.5,102.55,351,473,432.5,2193.4,9,125,75,1700,-0.036381,-0.001236,-0.027204,0.00016152,1013,1425,1397,25785,349.92,425.89,400.19,908.56,20.203,21.22,20.528,0.14923,1
54.73,62.03,59.495,6.1008,56.7,65.8,62.3,8.3879,55.55,63.29,60.205,6.1946,55.512,63.758,60.501,6.8769,0.25393,1.4904,0.57222,0.23381,-0.059284,1.3701,0.68832,0.23759,1.6927,3.5884,2.502,0.45798,55.11,62.69,59.95,6.2166,55.73,64.68,60.89,7.9463,0.52,2.01,0.94,0.3856,-0.000621,0.00062241,0.00014034,2.0106e-07,530,734,697.5,4707.1,55.541,63.754,60.468,6.8617,37.018,42.302,40.693,2.6268,2
21.51,22.05,21.735,0.03007,22.36,22.94,22.635,0.028313,21.96,22.66,22.33,0.042393,21.978,22.578,22.246,0.032038,0.026166,0.092758,0.04787,0.00050217,-1.23,0.23778,-0.53685,0.32842,2.0106,3.6032,2.3264,0.33009,21.82,22.54,22.1,0.049479,22.14,22.74,22.46,0.030393,0.2,0.44,0.29,0.0086857,-0.00014965,4.6975e-05,-4.351e-05,5.5673e-09,913,1260,1237,19892,21.986,22.584,22.255,0.031708,22.827,23.605,23.081,0.089717,4
383,399,391,30.411,440,892,567.5,20531,408,492,443.5,1257.3,409.31,541.68,475.31,2047.8,41.839,16621,2048,3.1181e+07,-0.26198,0.9157,0.52944,0.19426,1.4249,3.4815,2.1531,0.53191,407,431,411.5,93.268,413,627,516.5,5937.9,6,216,91,5325.4,-0.070878,-0.00068811,-0.027004,0.00059252,1099,1559,1486.5,30960,413.38,529.6,474.83,1681.3,18.462,19.698,18.99,0.24895,1
49.03,59.65,54.905,11.212,53.25,62.6,58.745,7.7681,50.93,60.37,56.465,8.8267,51.177,60.737,56.638,8.5511,0.2073,4.094,0.76323,1.6931,-0.017942,1.2968,0.51418,0.1591,1.8476,3.4645,2.3057,0.24101,50.71,60.13,55.545,9.1121,52.05,61.28,57.16,7.8286,0.57,3.68,1.305,1.0872,-0.00049764,0.0011645,0.00032562,3.8859e-07,605,868,793.5,9408,51.216,60.744,56.607,8.5343,33.178,38.757,35.393,2.7819,2
22.22,23.09,22.605,0.065941,22.96,24.93,23.905,0.58956,22.67,23.9,23.275,0.26351,22.645,23.933,23.215,0.24564,0.028481,0.54266,0.11114,0.030861,-0.52685,0.56998,-0.15254,0.13265,1.7194,2.647,2.1731,0.074102,22.5,23.62,22.965,0.12636,22.8,24.62,23.36,0.4587,0.26,1.41,0.41,0.15753,-0.00039345,3.6884e-05,-0.00012166,3.6991e-08,953,1290,1240,19251,22.653,23.942,23.212,0.24129,22.307,23.674,22.9,0.22095,4
438,459,441,62.286,484,805,656,14647,461,549,509,1318.3,460.95,575.82,535.16,1805.4,45.918,11026,3081.9,1.6083e+07,-0.070948,0.97477,0.47973,0.16459,1.2619,3.1929,2.0616,0.48789,457,486,466,93.696,466,648,584,4189.6,9,182,103,3579.7,-0.065283,-0.0016562,-0.030829,0.00047192,1120,1571,1533,29773,464.86,570.07,536.4,1554,18.164,19.155,18.626,0.13397,1
48.35,56.79,54.745,7.7044,51.38,59.83,57.28,7.0551,49.48,57.93,55.655,7.4702,49.591,57.98,55.584,7.3336,0.28397,0.82949,0.61755,0.032199,-0.748,1.4671,0.77649,0.50609,1.8813,4.0434,2.6619,0.53155,48.71,57.35,54.98,7.8473,50.32,58.42,56.142,7.0601,0.45,1.61,1.0425,0.18342,-0.00036671,0.0005112,0.00016394,1.1315e-07,466,692,653.5,5958,49.585,57.999,55.555,7.4027,39.197,48.247,43.761,6.9153,2
22.77,23.59,23.175,0.060021,23.6,25.02,24.18,0.21947,23.23,24.36,23.78,0.097312,23.217,24.235,23.762,0.10022,0.035931,0.21682,0.053323,0.0041197,-0.67433,0.87781,-0.30003,0.25079,2.0191,3.0618,2.3707,0.12912,23.04,23.905,23.64,0.081853,23.39,24.6,23.96,0.14401,0.19,0.695,0.35,0.03075,-0.00025302,5.1155e-05,-2.1568e-05,8.9575e-09,912,1244,1216.5,20638,23.218,24.247,23.769,0.10124,23.129,24.66,23.497,0.27838,4
426,477,437,271.69,478,949,613,27273,458,575.5,479,1681.5,458.71,614.81,499.16,3416.7,0.5,19134,2164.5,4.806e+07,-0.13547,0.71588,0.44681,0.10155,1,3.0712,1.7789,0.36715,453,490,465,168.69,465,738,538,10217,1,248,80,8269.8,-1,-0.0019387,-0.032382,0.10455,0,1448,1367,2.1343e+05,0,606.12,502.36,33456,-999,24.842,20.882,1.1563e+05,1
52.68,61.1,57.72,6.9414,54.04,63.76,59.95,7.1699,53.28,61.16,58.42,6.1082,53.248,61.589,58.626,6.4986,0,1.2641,0.26593,0.17405,0.03992,1.2805,NaN,NaN,1.8304,3.9391,NaN,NaN,52.91,61.1,57.99,6.3244,53.51,62.42,59,6.7223,0,1.89,0.7,0.32548,-0.0006333,61.1,0.00014065,414.8,0,754,705,56637,0,61.51,58.279,381.63,-999,41.467,39.471,1.1982e+05,2
22,23.19,22.56,0.1494,22.12,24.54,23.2,0.51967,22.12,23.77,22.89,0.26591,22.12,23.9,22.869,0.30596,0,0.17797,0.037447,0.0029244,-0.77,0.23357,NaN,NaN,1.5132,3.0812,NaN,NaN,22.12,23.6,22.73,0.23334,22.12,24.4,23.02,0.44839,0,0.8,0.29,0.048175,-0.0002416,22.12,1.7642e-05,54.366,0,1323,1287,1.8598e+05,0,23.908,22.877,59.456,-999,23.374,22.278,1.159e+05,4
359,391,375,114.48,428,588,545,2786.7,395,478,460,1044.1,395.14,470.8,458.31,774.05,109.38,3395,2051.4,1.5292e+06,-0.23268,0.73837,0.12657,0.1011,1.2932,2.8217,1.5103,0.29653,388,423,400,158.9,401,520,504,1909.1,13,120,93,1451.1,-0.032716,-0.0020134,-0.025379,0.00011401,1055,1367,1310,11682,399.67,474.9,461.85,767.34,21.051,22.685,21.328,0.36333,1
48.58,58.97,54.07,16.948,53.73,60.56,58.7,6.4615,51.19,59.83,57.75,11.485,51.59,59.846,56.574,10.481,0.073248,6.5212,0.30061,9.0721,-1.7539,0.34331,-0.57654,0.69321,1.6896,4.9978,2.3104,1.364,49,59.61,55.64,15.128,53.38,60.25,58.51,8.3922,0.21,4.76,0.6,3.2632,-0.00024136,0.0014502,0.00024043,4.2678e-07,582,795,756,5156.3,51.557,59.87,56.79,10.592,36.227,38.87,38.024,1.0686,2
22.4,22.92,22.61,0.023657,22.76,25.54,23.05,1.5376,22.57,24.4,22.75,0.40739,22.602,24.413,22.751,0.40804,0.0049753,0.76439,0.010593,0.11881,-0.15236,1.9656,0.22364,0.78277,1.5627,7.2776,1.7147,4.6071,22.52,23.61,22.68,0.135,22.72,25.34,22.82,0.91328,0.07,1.73,0.16,0.36591,-0.00051967,1.7664e-05,-3.3637e-05,4.5122e-08,959,1254,1212,10516,22.606,24.415,22.757,0.40356,22.927,25.596,23.713,0.77,4
392,431,410,151.14,448,612,570,3940.5,422,513,467.5,1242,421.5,515.6,480.87,1202.5,56.106,3669.3,1555.6,1.5465e+06,-0.066397,0.75148,0.20129,0.092901,1.3811,3.0121,1.839,0.40724,417,463,436,236.7,427,566,519,2810.9,10,124,72,1754.6,-0.034769,0.0015944,-0.022415,0.00018302,1068,1463,1438.5,27445,425.05,516.39,483.94,1135.2,19.671,20.571,20.022,0.093313,1
52.18,59.22,52.65,5.9536,54.2,61.4,57.39,4.9936,53.44,60.4,55.48,5.5437,53.486,60.41,55.062,5.4007,0.12458,3.0296,0.78664,1.1776,-0.63488,0.553,-0.29052,0.15134,1.4579,3.8888,2.1351,0.80769,52.75,60.16,53.82,6.48,53.7,60.62,56.495,5.0572,0.32,3.54,1.435,1.1811,-0.00018739,0.0010044,0.00046392,2.0853e-07,734,967,916.5,6791.1,53.519,60.429,55.083,5.3635,28.539,31.855,30.565,1.4038,2
21.94,23.91,22.88,0.56814,22.81,25.36,23.75,1.2758,22.4,24.41,23.2,0.73991,22.382,24.454,23.224,0.88095,0.0090307,0.38471,0.072844,0.016941,-0.02722,1.7744,0.77151,0.34202,1.6443,5.5045,2.6541,2.2734,22.2,24.25,23.035,0.67174,22.45,25.063,23.38,1.2825,0.06,1.2125,0.36125,0.14811,-0.00034571,-3.2006e-05,-0.0001102,1.56e-08,876,1258,1218.5,22070,22.388,24.459,23.223,0.87372,22.871,24.494,23.568,0.24986,4
46,79,76,118.5,106,434,272,11808,90,213,142,1763,90.802,209.63,161.62,1960.8,76.083,6730.8,2034.3,7.5215e+06,-0.065846,0.60608,0.25163,0.056435,1.2689,3.2248,2.2904,0.5343,84.5,116,106,103,94,251,195,4032.6,9.5,157,87,3586.9,-0.058001,0.75175,-0.03129,0.067874,4,1037,984,1.0882e+05,96,206.14,162.17,1550.9,27.784,76.667,28.788,256.18,1
47.54,57.65,49.74,11.058,47.6,60.37,54.58,12.589,47.54,59.68,51.12,13.253,47.56,59.541,51.387,12.163,0.0012,5.4111,0.97396,3.1778,-1.5178,0.70711,0.37312,0.53796,1.5,5.186,1.9174,1.256,47.54,59.325,50.19,13.547,47.585,59.89,52.94,12.171,0.045,4.6,1.79,2.1338,-0.03,0.0013756,0.00057771,0.0001047,0,779,710,58898,0,59.566,51.433,323.39,-999,41.107,38.601,1.1971e+05,2
22.26,26.68,23.81,1.9433,22.93,27.12,25.71,2.8166,22.36,26.7,25.06,2.3434,22.452,26.697,24.935,2.2645,0.00023333,0.92195,0.077795,0.10424,-0.57571,1.7159,-0.24335,0.64759,1.5,5.0029,1.8915,1.2967,22.31,26.685,24.3,2.0144,22.46,26.708,25.46,2.797,0.0225,1.62,0.44,0.36324,-0.00055938,0.015,-0.00014416,2.5988e-05,0,1216,1179,1.5512e+05,0,25.337,23.149,65.186,-999,24.831,24.095,1.1632e+05,4
395,434,403,152.25,448,724,632,9474.1,424,511,487,1285.2,423.45,524.4,500.18,1402.8,42.8,6397.8,2424.7,5.1687e+06,-0.23943,1.6001,0.50496,0.38637,1.2748,5.3975,2.2966,1.9795,416,450,435,148.78,431,579,539,3048.8,13,151,93,2342.6,-3.2571,-0.0034956,-0.028655,1.1589,0,1572,1518,2.5744e+05,0,522.15,502.35,27230,-999,19.192,18.806,1.1511e+05,1
-4,57.28,54.86,428.17,52.78,60.1,57.775,5.3519,51.22,58.33,55.795,6.712,51.523,58.639,56.256,6.9151,0.16203,4.8936,0.77104,2.8748,-10.318,0.81064,0.32404,13.973,1.6146,325.21,2.4602,12997,49.19,57.96,55.325,9.3575,52.37,59.43,57.095,5.3978,0.49,4.28,1.48,1.6062,-0.0002414,0.0017011,0.00037463,4.9116e-07,435,908,843.5,25152,51.419,58.7,56.262,7.0375,31.485,35.122,32.987,1.7981,2
-40.1,23.35,23.045,499.31,23.67,25.68,24.32,0.44916,23.26,24.61,23.685,0.20542,23.384,24.618,23.672,0.19802,0.022411,1.8115,0.12606,0.35988,-34.521,1.3097,-0.20961,148.43,1.4121,1635.3,2.1401,3.334e+05,22.84,23.91,23.414,0.1317,23.5,25.372,24.04,0.44085,0.1925,1.4625,0.595,0.25727,-0.00076766,0.00014057,-0.00011157,1.0254e-07,650,1283,1249.5,53450,23.394,24.617,23.67,0.1955,22.452,23.564,22.879,0.11637,4
382,415,400.5,161.7,442,744,659.5,8083.6,411,576,488,4162.2,412.13,580.99,505.79,2947.5,80.344,7381.9,4166.5,4.6611e+06,-1.0793,2.2785,0.20416,0.97521,1.5552,8.2234,2.4375,4.6623,405,512.25,437,1659.2,418,630,551.5,5031.9,13,143,91,1889,-0.039196,-0.0024374,-0.03729,0.00016231,1047,1444,1395.5,24791,416.32,581.59,506.08,2847.7,19.919,21.571,20.559,0.2173,1
44.38,51.44,49.245,6.1511,48.45,54.48,52.685,4.4037,46.36,53.54,51.01,7.3552,46.932,53.158,51.188,5.9028,0.18372,4.5168,0.70921,2.0512,-1.2704,0.51865,-0.16435,0.38534,1.4229,3.8727,1.778,0.61971,44.85,52.3,50.46,7.4456,47.73,53.88,52.095,5.0152,0.83,3.99,1.145,1.1858,6.4233e-05,0.0012108,0.00051634,1.1279e-07,615,855,796,9116.8,46.901,53.22,51.211,6.0276,33.459,37.466,35.347,1.6883,2
24.04,24.56,24.385,0.024027,25.34,27.1,25.48,0.45644,24.6,26,24.76,0.2766,24.747,25.956,24.823,0.21822,0.029795,0.78008,0.11135,0.083799,-0.49487,1.6652,0.49009,0.529,1.5791,6.2173,2.0472,2.3937,24.5,25.11,24.635,0.039886,24.84,26.82,25.12,0.57262,0.19,1.71,0.565,0.32905,-0.00052129,-7.3595e-05,-0.00017778,2.7458e-08,905,1270,1217.5,19575,24.751,25.946,24.823,0.21619,22.678,23.796,23.478,0.12715,4
278,302,290.5,99.143,388,934,626,42007,311,553,408.5,6771.4,320.93,565.49,434.04,8074.3,686.05,35543,8702.1,1.5014e+08,-0.31893,1.7087,0.55431,0.31265,1.6436,6.2145,1.9544,2.289,302,402,321,1267.1,329,668,496,14611,27,330,168,9683.6,-0.10431,-0.0033403,-0.047612,0.00095428,1072,1465,1440,27224,324.55,547.27,428.67,6579.2,19.637,20.568,19.971,0.094811,1
50.03,56.32,51.935,4.5976,50.87,58.02,54.89,5.0414,50.26,56.85,53.285,4.5268,50.374,56.845,53.346,4.4232,0.07583,1.1153,0.28801,0.10881,-0.34114,0.79196,0.59144,0.185,1.6267,3.6749,2.1752,0.39753,50.13,56.6,52.615,4.5524,50.67,57.04,53.995,4.3811,0.44,1.93,0.775,0.21525,-0.00034589,0.00084778,0.00013335,1.2414e-07,500,718,663,4969.4,50.375,56.847,53.367,4.433,37.878,44.281,42.827,4.5478,2
23.31,24.24,23.745,0.090593,23.68,25.64,24.785,0.36967,23.5,25.08,24.27,0.23528,23.504,25.066,24.292,0.22676,0.012845,0.18128,0.081997,0.0039715,-1.4936,0.73174,-0.020061,0.39955,1.5359,5.1686,1.9534,1.4205,23.4,24.72,23.98,0.18114,23.63,25.48,24.515,0.31127,0.18,0.76,0.4525,0.047664,-0.00027289,3.7343e-05,-9.6216e-05,1.0504e-08,916,1249,1185.5,14412,23.509,25.063,24.298,0.22441,22.755,24.622,23.757,0.46014,4
363,391,373,116.53,407,546,514,3038.5,389,471,406,1089.8,390.05,464.31,426,828.69,46.238,2654.4,912.12,9.0429e+05,-0.252,0.74123,0.11105,0.099347,1.2653,3.0308,1.5902,0.32813,386,421,397,165.74,394,506,464,1948.3,8,105,53,1314.5,-0.82143,0.0003066,-0.022229,0.07175,1,1414,1314,2.0317e+05,394.1,468.38,429.07,781.95,20.364,22.188,NaN,NaN,1
46.79,57.31,53.735,15.42,53.92,61.04,58.555,5.9722,49.87,59.52,56.21,11.685,50.306,59.609,56.098,11.221,0.25003,8.2624,1.478,7.021,-1.854,0.4634,-0.08505,0.59082,1.6459,7.4583,2.2875,3.6382,47.21,59.1,55.325,17.181,52.825,60.19,57.175,7.4506,0.61,5.615,1.77,2.7731,-5.414e-05,0.0016927,0.00034157,3.971e-07,655,876,812,7627.8,50.025,59.592,56.087,11.622,32.489,36.687,34.326,2.2681,2
22.33,23.41,22.57,0.14585,22.98,26.37,24.135,1.4149,22.8,25,23.285,0.70976,22.687,25.031,23.275,0.70973,0.034837,0.98983,0.17912,0.14012,-0.65051,1.3249,-0.15406,0.519,1.5764,3.4564,1.8114,0.46136,22.5,24.1,22.965,0.32329,22.83,26.06,23.465,1.4165,0.33,1.96,0.61,0.41149,-0.0005942,0.00010806,-9.7485e-05,8.7021e-08,878,1232,1201.5,20647,22.698,25.001,23.274,0.70021,23.375,24.492,23.955,0.17757,4
281,317,296.5,125.36,341,560,509.5,7108.6,314,437,366,2673.8,313.64,420.4,391.03,1714,59.367,5337.1,2280.2,2.8672e+06,-0.23278,0.8417,0.083705,0.17583,1.4508,3.0055,1.8859,0.26531,309,362,328.5,445.64,319,461,433.5,3318.6,10,141,85,1962.1,-0.036412,-0.00099288,-0.028284,0.00017652,962,1344,1270,20795,317.63,423.36,392.89,1652.9,21.429,23.902,22.158,0.60757,1
47.21,58.55,54.76,13.581,54.83,62.93,59.49,10.108,51.35,60.16,56.97,9.6897,51.294,60.22,56.475,10.048,0.0024015,6.538,3.0149,4.0833,-0.71917,0.54835,-0.1637,0.17221,1.5149,3.9267,1.9196,0.54458,49.81,59.1,55.73,10.171,52.52,61.94,57.62,11.515,0.03,4.5,2.71,1.814,0.00050831,0.0085049,0.0010664,6.3736e-06,2,843,772,69830,51.134,60.201,56.267,10.34,33.288,420,36.549,16359,2
22.22,23.88,22.46,0.3306,23.66,26.19,23.99,0.6973,22.8,24.73,23.46,0.32094,22.849,24.597,23.373,0.27711,9.7059e-05,0.76008,0.28217,0.058827,-1.0015,0.84102,0.17287,0.33884,1.4558,4.4638,1.7879,0.83152,22.35,23.9,22.86,0.27039,23.28,25.3,23.89,0.34921,0.01,1.62,0.99,0.20394,-0.00054338,4.902e-05,-0.00030794,2.8689e-08,3,1250,1177,1.5371e+05,22.858,24.581,23.367,0.2752,23.034,127.5,24.293,1187.6,4
338,359,340.5,65.143,400,510,485,1712.6,366,443,399,945.13,365.98,431.84,409.4,647.46,61.112,2629.8,1251.6,7.6125e+05,-0.33753,0.39315,0.095586,0.0839,1.3266,3.2123,1.6293,0.41525,361,388,368.5,107.84,371,474,442,1508,10,106,66.5,1107.7,-0.029305,-0.0012858,-0.020449,0.00010479,1178,1612,1558.5,31381,370.07,434.57,412.05,619.87,17.858,18.942,18.256,0.13157,1
49.68,56.63,54.78,5.1239,51.95,59.49,57.715,5.6419,50.83,57.59,55.635,4.952,50.726,57.57,55.87,5.1817,0.37483,0.99273,0.68991,0.037253,-0.38792,1.2216,0.31929,0.34273,1.9605,3.2111,2.2466,0.18502,50.19,57.19,55.245,5.2068,51.19,58.12,56.42,5.2209,0.88,1.61,1.175,0.054327,-0.00053534,0.00051402,-4.8224e-05,1.4849e-07,548,799,701,7299.4,50.788,57.594,55.852,5.1344,35.987,41.365,40.476,3.3769,2
22.61,23.17,22.9,0.036884,23.55,24.29,24.005,0.059371,23.21,23.78,23.45,0.034941,23.163,23.752,23.486,0.036341,0.049106,0.091599,0.064387,0.00019888,-0.74877,0.56296,-0.20079,0.20005,2.1655,2.7627,2.4022,0.036395,23.02,23.58,23.34,0.030621,23.28,23.94,23.665,0.041821,0.23,0.42,0.36,0.0044,-7.9446e-05,4.8525e-05,-2.1423e-05,2.9291e-09,896,1242,1190.5,18217,23.171,23.752,23.488,0.035303,23.173,24.331,23.885,0.16088,4
371,391,377,54.5,422,668,520.5,7823.1,398,476,428,1020.1,397.39,478.7,440.97,878.94,48.011,3901.3,1322.7,2.1145e+06,0.0051649,0.67567,0.42615,0.050046,1.5439,3.1494,2.0515,0.38254,392,420,401,102.13,402,513,473,1820.6,10,112,65,1377.6,-0.035909,-0.0015277,-0.023322,0.00015071,1068,1448,1417.5,24002,400.74,477.82,443.74,802.44,19.868,20.556,20.182,0.044425,1
50.19,56.63,55.14,4.5329,52.78,60.47,58.36,6.4044,51.38,57.72,56.105,4.2965,51.32,57.789,56.32,4.7402,0.30581,2.0974,0.58131,0.38305,-0.66053,1.2221,0.47375,0.41531,1.9964,3.3102,2.3471,0.24284,50.74,57.28,55.7,4.452,51.7,58.64,57.04,5.3336,0.74,2.35,1.105,0.29691,-0.00023838,0.00091517,0.00013487,2.0112e-07,473,720,654.5,6773.6,51.301,57.781,56.316,4.7744,40.033,47.14,42.74,6.8045,2
22.43,23.02,22.855,0.03745,23.56,24.34,24.12,0.06027,23.22,23.85,23.74,0.040541,23.128,23.815,23.657,0.043687,0.07534,0.21547,0.091691,0.0021176,-0.90698,-0.37633,-0.68571,0.034508,2.1667,3.2462,2.7963,0.15191,22.95,23.62,23.485,0.051284,23.28,24.02,23.9,0.053964,0.29,0.74,0.345,0.022498,-0.00026507,-3.6871e-05,-7.262e-05,7.2666e-09,925,1247,1222,19334,23.132,23.819,23.652,0.043753,23.068,24.317,23.449,0.22025,4
283,307,290,73.143,341,452,432,1826.1,309,383,340.5,927.55,309.75,373.64,353.45,641.25,52.626,2440.5,1280.9,6.7788e+05,-0.32052,0.53162,0.17159,0.10977,1.2818,3.094,1.7802,0.38766,305,333,312,106.86,314,412,384.5,1513.1,9,102,64,1111.7,-0.028811,-0.00058423,-0.020294,0.00010471,1074,1473,1412.5,25795,313.54,376.13,356.22,613.49,19.531,20.557,20.252,0.13074,1
50.13,56.91,54.45,4.2875,53.57,59.37,57.75,2.7851,51.51,57.13,55.33,3.3261,51.419,57.117,55.402,3.4255,0.0001125,1.4929,0.77257,0.15932,-2.2678,1.6749,0.27674,1.2658,1.7887,6.1429,2.4632,2.1482,50.61,56.94,54.73,4.1122,51.95,57.68,56.04,3.2126,0,2.09,1.14,0.34358,-0.00067817,0.00041419,7.0849e-05,1.6329e-07,0,733,683,53096,0,57.108,55.351,341.29,-999,44.213,40.224,1.2005e+05,2
21.44,22.64,21.99,0.16411,22.34,23.75,23.22,0.18398,22.32,23.2,22.69,0.086919,22.324,23.213,22.731,0.090437,8.3929e-05,0.16973,0.090305,0.0020073,-0.78276,0.51466,-0.0016731,0.28174,2.1099,3.3844,2.5337,0.19137,22.21,22.98,22.54,0.062975,22.33,23.42,22.95,0.11399,0.01,0.51,0.42,0.023361,-0.00010737,0.0015476,3.5401e-05,2.7245e-07,2,1265,1240,1.6948e+05,22.335,23.216,22.74,0.08842,22.754,120,22.853,1044.1,4
294,321,306,99.75,339,787,456,25963,321,421,346,1609,321.16,457.61,364.23,2276.6,64.955,12379,1725.8,1.8046e+07,-0.20018,1.3693,0.38529,0.26839,1.3283,4.652,1.8161,1.2475,315,352,330,158.44,326,495,403,3290.2,11,143,78,2105.9,-1.3636,-0.0012598,-0.027403,0.19995,2,1362,1289,1.8775e+05,325.47,454.95,368.34,1978.8,21.141,150,21.807,1824.2,1
48.84,55.79,53.015,5.5448,49.29,56.51,54.98,5.492,49,56.23,53.93,5.3299,49.021,56.235,54.073,5.3495,0.016342,0.45395,0.16111,0.023858,-0.4905,0.66863,0.18003,0.19964,1.5397,3.1233,1.8796,0.25014,48.9,56.11,53.63,5.3514,49.13,56.42,54.56,5.5038,0.23,1.33,0.64,0.1386,-0.00028941,0.00046151,3.7137e-05,6.8396e-08,493,721,681,6062.7,49.033,56.259,54.044,5.372,38.213,43.922,41.307,3.941,2
22.67,23.08,22.93,0.02777,22.75,24.15,23.115,0.24056,22.71,23.32,23.05,0.049427,22.713,23.429,23.057,0.062377,0.00016686,0.076673,0.00099149,0.000784,-0.95268,1.1498,-0.087994,0.49822,1.4856,3.4606,2.4965,0.46714,22.7,23.22,22.99,0.037314,22.72,23.6,23.085,0.088613,0.02,0.38,0.05,0.016984,-6.8973e-05,9.9788e-06,-5.8268e-07,8.9457e-10,946,1287,1233.5,19703,22.72,23.436,23.063,0.062597,22.34,23.815,22.876,0.3124,4
341,367,350,68.982,393,506,485.5,1680.8,367,441,395,876.7,366.6,432.71,408.52,610.84,55.038,2531.8,1235.4,8.1121e+05,-0.21654,0.74109,0.22863,0.11144,1.2579,2.7789,1.7274,0.28814,362,389,373,86.786,372,477,440.5,1545.7,10,103,63.5,1178.2,-0.028106,-0.0019046,-0.020974,0.00010139,1053,1469,1414,27793,370.28,435.5,410.22,594.19,19.584,20.893,20.242,0.20703,1
54.83,61.91,59.965,5.9693,57.16,64.95,62.705,5.926,55.89,62.63,60.83,5.2148,55.833,62.782,61.066,5.6452,0.37589,1.4059,0.61334,0.12921,-0.072601,1.0055,0.40419,0.17666,2.0321,3.0332,2.275,0.10785,55.3,62.42,60.495,5.9623,56.08,63.68,61.625,6.0156,0.6,1.96,1.13,0.2048,-0.0005042,0.00068096,0.00012853,1.7369e-07,465,705,606,7134.6,55.84,62.792,61.113,5.7037,40.688,48.41,46.499,7.0004,2
21.51,22,21.755,0.025657,22.27,22.86,22.565,0.031955,22.1,22.45,22.2,0.015812,22.027,22.452,22.198,0.018434,0.032409,0.052566,0.039376,4.2174e-05,-1.2905,0.3715,-0.37812,0.31997,2.4287,3.5134,2.6034,0.11967,22,22.303,22.1,0.011686,22.12,22.58,22.335,0.018227,0.12,0.2775,0.24,0.0025276,-7.6198e-05,1.5722e-05,-3.3329e-05,1.6478e-09,945,1287,1256,18878,22.033,22.452,22.204,0.017997,22.371,23.056,22.77,0.051378,4
161,176,164,35.411,212,354,292,2202.3,183,244,207.75,624.82,182.68,239.28,223.79,474.68,34.934,1947.3,926.37,5.2879e+05,-0.22514,0.86022,0.17275,0.12745,1.3495,3.5563,1.7745,0.5671,179,199,186.5,59.411,186,271,247.5,1107.1,7,84,57.5,826.13,-0.0325,-0.0011621,-0.017059,0.00010082,914,1269,1212,18957,185.9,240.39,223.74,424.32,22.669,24.167,23.179,0.35838,1
50.26,58.18,55.835,8.3841,50.83,59.16,57.42,7.7515,50.42,58.48,56.47,7.5742,50.491,58.571,56.626,7.6828,0.024031,0.65403,0.14286,0.055864,-0.46817,1.0833,0.39862,0.31811,1.5374,3.5566,2.0493,0.54027,50.35,58.3,56.225,7.869,50.67,58.82,57.08,7.6376,0.28,1.43,0.495,0.23705,-0.00028134,0.00064301,9.1499e-05,8.96e-08,533,791,731.5,10529,50.503,58.597,56.634,7.6901,36.416,42.628,39.31,5.0253,2
23.19,23.59,23.365,0.0182,23.3,23.79,23.47,0.033279,23.27,23.74,23.43,0.0246,23.267,23.72,23.431,0.022773,0.0001315,0.018389,0.0014468,3.7715e-05,-0.94152,0.22126,-0.22458,0.17738,1.6094,3.2532,2.4879,0.30949,23.25,23.68,23.42,0.018971,23.28,23.76,23.44,0.027879,0.01,0.26,0.05,0.0064214,-0.00010864,1.168e-07,-7.2829e-06,1.3308e-09,962,1376,1302.5,22573,23.274,23.727,23.439,0.022678,20.905,22.435,22.016,0.25886,4
327,350,336,86.5,377,600,546,8633,359,465,377,1657.4,358.3,463.04,421.54,1546.2,70.737,6036.3,3006.9,6.0054e+06,-0.65226,0.47279,0.066695,0.13548,1.2695,3.0047,1.4856,0.45379,352,381,361,105.75,364,529,480,4477.8,9.75,153,115,3649.5,-0.0556,0.12078,-0.030744,0.0028501,7,1502,1408,2.2858e+05,362.32,462.67,425.08,1404,19.177,93.333,20.181,597.94,1
54.86,63.47,60.3,8.3678,57.68,66.12,63.425,6.6336,55.64,64.24,61.28,8.3222,55.867,64.211,61.373,7.9417,0.29742,1.4949,0.63798,0.14474,-0.73428,1.0717,0.6569,0.33405,1.877,2.8331,2.4763,0.10482,55.14,63.65,60.555,8.5387,56.45,64.98,61.955,7.9159,0.95,1.56,1.32,0.052286,-0.00066751,0.00056836,7.385e-05,1.9038e-07,477,694,639.5,6458.8,55.919,64.245,61.362,7.8807,41.391,46.477,44.474,2.6912,2
20.84,21.39,21.195,0.031627,21.53,22.44,22.135,0.10763,21.36,22.22,21.76,0.093457,21.311,22.11,21.722,0.071612,0.018294,0.11882,0.060952,0.0010898,-1.2302,0.69083,-0.86696,0.39604,2.013,3.789,2.7262,0.38509,21.27,21.99,21.555,0.05505,21.42,22.28,21.915,0.094684,0.15,0.49,0.315,0.014212,-0.00018265,6.0251e-05,-4.2432e-05,6.4402e-09,939,1297,1243,20911,21.319,22.118,21.732,0.071839,22.198,23.395,22.993,0.16433,4
333,362,346.5,92.696,399,530,511,2464.1,368,461,411,1419.9,368.66,449.05,425.1,915.04,87.239,2950.5,1623.8,1.0291e+06,-0.36323,0.50019,0.10381,0.097034,1.3452,2.8286,1.6093,0.27926,362,397,378,162.86,375,491,465,2006.8,13,112,80,1282.1,-0.034995,-0.0018008,-0.0252,0.0001338,1020,1409,1324.5,20559,373.76,452.62,429.22,869.3,20.429,22.13,21.376,0.28034,1
48.06,54.83,53.63,5.2332,48.64,55.58,54.2,4.5644,48.19,55.26,53.88,4.7205,48.265,55.281,53.962,4.6987,0.0006781,0.40868,0.069305,0.021926,-0.56563,1.1742,0.44931,0.45734,1.5293,3.5915,2.1675,0.52624,48.16,55.14,53.76,4.8267,48.38,55.48,54.1,4.6434,0.03,1.28,0.41,0.15732,-0.00027347,0.0043214,9.344e-05,2.0495e-06,3,849,816,76751,48.28,55.308,53.972,4.6971,33.897,125,35.187,892.74,2
23.77,24.25,24.14,0.032111,23.79,24.56,24.27,0.066711,23.78,24.43,24.22,0.054511,23.783,24.405,24.213,0.050412,5.2381e-05,0.0069023,0.00086518,5.2515e-06,-0.63179,0.48261,-0.3093,0.15346,1.8259,2.6079,2.1694,0.05409,23.78,24.35,24.19,0.042603,23.79,24.46,24.24,0.057575,0.01,0.12,0.05,0.0013944,-0.00017857,1.5058e-05,3.6896e-06,3.8972e-09,4,1270,1215,1.6373e+05,23.79,24.412,24.219,0.050441,21.988,96.667,23.558,599.87,4
273,294,281,56,438,705,556.5,8689.6,307,438,353,2337.1,323.31,442.54,382.05,1449.5,1422.5,9744.8,4849.7,8.8025e+06,0.14178,1.8692,0.61905,0.32938,1.4651,5.8397,2.5181,1.9626,299,329,308,105.98,325,475,414,2224,26,146,104.5,1522.8,-0.044242,-0.0015156,-0.037633,0.00021004,1035,1433,1329,20934,326.01,439.36,381.99,1295.2,20.08,22.116,21.136,0.40142,1
45.04,51.35,48.24,5.0198,48.48,56.54,53.62,6.6464,46.62,53.35,50.3,5.0929,46.859,53.453,50.866,4.9609,0.91208,5.0927,2.3522,2.3876,-0.099346,0.66338,0.19557,0.085082,1.5278,2.64,1.8115,0.12587,45.97,52.18,49.325,4.8146,47.67,54.45,52.24,5.2816,1.7,3.76,2.665,0.42071,-0.00093088,0.0011729,3.133e-05,4.2942e-07,588,772,701.5,4621.6,46.858,53.506,50.796,5.1073,36.489,41.962,38.094,4.6984,2
23.74,24.27,24.13,0.026393,25.43,27.56,25.895,0.55473,24.74,25.94,25.315,0.15005,24.746,25.854,25.205,0.15589,0.2149,1.2173,0.31239,0.11568,-0.495,0.082437,-0.21205,0.045086,1.6228,1.9988,1.7301,0.014005,24.35,25.22,24.693,0.075725,25.16,26.78,25.745,0.33676,0.78,2.02,1.0525,0.16131,-0.00039762,0.00016632,-0.00010005,3.7585e-08,858,1150,1108.5,14171,24.737,25.874,25.21,0.15709,25.021,27.622,25.355,0.78784,4
463,501,476.5,133.7,610,1034,805.5,16734,522,631,587.5,1421,533.79,661.18,612.25,1533.2,1009.1,16543,7029.9,2.0779e+07,-0.18426,1.4314,0.36624,0.31284,1.431,4.316,1.8929,1.0645,503,543,519.5,172.21,565,709,675.5,2239.1,56,172,152.5,1614.4,-0.066975,0.0022513,-0.037283,0.00045891,993,1383,1337.5,23627,537.54,658.4,613.51,1398.9,20.795,22.028,21.284,0.19924,1
52.81,59.25,54.59,4.7238,55.86,61.94,60.28,4.8885,54.23,60.28,56.925,4.2972,54.302,60.207,57.246,4.0809,0.26138,4.1187,2.5514,2.4842,-0.44134,0.36966,0.19032,0.089696,1.5854,2.016,1.8356,0.015148,53.51,59.83,56.2,4.5902,55.01,60.59,58.695,4.7142,0.76,3.49,2.75,1.0953,0.00019786,0.0015974,0.00090272,2.2255e-07,528,763,702.5,7522.9,54.312,60.224,57.235,4.1879,37.651,41.614,40.693,1.6667,2
21.72,22.46,22.17,0.064993,23.06,579.27,23.865,66161,22.5,23.8,22.99,0.19591,22.489,25.109,23.023,0.86987,0.067056,54.408,0.21163,625.02,-0.39599,75.337,0.13123,1195.6,1.9188,5703.7,2.5422,6.8188e+06,22.26,23.17,22.64,0.10436,22.76,24.63,23.465,0.365,0.25,1.46,0.61,0.13221,-0.00062644,-0.00012427,-0.0002881,2.2416e-08,870,1224,1199,22024,22.497,24.378,23.017,0.38502,23.491,24.761,24.017,0.24305,4
439,455,447,26.286,513,1200,685,54459,472,609,499,2333.7,471.98,715.35,528.28,6775.5,65.596,49687,3476.6,2.8132e+08,-0.17976,0.94636,0.66531,0.12583,1.4896,3.7033,2.268,0.48883,463,491,477.5,98.839,479,787,566.5,13359,15,311,91.5,12264,-0.08588,-0.0016073,-0.033946,0.00089632,1037,1436,1410,26913,475.73,689.08,530.75,5369.4,20.041,20.836,20.405,0.085586,1
50.32,54.95,53.51,2.7434,50.9,57.44,55.58,4.667,50.74,56.32,54.86,4.2756,50.717,56.044,54.964,3.858,0.00045,1.2121,0.16931,0.17083,-1.0664,0.99766,0,0.60388,1,3.8985,2.6449,0.84759,50.64,55.39,54.64,3.3743,50.8,57.19,55.42,4.869,0.03,2.18,0.74,0.41625,-0.00027292,0.03,0.00018329,9.8845e-05,0,909,847,82162,0,56.086,54.983,330.49,-999,37.182,32.952,1.1837e+05,2
22.96,24.35,23.53,0.18871,23.37,24.7,24.18,0.18082,23.11,24.355,23.8,0.19092,23.163,24.355,23.894,0.17033,5e-05,0.12201,0.031542,0.0018505,-1.1527,1.2536,0.54252,0.72103,1,4.0431,2.1469,1.2243,23.02,24.35,23.59,0.19709,23.25,24.36,23.97,0.17102,0.01,0.64,0.23,0.043094,-0.00017903,0.01,-4.0729e-05,1.1253e-05,0,1342,1289,1.8888e+05,0,24.048,23.667,62.381,-999,22.379,21.675,1.1577e+05,4
364,382,374.5,38.857,418,744,628,15813,393,460,426,686.21,393.39,483.1,444.61,1189,42.856,8002.1,2953.5,8.9905e+06,0.031262,1.3478,1.0105,0.261,1.7559,4.5291,3.1548,1.0071,384,411,399,85.714,398,508,475.5,1767,9,108,79,1434.4,-0.047494,-0.001187,-0.031735,0.00036269,1203,1693,1644,37931,396.91,479.24,446.02,998.62,16.993,17.834,17.342,0.11701,1
43.09,48.16,46.885,4.0153,44.42,50.58,48.3,5.879,43.59,49.84,47.7,5.7757,43.711,49.582,47.616,5.4116,0.037894,0.55866,0.22347,0.029463,-0.95262,0.82073,-0.51473,0.44884,1.8647,3.6309,2.1617,0.51064,43.39,48.97,47.34,4.9942,43.98,50.16,47.925,6.0186,0.2,1.32,0.71,0.11562,-0.00010688,0.00039532,0.00023957,3.0063e-08,609,854,762,7684,43.768,49.677,47.659,5.4371,33.699,39.041,36.449,3.5733,2
25.18,26.65,25.5,0.33048,25.96,27.01,26.535,0.14181,25.3,26.97,25.725,0.36563,25.393,26.924,25.803,0.30525,0.0036341,0.14672,0.048252,0.0026725,-1.3392,1.1839,0.69171,0.69683,2.0088,3.8167,2.6143,0.43691,25.23,26.88,25.585,0.4007,25.5,26.99,25.98,0.26544,0.08,0.62,0.365,0.033943,-0.00017636,9.3161e-05,-1.4211e-05,1.0669e-08,906,1253,1172.5,17688,25.397,26.932,25.809,0.30747,22.971,24.939,24.175,0.44632,4
349,373,359.5,60.696,402,618,498.5,4308.5,375,458,409.5,1146.4,374.74,448.04,424.29,817.37,42.883,3420.5,1356.3,1.2352e+06,-0.30692,0.48211,0.30987,0.10271,1.4295,3.0975,1.7016,0.37387,370,403,382,134.21,378,494,458.5,1953.8,8,113,68,1396,-0.0337,0.00049514,-0.021518,0.00014364,1002,1366,1300.5,19943,378.42,451.33,426.69,787.92,21.073,22.558,21.606,0.26073,1
47.54,51.86,49.045,2.5004,51.86,56.94,54.885,3.1689,50.03,53.66,51.76,2.0344,50.137,53.76,51.782,2.0879,0.91185,5.0987,3.7642,2.9298,-0.13135,0.2343,0.14772,0.012907,1.5139,1.8712,1.6189,0.015488,48.03,52.18,50.385,2.0352,51.15,55.7,53.293,2.8247,1.79,4.47,3.4725,1.1551,0.00052791,0.0016587,0.0011531,1.3832e-07,573,882,762.5,11954,50.138,53.625,51.737,1.9536,32.638,38.754,37.013,4.5352,2
22.9,23.98,23.555,0.1102,24.32,26.72,25.63,0.49219,23.52,25.22,24.51,0.24347,23.555,25.317,24.588,0.26154,0.16567,0.76216,0.44021,0.031515,-0.038661,0.53226,0.17912,0.032579,1.6343,2.1984,1.7005,0.034863,23.18,24.54,23.985,0.1572,23.89,26.08,25.22,0.41214,0.71,1.54,1.22,0.07327,-0.00052224,-0.00031254,-0.00041302,3.926e-09,896,1265,1237,21285,23.561,25.314,24.595,0.26032,22.76,23.937,23.211,0.12881,4
465,507,479,243.14,560,928,710,21100,508,607,541.5,1785.9,512.46,643.61,569.96,1883.2,277.92,11718,2982.4,1.3857e+07,0.28485,1.3738,0.77816,0.13929,1.493,4.5538,2.7767,1.008,495,543,512,340.41,523,700,602.5,3240.7,23,157,92,2207.1,-0.056967,-0.0076674,-0.035692,0.00027062,1085,1524,1484.5,27378,516.24,643.59,572.87,1766,18.862,20.353,19.289,0.24201,1
48.61,54.1,52.125,3.8465,50.8,57.25,55.5,5.0677,49.1,54.89,53.695,4.4041,49.344,55.267,53.927,4.3863,0.36122,2.1298,0.61552,0.5647,-0.33988,0.82431,0.49838,0.13709,1.6994,2.3612,2.0545,0.065015,48.77,54.73,53.095,4.567,49.84,56.26,54.67,4.7983,0.92,2.67,1.2,0.42354,0.00017186,0.001107,0.0004177,1.1323e-07,640,875,855,5879.7,49.351,55.307,53.896,4.3725,32.865,34.299,33.615,0.21757,2
23.12,24.05,23.695,0.089364,24.6,25.25,24.995,0.053198,24.28,24.7,24.455,0.02071,24.129,24.59,24.387,0.025851,0.093927,0.26691,0.12568,0.0035035,-0.88303,0.819,-0.53463,0.32235,1.7102,2.5146,2.1782,0.089668,23.89,24.34,24.07,0.02685,24.4,24.93,24.68,0.033984,0.4,0.85,0.57,0.024213,-0.00029415,-0.00018018,-0.00019996,1.9553e-09,932,1279,1227,12586,24.133,24.601,24.397,0.026507,22.495,24.274,23.212,0.32133,4
