404.0516968,539.0611572,430.2967834,495.6517386,0,252.0073354,3.099441528,537.9743772,0,22.33882141,2.563476563,7.88772311,1
403.3192749,500.9752808,429.6864319,485.5757491,0,94.01571751,5.80134988,229.7464922,0,13.54975891,3.295898438,7.312814979,1
400.1454468,509.2760468,426.3905334,700.9113657,0,117.6786919,4.728635152,176.2531373,0,18.31048584,3.234840393,5.96270173,1
382.3096924,470.505188,419.0831299,356.3777884,0.186264515,219.884105,36.42971317,1611.996924,0.610351563,21.66741943,8.392272949,18.86448706,1
382.3397064,557.8167114,414.0353394,1338.976615,0,279.0919046,3.072730184,1430.596243,0,24.9669342,2.479003906,16.71531554,1
402.586853,503.6608276,429.4422913,484.2625487,0,113.0891542,5.543231964,225.8194427,0,15.3808136,3.417961121,6.761361796,1
398.680603,515.6236725,426.5126038,708.6605967,0,74.60456093,3.377596537,123.4802073,0,14.40423584,2.685531616,5.602784605,1
387.4976807,472.3362427,417.8624268,363.8786353,0,883.2591276,36.1353159,7720.800646,0,32.34851074,8.239746094,32.22175967,1
404.2958374,540.526001,430.7850647,488.3621455,0,775.8892626,2.94046849,3460.261068,0,41.74793243,2.502418518,14.4359557,1
399.4115753,570.3590393,435.1520004,1876.985649,0.842413774,19646.23397,13.07095173,1864917.933,0.457855225,53.56774902,5.0362854,85.82840076,1
438.955307,520.7614136,468.9464493,307.3108853,9098.808779,15693.85713,10422.05386,1647663.977,18.19104004,98.71801758,41.11162186,160.9130014,1
389.1273804,554.003418,423.2838516,1168.001204,0,221.6750107,6.567787171,580.4262714,0,20.25013733,3.750045776,9.978402614,1
453.7013245,599.4658203,487.5395203,1384.616063,0,302.0305303,9.725096087,1533.095168,0,25.37864685,4.183296204,16.67610199,1
410.3000031,539.7999878,451.1999969,1230.575102,0,529.7732141,7.22006958,4043.426557,0,31.34999084,3.899978638,26.1154054,1
382.8125153,519.999939,414.4374847,1197.70706,0,306.286527,3.125076294,550.1244488,0,23.53127289,2.500030518,8.211512339,1
415.2748413,819.8811646,456.001091,6347.132102,0,16320.75074,4.013312466,1954223.687,0,198.49617,2.833129883,521.0811359,1
0.004856002,0.004909233,0.004909233,3.95E-10,0,1.40E-10,0,8.81E-22,0,1.77E-05,0,2.22E-11,7
119.7921125,143.8004044,135.130977,28.24194343,13670.01787,18896.22731,15189.82937,1671404.927,87.58056527,122.7371536,108.2962196,29.47073612,7
0.614677231,607.516594,194.2835644,29739.43093,0.779694711,71743.02291,46282.37489,570627806.4,0.843427778,606.2859721,411.6661426,40738.25358,7
19.29096699,629.5227567,614.8038382,62188.4905,0.073083235,118358.1312,7.559736654,387655937.2,0.398200255,448.6920412,4.048431594,5787.679048,7
0.176968997,618.4909852,572.4757926,26529.76807,0.11948772,162179.9982,12.60328533,409033458.5,0.486695802,569.5261156,5.11032752,6602.22032,7
-0.943921668,426.4513964,184.3850976,8579.010989,385840.5823,1309208.563,601210.5401,1.07534E+11,67.1939436,2104.419786,557.531877,432145.3318,7
1728.564433,2018.958903,1751.18657,2010.032112,3.83E-05,56599.41049,32.66308422,24889150.71,0.008756837,293.5169165,8.520978838,994.741454,7
992.6021167,1163.168111,1069.927122,247.5218968,0.006892642,5216.29376,9.322107415,172773.6866,0.117410753,102.1400388,4.278492785,107.6631831,7
2342.355935,2926.206427,2497.066897,11840.34919,0.071066344,297149.5296,64.9907833,501794721.3,0.377004892,770.9079447,11.67318103,5203.301412,7
1302.947572,1815.941538,1342.021761,7161.132145,0.129950233,28181.04829,37.35998372,15643369.8,0.471745806,218.6261391,8.718180511,1526.543175,7
2140.098456,2334.400463,2266.438303,3932.66765,0.002037309,100368.1736,26.07067892,60490933.31,0.063832735,322.3421206,7.410704041,1100.002763,7
1276.719634,1677.613466,1545.930451,592.8163644,1.66E-05,134310.2964,49.38755622,123995711.2,0.005761077,518.2862075,9.807369765,2035.938828,7
432.2591095,585.9219451,541.7314872,1826.990281,0,4871.983602,2.460648793,465588.9029,0,98.71153532,2.277785897,214.9419074,7
1911.588555,1967.316377,1945.26643,115.2581911,0.19113434,52550.61968,20.71868643,41067491.72,0.618278805,301.4361508,6.369475754,1591.61152,7
40.30709267,46.25788498,43.67038059,1.36294232,1.22E-06,0.159712392,0.002829402,0.0004341,0.001564026,0.589063644,0.076563835,0.01075663,2
39.57824707,44.63451385,43.01888657,1.076606142,0,0.071906029,0.002476414,8.64E-05,0,0.376564026,0.072658539,0.004304911,2
36.05312347,43.02656555,41.00156403,1.769731193,7.40E-05,0.512454864,0.007494214,0.003749529,0.01171875,0.935156822,0.119532585,0.031552479,2
40.07524872,45.43153381,43.59714508,1.19636647,1.95E-05,0.073760848,0.002513145,9.14E-05,0.006248474,0.428127289,0.072657108,0.004921055,2
26.41594505,87.15797424,55.62730026,286.5520025,0,166.1663678,0.35563979,398.7527848,0,16.80903912,0.87890625,6.593081034,2
73.59055328,76.85591888,76.00144196,0.35548577,0,0.135352214,0.014280279,0.00060028,0,0.549316406,0.171661377,0.011120563,2
74.90657043,78.90436554,77.75996399,0.491110169,0,0.782776624,0.018859282,0.003647666,0,1.251220703,0.198364258,0.019044153,2
75.53990173,92.91963196,92.70600891,19.56579426,0,48.88288211,0.008692344,17.62796337,0,9.887657166,0.137329102,1.173385883,2
41.49763489,65.82008362,55.32205963,25.50215362,0,17.76117878,0.194025536,4.531524863,0,5.699146271,0.648498535,0.765774383,2
43.10798645,93.18721008,58.30569458,66.02516123,0,71.43956889,0.112845252,36.59070286,0,12.4053669,0.480651855,2.158136214,2
35.61028671,35.78118515,35.73235703,0.001472886,0,0.001192093,0,2.98E-08,0,0.048828125,0,0.000138747,2
34.28750229,44.41874695,40.38437462,3.50043724,552.9970282,793.880988,646.3431013,2381.053875,0.187496185,8.132817268,3.973436356,2.771773247,2
40.23265457,45.81037903,43.71652031,1.672573058,0,0.071487074,0.003239945,0.000120072,0,0.39840889,0.07968235,0.005598884,2
38.94375229,52.30000305,43.81562614,6.552931518,1.95E-05,19.23066215,0.07170603,4.6081147,0.006252289,5.887495995,0.370312214,0.605783893,2
42.47500229,50.20624924,47.70000172,2.423937651,0,5.798126774,0.022239823,0.289955971,0,3.46875,0.213282108,0.221438024,2
40.03787804,45.22604561,43.20743942,1.140390082,0,5.598882391,0.006793289,0.143808169,0,3.373194695,0.119522095,0.072753877,2
36.75215912,93.43841553,86.72457123,251.2065786,0,93.44879189,0.226885468,103.8384046,0,12.80208588,0.671386719,4.91808349,2
37.22210693,46.3440361,41.0643158,3.306472217,0,2.689522114,0.039285536,0.116029749,0,2.459394455,0.275784016,0.149701491,2
44.99542999,50.94633484,48.85588837,1.138110374,0,0.183780988,0.008226683,0.000341262,0,0.640869141,0.137329102,0.008347239,2
46.33111572,51.32072449,49.65752411,0.921230401,0,0.145593813,0.007450581,0.000263586,0,0.572198868,0.122070313,0.007217418,2
41.54341125,70.47399902,46.53302002,30.75719709,0,157.3669152,0.029957543,160.2916347,0,16.86854553,0.25177002,2.734192746,2
40.55213547,66.87347031,54.46811295,31.99678683,0,12.97264996,0.046875677,3.270510168,0,5.172718048,0.32043457,0.789361983,2
39.95000076,46.39687538,44.10468864,1.855886463,0,0.208606629,0.003541523,0.0003778,0,0.604688644,0.084376812,0.007464599,2
44.92000008,50.89999962,48.8475008,1.107530683,0,0.202109349,0.0078125,0.000463847,0,0.663751602,0.125,0.009728594,2
46.29999924,51.27500153,49.62750053,0.933785067,0,0.11573324,0.0078125,0.000252779,0,0.479999542,0.125,0.00702226,2
41.56000137,70.45750046,46.61750031,30.87387848,0,146.7077095,0.028133483,207.133757,0,16.27500057,0.244999886,3.895653047,2
35.61000061,35.77999878,35.72999954,0.001381788,0,0.001249962,0,2.42E-08,0,0.049999237,0,0.000127158,2
42.45893478,65.68275452,54.74985886,26.19753072,0.000465661,23.88939267,0.172020586,7.352496681,0.030517578,6.912220001,0.595091343,0.972067649,2
37.14374924,44.39375114,41.39375114,1.833121828,4.853937666,22.34482363,9.118309967,12.27600319,1.822704315,7.299278259,3.834405899,1.412380808,2
37.24710846,49.94093513,43.30807781,5.260593493,0.000377666,4.309392964,0.031870528,0.271206813,0.018749237,3.631271362,0.262498856,0.211559823,2
31.03124809,51.1875,35.24687576,23.69562423,1.95E-05,48.72807811,0.021770916,26.3592538,0.006244659,9.998436928,0.2109375,2.000853306,2
39.8252449,45.58152771,43.51589394,1.115978792,0,0.16550787,0.004427187,0.00049125,0,0.609375,0.098436356,0.010920828,2
32.390625,48.43750191,35.90625095,13.55070311,0.003386555,31.0626108,2.067367576,25.69002024,0.103123665,10.01874924,2.510155678,3.980243381,2
37.59375,43.79375076,41.63125038,1.589120812,0,0.516366181,0.003919264,0.003259814,0,0.999998093,0.09375,0.020207266,2
34.63124847,42.61249924,38.99375153,3.379553807,120.6404175,251.209634,163.5649967,725.2849794,0.106249809,11.56406307,3.052342892,4.833061947,2
36.74397278,44.13777161,40.83775139,2.245923587,0.028177137,9.601348153,1.866220207,3.828452311,0.234375,4.237524033,1.994542122,0.792701738,2
30.98749924,50.74375153,36.23125267,20.45126243,1.95E-05,43.9991009,0.032200617,12.39442843,0.006244659,8.896874428,0.267188072,1.199566183,2
34.29999924,53.44999695,37.91562462,24.58740405,1.95E-05,44.5381612,0.261646984,16.47006848,0.006244659,9.389064789,0.735935211,1.653460851,2
34.88124847,52.73437691,39.49218845,23.2021395,0,41.85883267,0.011250229,19.33783842,0,8.956253052,0.153122902,2.151103342,2
41.2077179,65.30128479,53.35368347,29.5667263,0,12.67759013,0.197362776,2.507561653,0,5.035392761,0.633239746,0.680893074,2
40.23124695,45.08437538,43.92031479,0.933872488,0,0.192225089,0.001419285,0.000425109,0,0.628123283,0.056247711,0.007192889,2
42.05961418,51.20654869,45.73464108,3.698007189,0,2.449777708,0.014634259,0.100366548,0,2.368764877,0.177344799,0.117975769,2
39.8252449,45.60028076,43.52214336,1.111233109,1.95E-05,0.169963565,0.004335942,0.000480834,0.006252289,0.614067078,0.095314026,0.010854362,2
39.74375153,43.84375,42.578125,0.662613059,0,0.689422296,0.000957232,0.004457864,0,1.237495422,0.043754578,0.017504521,2
36.55379486,93.46893311,86.87715912,251.263774,0.000465661,75.35148528,0.374081234,100.6665314,0.030517578,12.93180084,0.869745255,4.680073965,2
36.4927597,93.40789795,86.64827728,252.583542,0.000465661,146.5432542,0.243229015,167.3715335,0.030517578,17.16609764,0.70953083,5.194826211,2
36.76741791,93.40789795,86.92293549,252.8056478,0,212.0528736,0.281020766,416.3758853,0,19.77535057,0.759117126,7.794649929,2
36.76741791,93.46893311,86.64064789,252.899048,0,144.268658,0.296199384,198.0558884,0,17.16609764,0.762939453,6.052442222,2
36.55379486,93.46893311,86.87715912,251.8013877,0,80.59292442,0.402952234,107.109007,0,12.74868393,0.926965714,4.752199675,2
40.26099777,46.35320282,43.66881752,1.371429097,3.26E-06,0.219732117,0.003135643,0.000607073,0.002346039,0.653909683,0.080274582,0.011226417,2
39.57824707,44.65482712,43.0298233,1.08421968,0,0.057131406,0.002492247,8.06E-05,0,0.328127861,0.073243618,0.004171617,2
35.984375,42.9921875,41.00312424,1.748494759,4.88E-06,0.477034786,0.00704856,0.003802892,0.003124237,1.023439407,0.119139194,0.032605162,2
42.45893478,65.40809631,54.80326462,26.14641869,0.000116415,23.88939267,0.155490833,5.401664688,0.015258789,6.912220001,0.583645821,0.822650186,2
40.12662506,46.28132629,43.65162945,1.384596635,7.28E-12,0.188507912,0.003404932,0.00065599,3.81E-06,0.619923592,0.08261776,0.012599702,2
1,1,1,0,0,0,0,0,0,0,0,0,21
1,3,1,0.039858264,0,2,0,0.017857143,0,2,0,0.017857143,21
1,1,1,0,0,0,0,0,0,0,0,0,21
1,1,1,0,0,0,0,0,0,0,0,0,21
1,1,1,0,0,0,0,0,0,0,0,0,21
1,1,1,0,0,0,0,0,0,0,0,0,21
1,1,1,0,0,0,0,0,0,0,0,0,21
1,1,1,0,0,0,0,0,0,0,0,0,21
1,1,1,0,0,0,0,0,0,0,0,0,21
1,1,1,0,0,0,0,0,0,0,0,0,21
1,1,1,0,0,0,0,0,0,0,0,0,21
1,1,1,0,0,0,0,0,0,0,0,0,21
1,1,1,0,0,0,0,0,0,0,0,0,21
1,2,1,0.19326053,0,0.5,0,0.013728179,0,1,0,0.054912716,21
1,1,1,0,0,0,0,0,0,0,0,0,21
1,1,1,0,0,0,0,0,0,0,0,0,21
1,1,1,0,0,0,0,0,0,0,0,0,21
1,2,1,0.229014854,0,0.5,0,0.009684297,0,1,0,0.038737188,21
1,1,1,0,0,0,0,0,0,0,0,0,21
1,2,1,0.229014854,0,0.5,0,0.009684297,0,1,0,0.038737188,21
1,1,1,0,0,0,0,0,0,0,0,0,21
1,1,1,0,0,0,0,0,0,0,0,0,21
1,1,1,0,0,0,0,0,0,0,0,0,21
1,2,1,0.19326053,0,0.5,0,0.013728179,0,1,0,0.054912716,21
1,2,1,0.19914618,0,0.5,0,0.011726257,0,1,0,0.046905029,21
20.11201223,22.06720776,20.59206009,0.411384281,0,0.410881896,0.000399984,0.001996695,0,0.960095723,0.029999415,0.018075366,4
20.10222541,22.16222127,20.93721602,0.204380568,0,0.090526215,0.001799803,9.12E-05,0,0.449981689,0.059996711,0.004536235,4
20.4822286,23.36221907,21.94972886,0.60868948,0,0.180003153,0.004633351,0.000370541,0,0.600005256,0.0987392,0.009187814,4
19.5122295,21.21220907,20.50971773,0.096043796,0,0.288808066,0.000799715,0.000912,0,0.760010613,0.040001339,0.01615049,4
19.522224,21.14221785,20.56722217,0.106170296,0,0.211246584,0.000799715,0.000590653,0,0.649994744,0.040007697,0.013741935,4
20.03221724,21.51223077,20.45223236,0.032155921,0,0.121433691,0.000450014,0.000165017,0,0.517501831,0.030005773,0.005744892,4
19.60222456,21.39220344,20.7472229,0.07044577,0,0.123892157,0.000233275,0.000337336,0,0.535017649,0.022498767,0.010257747,4
19.01222865,21.20223151,20.24221632,0.137350231,0,0.333105173,0.000262424,0.00192854,0,0.802507401,0.02374755,0.025350462,4
20.56221856,23.79721748,21.20722029,0.579678407,0,0.05363594,0.00090041,9.01E-05,0,0.337508519,0.044997533,0.005311915,4
21.00221846,22.84720527,21.45722071,0.14725772,0,0.082201358,0.000933693,0.000123388,0,0.490004222,0.044998593,0.005118653,4
20.11722565,22.77220832,20.83220588,0.386873999,0,0.175893544,0.001233017,0.000358931,0,0.622488658,0.049987369,0.008052744,4
20.3922187,22.23722034,20.92721515,0.182655234,0,0.055037383,0.001241454,6.26E-05,0,0.337508519,0.050004323,0.004028364,4
20.06221771,22.53221724,20.71221246,0.287404909,0,0.055836772,0.000933438,6.90E-05,0,0.344991684,0.045000712,0.003831664,4
20.37221273,21.48223029,20.78971863,0.050992169,0,0.030167221,0.001233646,2.33E-05,0,0.230013529,0.050004323,0.002326267,4
20.22222095,23.83220673,20.8672248,0.182375653,0,0.357728087,0.001299695,0.00149636,0,0.802504222,0.052506129,0.013534554,4
20.07222493,23.10222626,20.96721649,0.312737073,4.98E-05,0.220629541,0.001599429,0.00058233,0.009977553,0.697495143,0.059989293,0.009689324,4
19.54222785,22.43723128,20.57721668,0.394992325,0,0.345240661,0.002067123,0.001488615,0,0.877510707,0.067497889,0.017708062,4
19.7122256,21.7972162,20.48472404,0.176486785,0,0.151761516,0.00279073,0.000359725,0,0.574997796,0.075006485,0.008905809,4
19.51222738,22.83220503,20.39472156,0.443014195,0,0.055233391,0.001683406,7.30E-05,0,0.35250028,0.060011546,0.004801177,4
19.76222992,22.13220808,20.41221513,0.184955932,0,0.135772471,0.001300288,0.0004289,0,0.620011224,0.052506129,0.009019743,4
19.61223602,23.58220418,20.63222249,0.644347202,0,0.276028751,0.002783038,0.000904273,0,0.787493388,0.077496105,0.013738701,4
19.85222711,22.3572286,20.51472452,0.251899538,0,0.129734406,0.002233119,0.000268657,0,0.540002187,0.067509015,0.007694079,4
19.86223433,22.57222493,20.79472224,0.334236959,0,0.193195094,0.001633559,0.000425117,0,0.67999098,0.059996711,0.009128114,4
20.002221,21.34221395,20.55221558,0.103283636,0,0.053630204,0.001033215,2.88E-05,0,0.337486267,0.04500707,0.002066822,4
19.83220418,22.04222785,20.7172309,0.258247962,0,0.215550572,0.001599429,0.000496178,0,0.704983605,0.059993002,0.009116024,4
19.43222682,21.97221968,20.23721907,0.311022724,0,0.219633606,0.001333105,0.000389951,0,0.720002916,0.057495965,0.007831788,4
19.69222175,20.90221193,20.1547167,0.086631854,0,0.107203958,0.000878639,7.09E-05,0,0.480009715,0.044997003,0.002919121,4
19.50222015,23.19222132,20.62972069,0.648460243,0,0.197090115,0.002100024,0.000537034,0,0.684996711,0.069982741,0.009693993,4
21.33220673,23.87221442,22.10973316,0.369899978,0,0.085431069,0.000800308,8.50E-05,0,0.449996524,0.040006638,0.004802714,4
19.87721973,26.08222114,22.12221358,1.087092199,0,1.428116643,0.013430092,0.017467167,0,1.792510351,0.171233813,0.058542221,4
20.93221029,23.55222278,21.94222132,0.314399024,0,0.152799919,0.003666524,0.000379109,0,0.619996389,0.089995066,0.008931484,4
20.70722156,23.86223687,22.08220588,0.476860183,0,0.131661151,0.002579463,0.00032571,0,0.610001882,0.075003306,0.008969222,4
21.57222748,23.25222015,22.11223602,0.173888653,0,0.024192996,0.000449887,1.93E-05,0,0.229994456,0.030003124,0.002459432,4
20.97222222,23.46222772,21.98223008,0.335935587,0,0.124637438,0.003400715,0.000239219,0,0.525010427,0.089995066,0.007147039,4
19.9222162,22.08220588,20.91222127,0.283019848,0,0.122638053,0.001033314,0.000108197,0,0.525010427,0.045000712,0.00406508,4
19.82222663,21.41222212,20.62221527,0.106216619,0,0.112304458,0.001684197,0.000122456,0,0.502510071,0.059994592,0.005018558,4
19.48223114,21.26222822,20.31722175,0.128589646,0,0.160040621,0.002033176,0.000259846,0,0.600013733,0.067497889,0.007695248,4
19.94722578,21.70223236,20.66971567,0.105261449,0,0.088204572,0.002442432,0.000171227,0,0.420010885,0.070008172,0.006888811,4
20.14220344,22.25221846,20.71721713,0.149597458,0,0.103605455,0.000233303,0.000282663,0,0.480012894,0.022500356,0.009965077,4
19.84722137,21.59221649,20.57721668,0.157256343,0,0.025901003,0.000433451,1.09E-05,0,0.240004857,0.030005773,0.001583084,4
21.16220898,22.79221429,21.61221822,0.104495616,0,0.036233792,0.000633033,2.40E-05,0,0.285002391,0.037488937,0.002252436,4
21.07222663,23.42722151,21.74221039,0.270181574,0,0.04203416,0.001433475,4.76E-05,0,0.307502747,0.052506129,0.003428762,4
21.10222711,23.76721912,22.12722778,0.312131297,0,0.620563411,0.00179993,0.003134367,0,1.095000373,0.060014725,0.020795353,4
21.27222273,24.1522132,22.30222278,0.268758181,0,0.168328761,0.002516177,0.000547816,0,0.544997321,0.075000127,0.011446838,4
20.61722438,22.95223236,21.17223104,0.161112904,0,0.067104328,0.000400196,2.92E-05,0,0.43000963,0.029997296,0.002140735,4
19.98221503,23.20223067,20.77220917,0.347685921,0,0.162528917,0.001799803,0.000340228,0,0.659987132,0.059996711,0.008827322,4
20.33220503,25.17223358,22.63971647,1.080182519,0,0.474145066,0.00723361,0.004509671,0,0.974992116,0.127509435,0.03342446,4
20.67223443,24.392217,22.62221442,0.780187385,0,0.361761776,0.004266013,0.002041957,0,0.945006477,0.097503662,0.022276504,4
20.38222419,24.16721344,22.16722806,1.108785609,0,0.160295423,0.003628966,0.000390551,0,0.599991481,0.089988708,0.010597556,4
20.81221686,25.40721893,22.41222382,1.218368175,0,0.759626353,0.003201571,0.007681233,0,1.252511342,0.082489649,0.0270716,4
20.90221193,24.45722156,22.44222005,0.789128851,0,0.085172522,0.003198858,0.000169819,0,0.450013479,0.082489649,0.007426255,4
19.24221039,21.37221442,20.36223518,0.154312331,0,0.362122094,0.000933198,0.000752604,0,0.899985631,0.044997533,0.008877914,4
19.44222344,21.43221113,19.85222711,0.214481862,0,0.06003901,0.000632977,2.70E-05,0,0.367517471,0.037488937,0.001971659,4
20.76721827,21.95722156,21.2047259,0.085902264,0,0.123326405,0.000400154,7.23E-05,0,0.524984996,0.029983521,0.002367909,4
21.62721846,22.9472118,21.97222074,0.085525926,0,0.030701198,0.000233402,9.39E-06,0,0.262505213,0.022500356,0.001527497,4
19.36223348,21.08720991,20.41973008,0.097915064,0,0.075697493,0.000800308,0.000121594,0,0.412492752,0.040007697,0.005839975,4
22.38888635,25.81887987,23.33389282,0.392861998,0,0.811624918,0.000750384,0.006677536,0,1.349992752,0.038761033,0.033404747,4
21.20722029,22.9022132,21.8972079,0.146559822,0,0.03103343,0.000632977,1.57E-05,0,0.254999797,0.037488937,0.002047008,4
20.81221686,22.35221015,21.68721729,0.093535097,0,0.031250636,0.00019978,1.57E-05,0,0.250002543,0.019989014,0.001999667,4
19.08220503,20.00221888,19.28221809,0.060589458,0,0.011800289,0.000899965,3.89E-06,0,0.169999864,0.044997533,0.000868008,4
20.39220174,21.22222053,20.74220869,0.034553146,0,0.02730328,0.000100187,5.64E-06,0,0.225013097,0.015014013,0.000841893,4
20.39220174,21.36221992,20.69721964,0.025620846,0,0.096398191,5.01E-05,6.09E-05,0,0.464995702,0.010011461,0.002494557,4
20.32222748,21.6922209,20.60222626,0.102839525,0,0.02253155,0.000233247,8.10E-06,0,0.224990845,0.022497177,0.001397606,4
20.38721297,21.60722944,20.93471315,0.06399764,0,0.07063231,9.99E-05,2.51E-05,0,0.397497813,0.01499176,0.001450869,4
19.74221124,21.2922287,20.47722499,0.066639234,0,0.113227639,0.000441711,0.000133728,0,0.502487818,0.030005773,0.00466023,4
19.77220747,22.31221517,21.29721748,0.275078813,0,0.343443303,0.001433136,0.001875883,0,0.802504222,0.052506129,0.019452625,4
21.08555264,24.33054818,22.0255555,0.693957007,0,0.394298633,0.001232452,0.001267777,0,0.9375,0.050004323,0.014870977,4
20.16222212,21.59221437,20.68221198,0.111645533,0,0.108696334,0.000799715,0.000191869,0,0.455002255,0.040007697,0.005602295,4
20.71221246,23.23223114,21.46221161,0.305609718,0,0.056234708,0.001233631,8.61E-05,0,0.352503459,0.052480698,0.004849874,4
20.33222198,23.19222344,20.99471304,0.342294725,0,1.042620502,0.000433535,0.007837484,0,1.514991124,0.030005773,0.029644207,4
20.81221686,23.36223602,21.88721339,0.339649512,0,0.04572977,0.001033116,4.41E-05,0,0.314985911,0.044997533,0.003397437,4
20.35722944,21.38222588,20.71221246,0.061717763,0,0.016934453,0.000400154,4.63E-06,0,0.195007324,0.030000475,0.001202808,4
21.08220418,21.86222076,21.27222273,0.037984246,0,0.008700049,0.00019978,1.91E-06,0,0.13999939,0.019989014,0.000757766,4
20.42223189,21.43721686,21.00221846,0.070969277,0,0.045302748,0.00019978,1.19E-05,0,0.315008163,0.019989014,0.001107242,4
20.57222578,22.11221907,21.45222982,0.138681231,0,0.027230668,0.000633832,8.61E-06,0,0.247488022,0.03751119,0.001287718,4
18.83722517,20.5922148,19.54222785,0.105759809,0,0.079599185,0.000917044,0.000199674,0,0.419998169,0.044997533,0.008595461,4
21.38222588,22.89220174,22.56722132,0.1906859,0,0.001233631,5.01E-05,1.60E-08,0,0.052506129,0.010007222,6.53E-05,4
21.06221517,22.792227,21.42223358,0.167083168,0,0.021034173,0.000100208,1.02E-05,0,0.217504501,0.015015602,0.001866862,4
19.95223151,20.71221246,20.09221395,0.03859464,0,0.061252433,0.001233631,2.34E-05,0,0.350006951,0.050017039,0.001436348,4
20.82222833,22.31221517,21.21220907,0.127149055,0,0.045702647,0.000100187,2.01E-05,0,0.307502747,0.015014013,0.001981945,4
20.39220174,20.80721113,20.61972618,0.006771496,0,0.006101013,5.01E-05,2.38E-07,0,0.105012258,0.010011461,0.00017602,4
20.21721522,21.86221864,20.87471644,0.114740324,0,0.094428288,0.000233303,4.62E-05,0,0.457487106,0.022500356,0.001966564,4
19.44222344,22.61223687,21.43221113,0.544674716,0,1.022708418,0.002582933,0.011226379,0,1.462507248,0.075003306,0.036842767,4
19.98223199,20.95722198,20.47972043,0.057024721,0,0.004359465,0.00019978,4.31E-07,0,0.105010139,0.019996431,0.000382208,4
20.41722827,21.07721541,20.66222297,0.028386905,0,0.002498737,9.99E-05,1.22E-07,0,0.074981054,0.01499176,0.000178263,4
20.33220503,22.42223104,20.98722034,0.113723857,4.98E-05,0.198389551,0.001733407,0.00052381,0.009977553,0.659980774,0.060013135,0.010988689,4
20.3472201,21.64220174,20.81221686,0.073490188,0,0.026452137,0.000233402,1.05E-05,0,0.230009291,0.022500356,0.001719382,4
20.45223236,20.91222127,20.68221198,0.009910327,0,0.002532133,5.01E-05,1.58E-07,0,0.075003306,0.010011461,0.000220197,4
20.17722236,21.32222493,20.82472271,0.074572888,0,0.115904318,0.000233303,7.69E-05,0,0.502510071,0.022500356,0.002876099,4
18.89220344,21.32222493,20.59722159,0.244195685,0,0.4289404,0.001233631,0.002612049,0,0.945008596,0.052506129,0.019236513,4
19.67223273,21.02220747,20.12722015,0.08353652,0,0.027631839,0.000399561,1.34E-05,0,0.247491201,0.029989878,0.002206322,4
20.41222466,21.75221973,21.05220795,0.040370684,0,0.04423016,0.000899901,2.48E-05,0,0.31498909,0.044997533,0.002030975,4
20.53722382,21.63222419,20.83721903,0.08845319,0,0.038097052,0.000450014,4.78E-05,0,0.292488734,0.030008952,0.004410004,4
20.20722071,22.15721766,21.50221931,0.193966165,0,0.320230432,0.001600022,0.00129192,0,0.757484436,0.059989293,0.014313408,4
20.50205231,22.33223597,20.92709541,0.358697492,0,0.431645377,0.000200035,0.002067081,0,1.065107981,0.020001729,0.018838322,4
20.67223443,21.58220503,21.28221724,0.035538067,0,0.013430867,0.000100187,2.16E-06,0,0.172484716,0.015014013,0.000689879,4
20.39037069,21.25180774,20.89354621,0.036798782,0,0.00483119,0.000171254,5.46E-07,0,0.104255676,0.019008319,0.000386764,4
20.38721297,21.06221517,20.55722025,0.009404326,0,0.007231886,5.01E-05,3.50E-07,0,0.127487183,0.010007222,0.000213489,4
19.8709933,20.49840291,20.18263923,0.007185953,2.42E-06,0.04218711,0.002343485,5.50E-05,0.002199809,0.306266149,0.06849236,0.004452074,4
21.06358846,21.90898895,21.37747871,0.025974017,0,0.032577584,0.000196742,8.15E-06,0,0.237693787,0.019822121,0.000893128,4
19.89720874,21.8422148,20.78971757,0.178484659,0,0.048700835,0.000846165,5.06E-05,0,0.330003103,0.042502615,0.003868109,4
20.47222137,23.23223114,20.81972546,0.44439262,0,0.056231204,0.001233561,7.49E-05,0,0.344994863,0.049989488,0.004567957,4
19.99220954,21.28221724,20.20222982,0.120550543,0,0.382631701,0.003232487,0.000715672,0,0.862496694,0.082511902,0.006372082,4
21.00221846,22.56221771,21.71972487,0.051070054,0,0.178885194,0.001249474,0.000737854,0,0.615005493,0.049989488,0.01115719,4
18.56514825,21.09477997,19.24794515,0.118128133,2.48E-06,1.359522512,0.000721601,0.016182296,0.00222524,1.745042801,0.038234393,0.048208105,4
21.29015181,22.04707887,21.59786012,0.038391317,0,0.006304384,9.85E-05,4.25E-07,0,0.123002794,0.014296638,0.000316998,4
19.06361898,21.82347616,20.27632819,0.599597935,0,0.251040126,0.003315885,0.00111853,0,0.69653511,0.083680153,0.015097642,4
19.07939911,21.43477546,19.9487008,0.189248551,0,0.387558906,0.001531072,0.001599014,0,0.909941991,0.056454341,0.013060967,4
19.16222466,22.17223273,21.17223104,0.439654766,0,1.051268929,0.003634096,0.010649121,0,1.450013055,0.089995066,0.033529011,4
19.88222334,22.39220513,20.93221029,0.34815651,0,0.219103091,0.002800442,0.000634693,0,0.690008799,0.075004896,0.012702865,4
19.77220747,21.58220503,20.34972191,0.139261925,0,0.055031901,0.000749876,4.78E-05,0,0.344994863,0.039985445,0.003611488,4
20.1922226,21.8422148,20.46472867,0.099194469,0,0.051028963,0.000433437,3.67E-05,0,0.337486267,0.030005773,0.003050876,4
19.68221029,20.28221978,19.90721809,0.007966945,0,0.021236115,0.00029153,3.08E-06,0,0.20251592,0.024994744,0.000531452,4
20.28221978,20.89220259,20.61223348,0.012365444,0,0.091427576,5.01E-05,3.74E-05,0,0.324997372,0.010011461,0.000680661,4
19.95221668,21.33220673,20.4122236,0.058988376,0,0.192630011,0.000633782,0.000223423,0,0.577491124,0.037492116,0.003565646,4
19.91222382,21.42223358,21.00221846,0.10170892,0,0.286287162,0.001233561,0.001000993,0,0.802481969,0.052493413,0.015511253,4
18.50222058,20.44722663,19.44721222,0.156822963,0,0.07213004,0.000866958,8.31E-05,0,0.419998169,0.040007697,0.005000018,4
20.22720973,20.92722151,20.59221692,0.025100357,0,0.010232065,0.000233303,1.91E-06,0,0.134995778,0.022498767,0.000611407,4
18.08220757,20.4822286,19.1222212,0.276516803,4.98E-05,0.283303978,0.002232872,0.001482193,0.009977553,0.780007044,0.067497889,0.018863073,4
21.12221612,22.35723072,21.81721475,0.095430895,0,0.008450635,0.000433189,1.69E-06,0,0.130004883,0.030000475,0.000692154,4
20.147224,21.50221931,20.52220662,0.082098234,0,0.154295064,0.00063309,0.000180799,0,0.577491124,0.037492116,0.003927151,4
20.13222588,21.6922209,20.65472285,0.146481336,0,0.073435507,0.000933368,6.13E-05,0,0.405006409,0.044997533,0.00378819,4
20.68221198,22.37221612,20.98222309,0.179486426,0,0.127896814,0.000750405,0.000374394,0,0.532493591,0.038761033,0.010128807,4
21.74221039,22.91222466,21.98223114,0.043164308,0,0.095489061,0.001900647,0.000110559,0,0.494995117,0.060014725,0.004430235,4
21.12221612,21.95223067,21.4422226,0.027526329,0,0.111438461,0.00063309,7.04E-05,0,0.457512538,0.037492116,0.001931873,4
19.99220954,21.64220174,20.27220832,0.17446723,0,0.05760284,0.000983207,3.80E-05,0,0.360008876,0.044997533,0.002451879,4
18.62721973,19.95223151,19.43721771,0.057493864,0,0.01860186,0.000491349,6.65E-06,0,0.190003713,0.034988191,0.00124831,4
18.34221734,22.55220625,21.01471583,0.627655128,0,2.586645927,0.002516127,0.062336932,0,2.115008036,0.07499218,0.065102548,4
19.72222222,21.05220795,20.17472797,0.094573627,0,0.144300286,0.000933255,0.00016908,0,0.539999008,0.044997533,0.004525479,4
20.94722748,22.78221978,21.4422226,0.222950748,0,0.099634655,0.001249474,6.94E-05,0,0.450003942,0.050019158,0.002903047,4
20.88222504,21.42221875,21.16722743,0.012425244,0,0.002891655,5.01E-05,1.68E-07,0,0.085004171,0.010011461,0.000257065,4
20.58721119,21.18221283,20.81471973,0.01732762,0,0.003733188,9.99E-05,1.85E-07,0,0.089995066,0.01499176,0.000203494,4
20.35222371,20.97222222,20.79222785,0.013307026,0,0.00423367,5.01E-05,4.12E-07,0,0.100006527,0.010011461,0.000360276,4
20.1922226,21.98721992,20.91222127,0.270205056,0,0.078692471,0.000450905,6.26E-05,0,0.425003899,0.030030145,0.002706978,4
20.54222955,21.98223114,21.51721954,0.057324429,0,0.017034456,0.000233798,6.17E-06,0,0.195007324,0.022522608,0.001322891,4
19.56221686,21.19222005,20.08220673,0.105041133,0,0.178901819,0.001250746,0.000411397,0,0.615005493,0.050017039,0.007521998,4
20.71221246,21.45722071,21.21971766,0.032813668,0,0.006001377,9.99E-05,6.26E-07,0,0.120010376,0.01499176,0.000428139,4
19.02222315,21.62221273,19.8172209,0.202513884,0,0.441649759,0.002233366,0.002446028,0,0.96001943,0.067497889,0.022018648,4
20.87223053,22.0522054,21.42722236,0.037629078,0,0.01243181,0.000233324,2.37E-06,0,0.157515208,0.022500356,0.000667561,4
20.25331709,20.93138801,20.62883589,0.023273465,9.66E-06,0.015070113,0.000647162,2.72E-06,0.004395379,0.183426539,0.036322276,0.000683798,4
20.13678233,21.066814,20.80725776,0.029807558,1.78E-06,0.216284307,0.000147425,0.000833521,0.001720852,0.278121101,0.015816159,0.000964919,4
20.53495195,21.57765283,21.17392434,0.055065462,2.54E-07,0.056469417,0.000358059,5.05E-05,0.000712077,0.340073903,0.027515093,0.002098758,4
20.91746436,23.40929667,22.0239173,0.215784421,2.81E-07,0.326639891,0.000572169,0.000675108,0.000762939,0.844418208,0.034569105,0.008757013,4
20.9857644,22.31169807,21.57140838,0.106954831,6.07E-07,0.027030742,0.000455522,1.01E-05,0.001102024,0.243310928,0.031490326,0.001610487,4
20.30220879,22.19722748,20.76472282,0.402368632,0,0.384428918,0.000233247,0.002419004,0,0.929994583,0.022497177,0.021889478,4
20.51176283,21.06956482,20.88170581,0.00910066,1.23E-06,0.010037509,0.001626419,2.34E-06,0.001568264,0.141686334,0.057090123,0.000613113,4
19.69280243,23.5133277,21.89101325,0.442817101,2.41E-06,0.75413652,0.002404321,0.005263456,0.00219557,1.205495199,0.071708361,0.024978368,4
20.83220588,23.16222297,21.55220879,0.282929973,0,0.304199709,0.018585516,0.00484852,0,0.787490209,0.195007324,0.047125862,4
20.64644708,23.45690409,21.32680681,0.332796306,2.41E-06,0.477434011,0.001091909,0.004143759,0.00219557,1.035140355,0.04936854,0.029349888,4
21.14220513,24.26222907,22.84971555,0.282513507,0,0.525720038,0.01628208,0.012265706,0,0.989983877,0.187498728,0.078437325,4
21.25038995,23.20722156,21.83195432,0.199941119,0,0.117372871,0.000540279,9.94E-05,0,0.666139391,0.030852424,0.005479947,4
21.52919769,23.35222456,22.4130853,0.163494008,0,0.422950072,0.000516597,0.001353722,0,0.930016836,0.033006668,0.012736027,4
22.86223518,25.8788681,23.70485518,0.294325131,0,0.836979558,0.001503434,0.003933461,0,1.235825221,0.055007935,0.019835452,4
24.13643731,28.08449215,25.01274745,1.319735927,0,8.010864553,0.001207906,0.286840661,0,4.002715217,0.049183634,0.078264847,4
20.11201223,22.06720776,20.59206009,0.410820979,0,0.391112856,0.000200119,0.001817578,0,0.937595367,0.020005968,0.017367851,4
21.19255914,22.94017792,21.97076374,0.158805337,0.000612272,1.049407529,0.262026439,0.051027741,0.032936732,1.448728773,0.752059619,0.111708757,4
20.74220869,23.16222297,21.55220879,0.282959467,0,0.312441022,0.017740429,0.005136194,0,0.817499161,0.192491743,0.049380731,4
20.64644708,23.45690409,21.32570903,0.332650068,2.41E-06,0.465335133,0.001052695,0.003917066,0.00219557,1.01380984,0.047721863,0.029115714,4
20.98222944,24.26222907,22.78221978,0.2830735,0,0.525720038,0.016166234,0.01235982,0,0.989983877,0.183757146,0.079555441,4
1,1,1,0,0,0,0,0,0,0,0,0,5
1,1,1,0,0,0,0,0,0,0,0,0,5
1,1,1,0,0,0,0,0,0,0,0,0,5
1,1,1,0,0,0,0,0,0,0,0,0,5
1,1,1,0,0,0,0,0,0,0,0,0,5
2,2,2,0,0,0,0,0,0,0,0,0,5
1,1,1,0,0,0,0,0,0,0,0,0,5
1,1,1,0,0,0,0,0,0,0,0,0,5
3,3,3,0,0,0,0,0,0,0,0,0,5
3,3,3,0,0,0,0,0,0,0,0,0,5
3,3,3,0,0,0,0,0,0,0,0,0,5
3,3,3,0,0,0,0,0,0,0,0,0,5
3,3,3,0,0,0,0,0,0,0,0,0,5
4,4,4,0,0,0,0,0,0,0,0,0,5
4,4,4,0,0,0,0,0,0,0,0,0,5
4,4,4,0,0,0,0,0,0,0,0,0,5
4,4,4,0,0,0,0,0,0,0,0,0,5
2,4,2,0.726277226,0,2,0,0.154948751,0,2,0,0.154948751,5
2,2,2,0,0,0,0,0,0,0,0,0,5
2,2,2,0,0,0,0,0,0,0,0,0,5
2,2,2,0,0,0,0,0,0,0,0,0,5
2,2,2,0,0,0,0,0,0,0,0,0,5
4,4,4,0,0,0,0,0,0,0,0,0,5
1,1,1,0,0,0,0,0,0,0,0,0,5
1,1,1,0,0,0,0,0,0,0,0,0,5
1,1,1,0,0,0,0,0,0,0,0,0,5
1,1,1,0,0,0,0,0,0,0,0,0,5
1,1,1,0,0,0,0,0,0,0,0,0,5
1,1,1,0,0,0,0,0,0,0,0,0,5
1,1,1,0,0,0,0,0,0,0,0,0,5
1,1,1,0,0,0,0,0,0,0,0,0,5
1,2,1,0.19326053,0,0.5,0,0.013728179,0,1,0,0.054912716,5
1,1,1,0,0,0,0,0,0,0,0,0,5
1,1,1,0,0,0,0,0,0,0,0,0,5
1,1,1,0,0,0,0,0,0,0,0,0,5
1,2,1,0.229014854,0,0.5,0,0.009684297,0,1,0,0.038737188,5
1,1,1,0,0,0,0,0,0,0,0,0,5
1,2,1,0.229014854,0,0.5,0,0.009684297,0,1,0,0.038737188,5
1,1,1,0,0,0,0,0,0,0,0,0,5
1,1,1,0,0,0,0,0,0,0,0,0,5
1,1,1,0,0,0,0,0,0,0,0,0,5
1,2,1,0.19326053,0,0.5,0,0.013728179,0,1,0,0.054912716,5
1,2,1,0.19914618,0,0.5,0,0.011726257,0,1,0,0.046905029,5
3,3,3,0,0,0,0,0,0,0,0,0,5
3,3,3,0,0,0,0,0,0,0,0,0,5
3,3,3,0,0,0,0,0,0,0,0,0,5
3,3,3,0,0,0,0,0,0,0,0,0,5
3,3,3,0,0,0,0,0,0,0,0,0,5
3,3,3,0,0,0,0,0,0,0,0,0,5
3,3,3,0,0,0,0,0,0,0,0,0,5
3,3,3,0,0,0,0,0,0,0,0,0,5
2,2,2,0,0,0,0,0,0,0,0,0,5
2,2,2,0,0,0,0,0,0,0,0,0,5
2,2,2,0,0,0,0,0,0,0,0,0,5
2,2,2,0,0,0,0,0,0,0,0,0,5
2,2,2,0,0,0,0,0,0,0,0,0,5
2,2,2,0,0,0,0,0,0,0,0,0,5
2,2,2,0,0,0,0,0,0,0,0,0,5
2,2,2,0,0,0,0,0,0,0,0,0,5
57.5,65,65,2.359237776,0,28.125,0,10.58195756,0,7.5,0,0.856592011,6
54.5,83.82619476,62,55.0659306,0,264.5,0,2760.424199,0,23,0,22.7132607,6
69.5,74,71.5,2.02637575,0,10.125,0,1.629615117,0,4.5,0,0.461036015,6
55,55,55,0,0,0,0,0,0,0,0,0,6
33,33,33,0,0,0,0,0,0,0,0,0,6
66.5,71,68.5,2.027150582,0,10.125,0,1.629837975,0,4.5,0,0.463508332,6
3,3,3,0,0,0,0,0,0,0,0,0,6
3.333333333,3.333333333,3.333333333,9.59E-29,0,0,0,0,0,0,0,0,6
65,65,65,0,0,0,0,0,0,0,0,0,6
30,30,30,0,0,0,0,0,0,0,0,0,6
1.379999982,1.379999982,1.379999982,9.71E-30,0,0,0,0,0,0,0,0,6
4.159999688,4.159999688,4.159999688,1.78E-28,0,0,0,0,0,0,0,0,6
23.65062714,23.67916107,23.65062714,8.34E-05,0,0.000407093,0,1.59E-08,0,0.028533936,0,7.82E-05,6
105,105,105,0,0,0,0,0,0,0,0,0,6
105,105,105,0,0,0,0,0,0,0,0,0,6
105,105,105,0,0,0,0,0,0,0,0,0,6
400,400,400,0,0,0,0,0,0,0,0,0,6
1300,1300,1300,0,0,0,0,0,0,0,0,0,6
300,300,300,0,0,0,0,0,0,0,0,0,6
60,60,60,0,0,0,0,0,0,0,0,0,6
36,36,36,0,628.9166667,628.9166667,628.9166667,1.30E-24,31.5,31.5,31.5,0,6
68,71.5,71.25,0.610850278,0,4.5,0,0.25380085,0,3,0,0.183238746,6
74.5,74.5,74.5,0,0,0,0,0,0,0,0,0,6
69.5,69.5,69.5,0,0,0,0,0,0,0,0,0,6
60,60,60,0,0,0,0,0,0,0,0,0,6
8.329999712,8.329999712,8.329999712,1.83E-27,0,0,0,0,0,0,0,0,6
8.329999712,8.329999712,8.329999712,1.83E-27,0,0,0,0,0,0,0,0,6
8.329999712,8.329999712,8.329999712,1.83E-27,0,0,0,0,0,0,0,0,6
8.329999712,8.329999712,8.329999712,1.83E-27,0,0,0,0,0,0,0,0,6
8.329999712,8.329999712,8.329999712,1.83E-27,0,0,0,0,0,0,0,0,6
0,0.5,0,0.001116071,0,0.5,0,0.001116071,0,1,0,0.004464286,6
0,0.5,0,0.001116071,0,0.5,0,0.001116071,0,1,0,0.004464286,6
0,0.5,0,0.001116071,0,0.5,0,0.001116071,0,1,0,0.004464286,6
0,0.5,0,0.001116071,0,0.5,0,0.001116071,0,1,0,0.004464286,6
1,1,1,0,0,0,0,0,0,0,0,0,6
1,1,1,0,0,0,0,0,0,0,0,0,6
1,1,1,0,0,0,0,0,0,0,0,0,6
1,1,1,0,0,0,0,0,0,0,0,0,6
1,1,1,0,0,0,0,0,0,0,0,0,6
1,1,1,0,0,0,0,0,0,0,0,0,6
1,1,1,0,0,0,0,0,0,0,0,0,6
1,1,1,0,0,0,0,0,0,0,0,0,6
1,1,1,0,0,0,0,0,0,0,0,0,6
1,1,1,0,0,0,0,0,0,0,0,0,6
0,0.5,0,0.001116071,0,0.5,0,0.001116071,0,1,0,0.004464286,6
0,0.5,0,0.001116071,0,0.5,0,0.001116071,0,1,0,0.004464286,6
0,0.5,0,0.001116071,0,0.5,0,0.001116071,0,1,0,0.004464286,6
49.13960648,100,100,11.54812335,0,872.8537609,0,3401.221821,0,38.60833454,0,6.654479893,6
33.06888962,37.30944443,34.02999878,0.326087809,0,8.528123566,0,0.406061308,0,4.129920959,0,0.183083976,6
86.28111267,100,100,2.653477165,0,366.8058202,0,765.6142623,0,27.08526611,0,5.199703522,6
29.86388874,72.71111298,30.82083321,35.25814344,0,202.3401798,0.09360393,632.4642702,0,20.1166687,0.429444313,10.49413926,6
86.63555908,100,100,13.51819262,0,75.22292555,0,48.34713087,0,12.19416618,0,1.538871869,6
42.00166607,60.59111214,58.92027664,3.026689081,0,550.2350484,0.173469765,3437.621107,0,33.17333412,0.542498589,13.77245877,6
49.59222412,51.04055595,50.43888855,0.076395083,0,4.195330196,0,0.136055036,0,2.896663666,0,0.083735006,6
57.92777634,59.13333511,58.53333282,0.052316766,0,1.048034346,0,0.0136638,0,1.447780609,0,0.046976886,6
5.555555556,5.555555556,5.555555556,5.07E-29,0,0,0,0,0,0,0,0,6
5.555555556,5.555555556,5.555555556,5.07E-29,0,0,0,0,0,0,0,0,6
5.555555556,5.555555556,5.555555556,5.07E-29,0,0,0,0,0,0,0,0,6
5.555555556,5.555555556,5.555555556,5.07E-29,0,0,0,0,0,0,0,0,6
5.555555556,5.555555556,5.555555556,5.07E-29,0,0,0,0,0,0,0,0,6
6973.338602,6973.338602,6973.338602,2.13E-22,0,0,0,0,0,0,0,0,6
6973.338602,6973.338602,6973.338602,2.13E-22,0,0,0,0,0,0,0,0,6
6973.338602,6973.338602,6973.338602,2.13E-22,0,0,0,0,0,0,0,0,6
6973.338602,6973.338602,6973.338602,2.13E-22,0,0,0,0,0,0,0,0,6
6973.338602,6973.338602,6973.338602,2.13E-22,0,0,0,0,0,0,0,0,6
12.77777778,12.77777778,12.77777778,6.21E-28,0,0,0,0,0,0,0,0,6
12.77777778,12.77777778,12.77777778,6.21E-28,0,0,0,0,0,0,0,0,6
12.77777778,12.77777778,12.77777778,6.21E-28,0,0,0,0,0,0,0,0,6
12.77777778,12.77777778,12.77777778,6.21E-28,0,0,0,0,0,0,0,0,6
12.77777778,12.77777778,12.77777778,6.21E-28,0,0,0,0,0,0,0,0,6
18.33333333,18.33333333,18.33333333,6.14E-27,0,0,0,0,0,0,0,0,6
18.33333333,18.33333333,18.33333333,6.14E-27,0,0,0,0,0,0,0,0,6
18.33333333,18.33333333,18.33333333,6.14E-27,0,0,0,0,0,0,0,0,6
18.33333333,18.33333333,18.33333333,6.14E-27,0,0,0,0,0,0,0,0,6
18.33333333,18.33333333,18.33333333,6.14E-27,0,0,0,0,0,0,0,0,6
65084.49362,65084.49362,65084.49362,3.32E-20,0,0,0,0,0,0,0,0,6
65084.49362,65084.49362,65084.49362,3.32E-20,0,0,0,0,0,0,0,0,6
65084.49362,65084.49362,65084.49362,3.32E-20,0,0,0,0,0,0,0,0,6
65084.49362,65084.49362,65084.49362,3.32E-20,0,0,0,0,0,0,0,0,6
65084.49362,65084.49362,65084.49362,3.32E-20,0,0,0,0,0,0,0,0,6
8.333333333,8.333333333,8.333333333,5.36E-28,0,0,0,0,0,0,0,0,6
8.333333333,8.333333333,8.333333333,5.36E-28,0,0,0,0,0,0,0,0,6
8.333333333,8.333333333,8.333333333,5.36E-28,0,0,0,0,0,0,0,0,6
8.333333333,8.333333333,8.333333333,5.36E-28,0,0,0,0,0,0,0,0,6
8.333333333,8.333333333,8.333333333,5.36E-28,0,0,0,0,0,0,0,0,6
9297.784803,9297.784803,9297.784803,4.79E-22,0,0,0,0,0,0,0,0,6
9297.784803,9297.784803,9297.784803,4.79E-22,0,0,0,0,0,0,0,0,6
9297.784803,9297.784803,9297.784803,4.79E-22,0,0,0,0,0,0,0,0,6
9297.784803,9297.784803,9297.784803,4.79E-22,0,0,0,0,0,0,0,0,6
9297.784803,9297.784803,9297.784803,4.79E-22,0,0,0,0,0,0,0,0,6
11.66666667,11.66666667,11.66666667,2.57E-28,0,0,0,0,0,0,0,0,6
11.66666667,11.66666667,11.66666667,2.57E-28,0,0,0,0,0,0,0,0,6
11.66666667,11.66666667,11.66666667,2.57E-28,0,0,0,0,0,0,0,0,6
11.66666667,11.66666667,11.66666667,2.57E-28,0,0,0,0,0,0,0,0,6
11.66666667,11.66666667,11.66666667,2.57E-28,0,0,0,0,0,0,0,0,6
15.55555556,15.55555556,15.55555556,2.31E-27,0,0,0,0,0,0,0,0,6
15.55555556,15.55555556,15.55555556,2.31E-27,0,0,0,0,0,0,0,0,6
15.55555556,15.55555556,15.55555556,2.31E-27,0,0,0,0,0,0,0,0,6
15.55555556,15.55555556,15.55555556,2.31E-27,0,0,0,0,0,0,0,0,6
15.55555556,15.55555556,15.55555556,2.31E-27,0,0,0,0,0,0,0,0,6
60435.60122,60435.60122,60435.60122,8.51E-20,0,0,0,0,0,0,0,0,6
60435.60122,60435.60122,60435.60122,8.51E-20,0,0,0,0,0,0,0,0,6
60435.60122,60435.60122,60435.60122,8.51E-20,0,0,0,0,0,0,0,0,6
60435.60122,60435.60122,60435.60122,8.51E-20,0,0,0,0,0,0,0,0,6
60435.60122,60435.60122,60435.60122,8.51E-20,0,0,0,0,0,0,0,0,6
0.555555556,0.555555556,0.555555556,7.92E-31,0,0,0,0,0,0,0,0,6
0.555555556,0.555555556,0.555555556,7.92E-31,0,0,0,0,0,0,0,0,6
0.555555556,0.555555556,0.555555556,7.92E-31,0,0,0,0,0,0,0,0,6
0.555555556,0.555555556,0.555555556,7.92E-31,0,0,0,0,0,0,0,0,6
0.555555556,0.555555556,0.555555556,7.92E-31,0,0,0,0,0,0,0,0,6
1.388888889,1.388888889,1.388888889,3.17E-30,0,0,0,0,0,0,0,0,6
1.388888889,1.388888889,1.388888889,3.17E-30,0,0,0,0,0,0,0,0,6
1.388888889,1.388888889,1.388888889,3.17E-30,0,0,0,0,0,0,0,0,6
1.388888889,1.388888889,1.388888889,3.17E-30,0,0,0,0,0,0,0,0,6
4.166666667,4.166666667,4.166666667,2.29E-28,0,0,0,0,0,0,0,0,6
4.166666667,4.166666667,4.166666667,2.29E-28,0,0,0,0,0,0,0,0,6
4.166666667,4.166666667,4.166666667,2.29E-28,0,0,0,0,0,0,0,0,6
4.170000023,4.170000023,4.170000023,3.49E-28,0,0,0,0,0,0,0,0,6
4.166666667,4.166666667,4.166666667,2.29E-28,0,0,0,0,0,0,0,0,6
2.222222222,2.222222222,2.222222222,3.35E-29,0,0,0,0,0,0,0,0,6
2.222222222,2.222222222,2.222222222,3.35E-29,0,0,0,0,0,0,0,0,6
2.222222222,2.222222222,2.222222222,3.35E-29,0,0,0,0,0,0,0,0,6
2.222222222,2.222222222,2.222222222,3.35E-29,0,0,0,0,0,0,0,0,6
2.222222222,2.222222222,2.222222222,3.35E-29,0,0,0,0,0,0,0,0,6
40,40,40,0,0,0,0,0,0,0,0,0,6
40,40,40,0,0,0,0,0,0,0,0,0,6
40,40,40,0,0,0,0,0,0,0,0,0,6
40,40,40,0,0,0,0,0,0,0,0,0,6
40,40,40,0,0,0,0,0,0,0,0,0,6
40,40,40,0,0,0,0,0,0,0,0,0,6
40,40,40,0,0,0,0,0,0,0,0,0,6
40,40,40,0,0,0,0,0,0,0,0,0,6
60,60,60,0,0,0,0,0,0,0,0,0,6
60,60,60,0,0,0,0,0,0,0,0,0,6
60,60,60,0,0,0,0,0,0,0,0,0,6
60,60,60,0,0,0,0,0,0,0,0,0,6
60,60,60,0,0,0,0,0,0,0,0,0,6
60,60,60,0,0,0,0,0,0,0,0,0,6
60,60,60,0,0,0,0,0,0,0,0,0,6
60,60,60,0,0,0,0,0,0,0,0,0,6
15.75222015,21.04222616,18.48722034,2.198640734,0,1.661654207,0.000933099,0.038503018,0,1.837511063,0.044997533,0.086171423,11
14.02220832,16.60222583,15.67722215,0.197651488,0,1.394475256,0.002062592,0.023385942,0,1.670015123,0.0674963,0.067232259,10
43.26222738,61.14220513,48.44722536,14.44893165,0.000450014,9.198263814,0.126919923,1.455908582,0.030000475,5.190001594,0.513758659,0.563811231,9
55.72221968,77.02220493,56.93221198,55.363362,0,18.68525589,0.032916517,1.84160216,0,5.789998372,0.254996618,0.296206164,8
15.79721769,21.03722254,18.5122278,2.20118565,0,2.395877886,0.000933212,0.050199261,0,2.152496974,0.044997533,0.094234063,11
13.99220996,16.66222254,15.67223231,0.192514901,0,1.566428304,0.00209977,0.02990886,0,1.769987742,0.067497889,0.071862574,10
42.50221676,61.02220323,48.40721554,14.12797476,0.000233346,19.79682284,0.098711938,3.061638524,0.022497177,6.450004578,0.441249212,0.648268914,9
54.76222568,76.94221497,56.93471273,55.68050537,0,18.68040089,0.039034927,2.027259859,0,5.069991218,0.282500585,0.286480895,8
19.90665436,23.96166272,22.17916913,0.897373764,0,1.248221645,0.002448199,0.014814791,0,1.580013699,0.069974264,0.036011808,12
21.76721785,24.42223443,22.79221323,0.441050392,0,0.032935751,0.000233303,4.91E-06,0,0.27001063,0.022500356,0.000462579,12
22.09221734,24.14722443,23.14471351,0.408181241,0,0.001250958,0.00019978,5.43E-08,0,0.052506129,0.019989014,0.000113898,12
16.53665437,23.14231449,17.76427693,4.698792314,0,9.373301164,0.004217523,1.440807053,0,4.042901993,0.09751002,0.374857444,11
72.67507172,78.64266968,75.62736702,3.32007135,0,0.036457334,0.005833833,6.53E-05,0,0.279029846,0.108016968,0.004215016,10
20.60221142,22.25722419,21.26222187,0.113300881,0,0.006051746,0.000233416,1.37E-06,0,0.112517675,0.022500356,0.000634244,11
20.45221753,22.18221029,21.18221283,0.122425292,0,0.008099493,0.000432843,2.86E-06,0,0.134995778,0.029996236,0.000941081,10
20.34221649,21.82222578,20.85222456,0.121055513,0,0.05523349,0.000233402,2.70E-05,0,0.35250028,0.022500356,0.001711897,11
20.34221649,21.79222955,20.83220588,0.113822562,0,0.053030834,0.000233374,2.63E-05,0,0.344991684,0.022500356,0.00166358,10
13.70137109,16.43164529,14.60146162,0.288967723,0.000200035,5.585249694,0.070347517,0.467244773,0.020001729,3.135313988,0.39004008,0.314026543,10
17.99221039,21.14220513,19.95221456,1.041612216,0,0.342624472,0.000849511,0.001246891,0,0.877488454,0.044997533,0.015085816,11
21.44722621,22.20722198,21.88721339,0.036025267,0,0.005699545,5.01E-05,4.02E-07,0,0.112495422,0.010011461,0.000297694,10
5.250526004,7.4507459,6.480649312,0.314932669,0,1.022654101,0.002450424,0.018408509,0,1.462645531,0.070007642,0.042861643,10
13.78972054,16.27442042,15.41961988,0.120175773,1.36E-05,6.443977806,0.016395551,0.195648177,0.005221897,4.295034409,0.190605323,0.109699419,11
4.822722541,6.67570644,5.327080621,0.092940679,3.34E-08,0.936140008,0.000318768,0.006487182,0.000258552,1.368312836,0.02401193,0.019415588,10
17.40721809,19.66222127,17.94471635,0.211128422,0,0.00729838,0.000433698,1.35E-06,0,0.127487183,0.030005773,0.000666664,11
16.33220673,17.46221119,16.9497135,0.058475044,0,0.011232507,0.000433451,1.94E-06,0,0.157492956,0.030005773,0.000652779,10
13.47134908,16.18161943,15.2515263,0.117229469,0.000200035,6.472329943,0.024121399,0.232486264,0.020001729,3.345335325,0.217521985,0.106605577,11
4.985498852,7.21072091,5.470547146,0.093409285,0,1.04944432,0.002500538,0.005414236,0,1.447645823,0.075008074,0.013912424,10
11.76912944,30.05096012,16.2945811,21.0561399,0,65.56438229,0.371274507,97.34005465,0,11.85118569,0.870087941,4.3803931,12
20.50465902,23.83339776,21.73351924,0.212496655,0.331194538,11.60571839,0.823448348,1.923698258,0.684083303,6.848083072,1.65254169,0.631963396,11
12.01422797,23.22496626,21.5969393,2.719672829,0.002409581,37.16135903,0.687347651,45.10999656,0.050994025,11.21859868,1.492144797,4.335702133,10
16.26162741,19.08190833,16.66666826,0.49277844,0,0.304260874,0.006051163,0.002083876,0,0.78007804,0.112508933,0.022226113,11
14.13141463,16.5116522,14.57145903,0.298378016,0,4.411332347,0.063654534,0.345626865,0,2.970297072,0.367536545,0.297497818,10
9.734973907,10.17001682,10.00000212,0.002105908,0,0.166332745,0.002233833,0.000222312,0,0.547553698,0.067507426,0.003286342,12
9.757727517,10.21777259,10.01275169,0.004588895,0,0.105821222,0.0072015,0.00014113,0,0.460046132,0.120011965,0.005365731,12
5.000500149,6.480648253,5.493049092,0.085730541,0,0.54013285,0.000883528,0.001469829,0,1.205120087,0.045004951,0.009711507,10
4.820482466,11.5611585,5.600560506,3.335996022,0,11.54960504,0.00353405,2.243802305,0,4.540456136,0.086259047,0.390099973,10
13.00130208,16.82668474,15.9190925,0.170187617,0,1.918618329,0.001275263,0.030943665,0,1.927693685,0.052504539,0.038251104,11
12.72127363,13.11131159,12.93129391,0.00540444,0,0.077216064,0.004142549,0.000100109,0,0.375038783,0.093759961,0.003999747,12
12.68126912,13.13131332,12.88128747,0.004169061,0,0.051210211,0.002233833,3.91E-05,0,0.365036858,0.067507426,0.002660229,12
6.945194668,21.65666792,10.13051351,25.28910262,0,41.06844059,0.007251604,16.36731931,0,8.44584465,0.125011868,1.584914446,12
18.21379768,21.45442963,20.79707887,0.206903705,22.66491363,60.54018434,28.15735631,82.23522217,3.435090383,8.522178332,4.212052027,0.591005123,12
9.802207947,10.34722116,10.01223034,0.00255944,0,0.224437698,0.002233045,0.000278585,0,0.669981639,0.067497889,0.003658029,12
9.782218933,10.21721628,10.00720872,0.005143561,0,0.211245206,0.007199465,0.00029724,0,0.649992625,0.119995541,0.006028359,12
7.027213838,21.68221368,10.18472989,25.28852294,0,40.717857,0.008471701,15.95123157,0,8.385016123,0.134993129,1.531686389,12
16.66721238,24.47722541,21.94222344,4.245908542,0,2.242507096,0.005034395,0.068073314,0,1.904983521,0.104986827,0.078153754,12
14.18721729,27.39220089,18.44222175,7.287683658,0.000200459,166.2845725,0.188527774,130.807067,0.020022922,8.684997559,0.732501348,1.962436427,12
21.76222907,34.17223189,31.07220968,15.86896325,5.01E-05,29.32108532,0.274079509,18.46841486,0.010007222,7.147521973,0.768744151,1.519852498,12
21.4022149,35.97221798,29.59221522,13.63136586,5.01E-05,48.68897095,0.249315122,39.11753988,0.010007222,10.45497576,0.719995499,3.791928631,12
17.02170478,17.56175571,17.36173842,0.011194787,0,0.033097955,0.002233815,3.10E-05,0,0.255024168,0.067507426,0.003164515,10
21.32713318,30.89308845,22.80728234,4.745896521,0.000400069,2.177930624,0.036456304,0.075776632,0.030002594,1.995197932,0.270029704,0.095688978,13
18.24402703,23.27453189,21.41184489,0.871923229,0,1.671034882,0.00130014,0.01609657,0,1.732673645,0.052506129,0.036326689,12
9.310932159,28.82288615,15.03150516,22.33589456,0,56.56498347,0.245416462,82.9992862,0,12.88128853,0.73132515,3.979399123,12
6.612205505,30.2972179,10.04721853,71.56763507,0.000900792,113.9046619,0.286234612,107.079205,0.045019786,14.54999447,0.783748627,4.17961628,11
5.872215695,8.422232734,6.872214741,0.424335506,0,1.729905934,0.006566757,0.038250825,0,1.972503662,0.120002429,0.087786136,11
21.13460541,22.66048008,21.73274994,0.102769383,0,0.064571699,0.000596046,6.68E-05,0,0.366210938,0.036621094,0.003745177,13
12.31123183,20.47204759,18.80688243,0.831068391,0,35.61555829,0.000716734,12.18632053,0,8.048305511,0.038752026,0.949475103,10
15.69222132,30.37221273,20.96722285,9.17120082,0.006586574,185.1744231,6.69353017,1419.26428,0.092492633,24.79000727,4.555009206,35.15792064,9
23.72722626,67.1322208,42.76472304,86.84034595,0.636329123,117.2284326,57.40396243,1118.830174,0.749999152,19.69000498,13.70499929,30.30341514,8
24.33220757,29.77220747,27.7022171,1.163072899,0,0.268627358,0.005666198,0.000970647,0,0.764993032,0.112495422,0.016310184,9
23.92223358,30.36221822,27.17722151,1.805476703,0,0.126430049,0.00168419,0.000280257,0,0.532493591,0.060014725,0.008903284,8
5.840585497,15.591561,7.558256785,7.706429389,0,36.2173042,0.013973673,9.558740115,0,8.51085239,0.170016819,0.94105755,11
70.1098175,89.40774536,73.30063438,15.6409653,0,120.1181413,0.004023387,325.9797186,0,15.4995575,0.090003967,7.058500267,8
60.30263689,85.44167413,62.16273838,79.05483607,4.35E-09,119.1880942,0.044921692,64.37848922,9.32E-05,14.8166487,0.303316116,1.311568443,9
86.57224443,87.51734416,86.8258667,0.037246209,5.05E-05,0.133705051,0.013593626,0.000595628,0.010045369,0.525182088,0.168537564,0.011507505,8
31.18221283,58.12221103,46.35721419,19.74628573,0.000100187,49.57852999,0.071633182,16.52877399,0.015014013,9.36000824,0.397497813,1.391227645,9
20.4822286,31.45222982,27.48721864,6.768744395,0,2.357029901,0.02248578,0.096452674,0,2.294998169,0.221260389,0.15332345,9
18.95722071,25.75722377,21.25721614,1.135441355,0.000758341,4.527525436,0.824671329,1.093736774,0.039991803,3.940001594,1.399993896,0.906350373,9
47.83478631,65.3165351,50.06500774,28.47129538,0,13.7621895,0.051356453,1.741236652,0,5.310529073,0.330030123,0.42052659,9
52.37221188,77.28221469,57.3172209,62.71486329,0.000400069,22.16814375,0.05676819,3.669207999,0.029983521,6.127487818,0.337491565,0.487895513,8
26.93221198,49.5522054,38.70222304,26.60071951,5.01E-05,12.32136247,0.016617435,1.365681441,0.010007222,5.265013377,0.191253026,0.403560794,8
21.18221283,68.53722466,36.34471681,146.0746373,0.001629511,676.6876799,232.9769184,27822.1088,0.04248831,46.80999332,27.8249836,138.0952916,8
58.24583266,81.40814887,60.02850638,60.71244585,0,116.6319942,0.118860088,60.73039968,0,14.64897156,0.477548175,1.131318561,8
14.64223438,47.73223029,22.73223029,108.7140692,0,131.261477,0.019130221,182.7922348,0,17.18250275,0.202490489,6.254094917,9
26.23223199,70.25221931,43.69721095,115.3026746,0,199.2356142,0.078466984,304.1538255,0,19.6875,0.401244164,4.32740232,8
58.71587118,81.21812609,60.00600179,60.52787474,0.000800138,88.21741835,0.142211985,34.7602873,0.040003459,13.38134342,0.54380099,0.929253721,8
20.78221639,58.31721836,22.25971116,16.66693057,0.000466324,378.983921,0.455068882,3696.718585,0.029983521,35.82998064,1.138761838,52.57360499,9
20.86223602,65.41222043,22.46971766,36.1236772,0.000429841,584.170151,0.744045189,8357.971051,0.034996668,41.91000197,1.404999627,80.61455491,8
17.10725996,23.15786786,18.43489541,3.311574009,0,3.435484729,0.006051279,0.234114603,0,2.415240606,0.112511317,0.212824182,8
14.04800627,27.63936361,18.5534562,7.492395505,0.00019995,56.19122104,0.218709821,25.08269015,0.019997491,10.60105854,0.667568843,1.521705656,8
5.302206675,34.90221235,11.11222055,115.7672783,4.98E-05,265.0800027,0.690294298,671.8031534,0.009977553,21.157492,1.218750477,9.310707974,8
2.702231937,8.162222968,6.197226842,1.900137037,0,24.88175238,0.028316421,17.69258022,0,7.260015806,0.247500738,2.292116743,8
60.5460612,86.39864604,63.16632589,82.36015859,0,134.9953334,0.057228052,87.43121971,0,17.89178636,0.330032772,1.897061551,8
86.65867276,87.54876031,86.88369327,0.029872665,0,0.192235867,0.016203565,0.000733272,0,0.620057848,0.180019802,0.012571468,8
19.42194197,21.04210324,20.00700209,0.143872494,0,0.031255934,0.001250322,8.49E-06,0,0.250023736,0.050006443,0.001438632,17
20.2050209,21.93519592,20.86508645,0.149501016,0,0.031256994,0.002500432,1.83E-05,0,0.250027974,0.075006485,0.002019625,17
19.83698527,25.08751127,23.04730521,1.566309941,0,0.948013485,0.011251628,0.00896681,0,1.295127869,0.150016149,0.030267724,17
18.02721235,23.77722846,21.76222907,1.205195086,0,1.944690352,0.005000865,0.020931946,0,1.830002467,0.100008647,0.040313043,17
18.04740482,23.79798041,21.74527698,1.171399514,0,2.026434273,0.005834483,0.022087895,0,1.867685318,0.112511317,0.03861891,17
17.43829515,30.11956533,19.09595701,9.587128849,0,36.41064798,0.056794764,32.32005569,0,7.875792185,0.345034599,1.848305797,12
21.4421463,24.45244683,22.82228364,0.843174058,0,0.00130031,0.000200035,6.41E-08,0,0.052506129,0.020001729,0.000186039,9
4.985498852,7.330733405,5.478048325,0.094814011,0,0.847403486,0.000633443,0.004051213,0,1.297629674,0.037503242,0.013353015,10
20.95209757,22.08221012,21.59216139,0.072248613,0,0.204840844,0.031255934,0.001170414,0,0.640063816,0.250027975,0.015061873,13
20.67206913,21.75217946,21.2071228,0.056911971,0,0.296509428,0.048134372,0.00419279,0,0.770077175,0.315032005,0.031429075,13
20.95209757,25.28753069,21.78218206,1.011550846,0,1.775455014,0.003033858,0.030284528,0,1.890188853,0.080006917,0.052010478,13
22.03760571,24.13781908,22.39014308,0.401591902,0.000200035,0.353703562,0.006434623,0.002115029,0.020001729,0.877587001,0.112511317,0.016287513,13
21.28356086,22.05037647,21.59676234,0.038322668,0,517.1888511,0.000120537,1194.124875,0,29.55315272,0.016468366,3.894066537,8
18.48222944,20.54222955,19.45722156,0.161402726,0,481.3334013,0.000917108,1034.274846,0,28.50750605,0.044999123,3.614341645,8
28.26222738,46.59221225,33.70722029,12.18901264,0.004633796,47.47068614,2.047167575,47.17311557,0.097503662,9.225012461,2.009992599,3.031283126,9
42.70222982,56.56221178,43.72722414,19.72890669,0.00019978,33.52683728,0.064135283,5.4227735,0.019989014,7.82998085,0.352503459,0.505908948,8
22.28221893,49.26222907,44.49722714,39.60251674,0.000349895,81.93221728,0.051040358,54.00137294,0.029996236,16.55001746,0.31498803,3.977106105,9
40.88722653,68.40220981,52.00722165,37.56086075,0.00086676,52.47477125,0.045798125,18.03273926,0.039992862,13.9300198,0.272516674,1.803861112,8
23.93221113,53.80220201,42.37721125,43.62261049,34.64686241,273.461761,103.8908957,1507.188068,2.5,28.63000658,8.393750721,31.10803168,9
25.36722395,68.72222053,50.49972322,100.4557445,40.48459607,474.820988,153.3753253,8079.912894,1.665009393,47.09500207,19.2275042,130.3263265,8
-6.365637249,15.02150218,2.967796856,30.69674156,0.001790297,28.06237002,0.036045963,9.149927891,0.060007307,8.005801307,0.295028951,1.430334038,8
-6.28062884,15.12151294,2.955295775,31.00750615,0,37.00617738,0.033806948,12.73822516,0,7.315732108,0.262526406,1.298884435,8
-3.20532057,16.87168863,8.973397679,26.3886461,0.000633443,38.96339214,0.008719856,12.73530734,0.037503242,12.81128168,0.142514441,1.669086882,18
-0.965096156,17.13671472,5.763077206,25.31888957,0.000891874,17.49649849,0.011681235,2.590174832,0.045004951,6.780680021,0.180016889,0.500127158,19
5.560557048,17.60176129,8.653365771,13.27431733,0.000200035,32.44840276,0.019740078,18.90897343,0.020001729,11.00110001,0.20127164,2.067259174,8