409.666931152344,539.061157226563,423.827056884766,847.070385705142,0,274.658203125000,0,860.290328560960,1
423.094635009766,505.858093261719,451.170745849609,573.114307111431,0,163.196414710958,0,264.438353498225,1
417.479400634766,514.158813476563,451.170745849609,883.879221204735,0,30.5175781250000,0,18.6337426408451,1
392.990722656250,475.387939453125,426.559936523438,471.017809834263,0,0,0,0,1
394.911712646484,576.940307617188,435.637969970703,1255.70455201050,0,0,0,0,1
423.338775634766,508.787780761719,451.903167724609,568.296555928505,0,154.494166376073,0,248.838688003376,1
416.991119384766,520.506469726563,451.414886474609,918.941742723132,0,0,0,0,1
392.990722656250,482.712158203125,429.001342773438,502.325774542842,0,241.397470237671,0,1041.81469065677,1
410.643493652344,541.502563476563,430.907135009766,910.963907486757,0,172.137081624925,0,197.872136102450,1
416.351791381836,705.022369384766,468.088150024414,2271.87096791049,0,62911.2019379605,7.57251888699741,24289967.1650752,1
451.217376708984,497.520996093750,473.793701171875,31.8552466967331,13120.7525618604,24229.6428460420,15841.4606303768,4077977.85811305,1
394.252410888672,557.753417968750,449.127777099609,1550.97872677819,0,11.8829612736585,0,2.70462116346251,1
455.188720703125,601.325073242188,528.070983886719,1988.61883006106,0,0.276554794981907,0,0.000472114534737558,1
427.799987792969,540.799987792969,473.400024414063,1437.54689769798,0,76.8803027346787,0,50.7987839756509,1
397.250000000000,523.374938964844,441.500000000000,1433.61822375855,0,11.8828125000000,0,2.05010096426910,1
432.804840087891,728.158630371094,479.551467895507,4552.89997691788,0,858.410544008487,0,6545.11161837121,1
0.531109205898558,409.820988433361,397.933437719290,28255.9727478582,0.962808059465520,78258.6716280939,56255.7619176932,579364624.226085,7
598.433045995998,621.617637011505,613.889440006336,20.0380618243716,0,12.2785187284795,0,0.930629766454447,7
0.707903500095844,600.851834256925,581.413354883019,16818.9246860093,0,4.00921901702234,0,0.0992212168299604,7
-0.914417695019762,820.751229072818,424.416094201484,47100.3383037226,877710.106872599,1309208.56325822,972455.087038614,19233149332.9405,7
1730.06905337741,2082.84210548438,1749.43998412118,2044.04678011751,0,4011.88802755857,0,138346.050908643,7
1021.75596139676,1097.08769159591,1071.33118288759,78.0217294523357,0,0,0,0,7
1852.80425179665,2932.19541212516,2497.19675201345,13360.9645262462,0,40.2386935581268,0,2.80615677515570,7
1175.79345426593,1662.45031093962,1340.33327564267,4817.70984356991,0,51.0419925573533,0,5.62696545188963,7
2136.92963307856,2337.55568979838,2286.69240666797,4384.75226295546,0,0,0,0,7
1035.51007231710,1623.41405840733,1545.00723803304,2060.37385840120,0,205.536980768642,0,688.214596641031,7
439.614291134571,558.166745871492,546.243490881496,694.150394346082,0,5203.16224448792,0,410948.574843797,7
1690.22803597154,1976.53041310445,1942.65988805112,521.558101962012,0,887.383864266936,0,5192.31581647590,7
42.9094390869141,45.3688240051270,43.7969417572022,0.343003352844758,0,0,0,0,2
42.7376365661621,43.9345092773438,43.2391967773438,0.0810771425799406,0,0.00109845400584030,0,7.40246136777058e-09,2
40.4140625000000,42.5328140258789,41.4242191314698,0.199508446718415,0,0.0503041970732896,0,2.57766314855587e-05,2
43.2127647399902,44.5627784729004,43.9502696990967,0.133113625157791,0,0.0153123664858780,0,1.71328900022331e-06,2
47.5340576171875,87.0359115600586,83.6789779663086,69.9588085930996,0,43.4885274621482,0,14.2790727631563,2
75.2690200805664,76.4592056274414,76.0624771118164,0.0527619124837182,0,0.104773789644241,0,0.000108785213408488,2
76.9970245361328,78.3397979736328,77.8515167236328,0.0754437744760194,0,0.0786967575550079,0,0.000147755321308203,2
83.4592056274414,93.0417022705078,92.7365264892578,5.79444948146917,0,0,0,0,2
41.4976348876953,66.2473297119141,60.5329208374024,22.4789681852546,0,28.8713495248227,0,6.47999734946680,2
48.4790649414063,94.7435913085938,67.1557769775391,81.3114311419793,0,99.8229132969868,0,77.1109725616652,2
35.7079429626465,35.7811851501465,35.7323570251465,0.000266436743956799,0,0.000298023223876953,0,3.08078331602047e-09,2
37.8500022888184,42.4124984741211,40.4625015258789,1.02903442766791,1416.31649433791,1545.86723575612,1489.76437252350,1051.98061162247,2
43.7563591003418,45.8812065124512,44.8719062805176,0.223489544890489,0,0.00391925045551097,0,2.20635448923791e-07,2
41.9187507629395,51.2937469482422,44.5062522888184,3.49003082575017,0,0.253829212189880,0,0.000962384129681663,2
41.4437484741211,50.2625007629395,47.7218761444092,2.30022625195953,0,0.0328335952944981,0,8.51380087646636e-06,2
42.2512588500977,47.5633773803711,43.1897354125977,0.343125634700809,0,0,0,0,2
77.4319915771484,93.4078979492188,93.1942749023438,7.42099569858773,0,2.34738201837178,0,0.0382638255808258,2
40.5377521514893,44.5971508026123,42.1596336364747,0.926342957263210,0,3.01661763678565,0.0103319215777375,0.115440465392183,2
48.5049362182617,50.0002899169922,49.1152877807617,0.101676831537455,0,0.0670552253723145,0,5.56508585010508e-05,2
49.0166549682617,50.2373580932617,49.5354537963867,0.0685028424452953,0,0,0,0,2
44.9461135864258,70.7944335937500,50.8359832763672,42.4303448310923,0,2.83306511121927,0,0.0839076087620995,2
45.3433799743652,67.6211471557617,61.1056632995605,21.6061748845807,0,0.365078449249268,0,0.00274842694565735,2
41.7687492370605,45.4187507629395,43.8718757629395,0.548591558196834,0,0,0,0,2
40.7281265258789,44.3336296081543,41.9359369277954,0.668481624619966,1.03210076258708,16.9505347093942,11.6903846540746,7.23319472852117,2
39.6002445220947,46.9752883911133,42.5783882141113,2.43880272509921,0,0.591333932890879,0.00439524653484780,0.00850422492424678,2
30.9937496185303,51.4874992370605,35.2937469482422,25.5026518661401,0,0,0,0,2
43.1440162658691,45.2752799987793,43.8377723693848,0.220783403583022,0,0.00195312500000000,0,2.35475139853395e-08,2
32.1187486648560,48.9468765258789,36.4874973297119,14.6362676048497,7.81345370334918e-05,61.5356022119591,3.33142873525886,75.4927608067603,2
40.6687469482422,43.3437500000000,42.0593757629395,0.485592490999758,0,0.00195312500000000,0,5.87885794967433e-08,2
20.0406265258789,41.9093742370606,40.6093769073487,3.37905109062771,324.798867335320,803.253423099522,452.504191189212,6530.02104855590,2
37.8627319335938,43.4690208435059,40.9565010070801,2.18335519260088,0,8.82009933499672,0,0.612171979665590,2
30.7562503814697,51.0187530517578,36.5093784332276,21.6859080187364,0,0,0,0,2
35.0812492370605,53.5812530517578,44.8875007629395,17.0137238307827,0,0,0,0,2
35.2625007629395,52.8374996185302,46.4062500000000,12.5158829803960,0,25.0278178977965,7.81822309374295e-05,6.08450553450090,2
43.5749969482422,44.7937507629395,44.3249969482422,0.0949642055202743,0,0,0,0,2
44.4596328735352,50.1377906799317,46.1221408843994,1.98652924296409,0,3.38003570566081,0.00632803916959697,0.132684427201057,2
43.1502685546875,45.2690277099609,43.8346462249756,0.221205258825229,0,0.0175795555405731,0,3.28341175902957e-06,2
41.3812522888184,43.2625007629395,42.6250038146973,0.137317640289832,0,0,0,0,2
76.9284515380859,93.3773803710938,93.1942749023438,11.5531572043878,0,0.0228174030780792,0,1.42289998433683e-05,2
77.0200042724609,93.4078979492188,93.1942749023438,9.01950921697462,0,0.985328573762732,0,0.00610549793365027,2
76.8368988037109,93.4078979492188,93.1942749023438,10.0607687817124,0,0.708270817995071,0,0.00617352489262733,2
77.2183685302734,93.4078979492188,93.1942749023438,5.18472234521141,0,0.985328573762732,0,0.0168957480449294,2
77.2183685302734,93.3773803710938,93.2247924804688,6.35193479979489,0,3.28568648549852,0,0.0776282848085753,2
42.9422531127930,45.3024158477784,43.7969417572022,0.307155806004303,0,0.0889908671451579,0,0.000129549232285094,2
42.7376365661621,43.9392013549805,43.2423248291016,0.0839266773830639,0,0.00564461231261322,0,2.09738423531480e-07,2
40.4718780517578,42.6546897888184,41.4242191314697,0.197944717948526,0,0.0300889241698192,0,1.52055221547982e-05,2
43.0311374664307,65.6827545166016,60.6168441772461,16.6534178095353,0,23.8893926726378,0,3.88118974061563,2
42.9063110351563,45.4547576904297,43.7711620330811,0.356163196594310,0,0.00317517042276393,0,2.52280045153552e-07,2
20.2020221286000,21.9922002157000,20.5820592244000,0.253588674276417,0,0.0364568759552402,0,1.61370338584302e-05,4
21.3222249348958,23.0922147962782,22.4522315131293,0.233670307409309,0,0.0722012112138490,0,5.76555554454920e-05,4
19.8122151692708,21.1522144741483,20.5772166781955,0.0448651153298133,0,0.288808066191301,0,0.00102005558553937,4
19.9222310384115,21.0672060648601,20.6422042846680,0.0405276088610988,0,0.211246583740498,0,0.000498682624758313,4
20.1922225952148,21.5322197808160,20.4822285970052,0.0322782579829745,0,0,0,0,4
19.9522145589193,21.2272241380480,20.7622273763021,0.0478317821618987,0,0.156798632815508,0,0.000343581935866017,4
19.5072237650554,21.0022184583876,20.3722127278646,0.0635731570225515,0,0.259199047852426,0,0.00140717942503727,4
20.6022262573242,21.6422017415365,21.0322189331055,0.0727025234260427,0,0,0,0,4
21.0022184583876,21.7622290717231,21.4022148980035,0.0379120362543469,0,0.00245057206844138,0,8.09177400198870e-08,4
20.2022298177083,21.3322067260742,20.9422217475043,0.0846488840771164,0,0,0,0,4
20.5022176106771,21.8822224934896,21.4547252655029,0.157830607099301,0,0.00719971924101717,0,4.44730184562711e-07,4
20.2422078450521,21.1122343275282,20.6122334798177,0.0434131724246136,0,0,0,0,4
20.4222191704644,21.1922200520833,20.8222283257378,0.0298124699116254,0,0.00320157083074295,0,1.28113385211485e-07,4
20.3022087944878,21.6022258334690,20.7922278510200,0.0584486286195671,0,0.0967999552408729,0,0.000146107026933712,4
20.1922225952148,21.5622160169813,20.8022054036458,0.0682163512361359,0,0,0,0,4
19.7622299194336,21.6022237141927,20.3972074720595,0.110717568357098,0,0,0,0,4
20.0022210015191,21.3422139485677,20.4922103881836,0.0771055281561082,0,0,0,0,4
19.7822189331055,20.8722135755751,20.2522193060981,0.0419387177706347,0,0,0,0,4
19.9122238159180,20.9922112358941,20.3072124057346,0.0337876028134975,0,0,0,0,4
20.1022254096137,21.6022237141927,20.6772232055664,0.110222648375730,0,0,0,0,4
20.0222100151910,21.8322075737847,20.8322058783637,0.144192588964005,0,0,0,0,4
20.2822197808160,21.8422147962782,20.8922025892470,0.0700129912149319,0,0.0577984666714374,0,2.30443711483765e-05,4
20.4122246636285,21.5622160169813,20.8922025892470,0.0687103301467358,0,0,0,0,4
19.8522271050347,21.6222127278646,20.7022306654188,0.0747751350711131,0,0.0544447297417870,0,2.05334395195484e-05,4
19.4122229682075,20.9922112358941,20.0972196790907,0.0618331621622310,0,0.0612524329532945,0,2.80536807439916e-05,4
19.7822189331055,20.7422086927626,20.1322258843316,0.0204397504189819,0,0,0,0,4
19.4922086927626,21.0322189331055,20.3522237141927,0.0728910812359326,0,0.0577984666714024,0,2.49875017825669e-05,4
21.3222249348958,22.0622168646918,21.5722274780273,0.0345700751131067,0,0,0,0,4
19.8622343275282,26.2222205268012,22.2022332085503,1.24450283049417,0,0.732076587155526,0,0.00396015667364310,4
21.0222074720595,22.9622099134657,21.8422147962782,0.267601891029835,0,0.0312506357861090,0,2.06017864911004e-05,4
21.1622238159180,23.2222196790907,22.2022332085503,0.192259906824622,0,0.0449963379651159,0,2.96152400576635e-05,4
21.9522306654188,23.1722344292535,22.4222310384115,0.115659105091071,0,0.0112490844912864,0,1.58782653755976e-06,4
21.2122090657552,23.2322311401367,22.1922217475043,0.263555342227450,0,0.0264521369518168,0,8.39240655296182e-06,4
20.1122368706597,21.6122351752387,20.9372160169813,0.149919218928204,0,0,0,0,4
19.8622343275282,21.4622116088867,20.6422042846680,0.0893637817586293,0,0,0,0,4
19.4922086927626,21.0722266303168,20.3822241889106,0.0900832029395835,0,0,0,0,4
20.0722249348958,22.3122151692708,20.7122124565972,0.154831008460534,0,0,0,0,4
19.8422156439887,21.6322241889106,20.6722344292535,0.135309903848200,0,0,0,0,4
21.1322233412001,21.8322075737847,21.3772201538086,0.0269369318660248,0,0,0,0,4
21.2422095404731,23.1522115071615,22.5122282240126,0.298993951136828,0,0.0480497687448667,0,2.54210575159202e-05,4
21.5122307671441,22.6222292582194,22.2172154320611,0.0674806793258204,0,0.0449963379651457,0,3.32031153720675e-05,4
20.7022306654188,21.6422017415365,21.1222161187066,0.0627778221865986,0,0.00404974670805935,0,1.18434442625796e-07,4
20.3422164916992,21.4222335815430,20.7122124565972,0.0648787510255519,0,0.135192523974848,0,0.000128480305559531,4
20.3022087944878,25.1722335815430,22.1047125922309,0.743339980830257,0,0.0968018202125694,0,0.000102260708548704,4
20.6922234429253,24.2922295464410,22.1822113460965,0.445818996419961,0,0.0449963379651159,0,1.82444483410968e-05,4
20.8722135755751,22.6622221204970,22.1272193060981,0.172129386300566,0,0.0161989868322374,0,2.83203246582308e-06,4
21.1922200520833,22.9322136773003,22.2122107611762,0.139205784668456,0,0.00980228827375111,0,1.52836304563977e-06,4
20.9922112358941,22.8622351752387,22.4122238159180,0.160562497173712,0,0.0112490844912864,0,1.45668526600229e-06,4
19.4922086927626,21.4222335815430,20.4322136773003,0.126343912873016,0,0,0,0,4
19.4622124565972,21.5022193060981,19.9572202894422,0.233760211831633,0,0,0,0,4
20.7522201538086,21.7222213745117,21.0222074720595,0.0842848491202875,0,0.000199780333787700,0,2.44860010848618e-10,4
21.6122351752387,22.0522054036458,21.8122185601128,0.0124706670836212,0,0,0,0,4
19.3522262573242,21.1222161187066,20.0722249348958,0.0976342755802870,0,0.00124926260064859,0,9.63368546530415e-09,4
22.3688973320855,25.7588789198134,22.9788801405165,0.524171289616048,0,0.135194727970192,0,0.000113523706630543,4
21.2022315131293,22.9322136773003,21.8922042846680,0.146867222959792,0,0.000199780333787700,0,5.96594645266440e-11,4
20.8222283257378,22.3822233412001,21.6122351752387,0.105271383148496,0,0.00980228827375111,0,7.71229376319405e-07,4
19.1422017415365,20.0022210015191,19.2422103881836,0.0333835161982603,0,0.00180005696659273,0,5.14686065667036e-08,4
20.6022241380480,21.2422095404731,20.9972233242459,0.0484389605146087,0,0.00320123167231825,0,2.41562417130263e-07,4
20.3822241889106,21.3622199164497,20.6922213236491,0.0253993276753163,0,0.0391996582038770,4.97757782012826e-05,1.16663851802464e-05,4
20.4872194925944,21.4422225952148,20.7197178734673,0.0928821063747804,0,0.0128008572191999,0,2.48028212400726e-06,4
20.3822241889106,21.1722310384115,20.6522115071615,0.0191066312070052,0,0.000199780333785712,0,2.46371492392162e-10,4
19.7322294447157,21.3822258843316,20.4922231038411,0.0691080165192686,0,0.000449124571687403,0,1.24514124008267e-09,4
19.7222222222222,22.3222266303168,21.3222249348958,0.256477373132886,0,4.97757782012826e-05,0,1.52940005897734e-11,4
21.2555652194553,23.2655461629232,21.9155544704861,0.208390092059239,0,0,0,0,4
20.1422034369575,21.3322067260742,20.6222152709961,0.0959255004154115,0,0.0338025391101837,0,4.09217840725133e-06,4
20.8222283257378,21.8222257826063,21.2222205268012,0.0487588895764594,0,0,0,0,4
20.3822241889106,21.2222205268012,20.6772232055664,0.0369473447481663,0,0.00180005696659870,0,2.00012659444477e-08,4
20.7722091674805,23.3922025892470,21.8822224934896,0.342278192609448,0,0.0264453130467362,0,1.11048153798125e-06,4
20.3522237141927,21.4022148980035,20.7022306654188,0.0571253298904358,0,0.00404974670805935,0,1.99888393209152e-07,4
21.1722310384115,21.6922208997938,21.3422139485677,0.0118038959545536,0,0.00125095809638439,0,2.74755175332223e-08,4
20.4122246636285,20.9122212727865,20.5422295464410,0.0156427610342027,0,0.000200373845327342,0,2.46317042277701e-10,4
20.5522070990668,21.2722100151910,20.9722222222222,0.0494487866243459,0,0.000199780333787771,0,2.44860010848791e-10,4
18.8922034369575,20.8822250366211,19.7222222222222,0.102576233801803,0,0.00179980265840121,0,1.99956148715314e-08,4
21.3822258843316,22.8922017415365,22.5722249348958,0.188058611557857,0,0,0,0,4
21.0572115580241,22.8472201029459,21.4322111341688,0.179226770714522,0,0.0144521386831910,0,1.04867633337048e-06,4
19.9422200520833,20.7322311401367,20.0422286987305,0.0263068768037534,0,0.00124947447473705,0,4.87323924865869e-08,4
21.0422261555990,22.3122151692708,21.4397197299533,0.158191206778017,0,0.00719971924101717,0,1.31841898745668e-06,4
20.4622099134657,20.7722091674805,20.5897129906548,0.00531315392643847,0,0.00125095809638439,0,7.67120035125639e-08,4
20.2122116088867,21.2022315131293,20.5122290717231,0.0312788473762926,0,0,0,0,4
19.3422147962782,21.9622124565972,21.0372225443523,0.322916325769681,0,0.000199780333787700,0,2.46371492397068e-10,4
19.9822319878472,20.9622107611762,20.5422295464410,0.0567926139991267,0,0.00179980265840718,0,3.59456108353682e-08,4
20.4222318861220,20.6622229682075,20.5322180853950,0.00390290281161631,0,0,0,0,4
20.3422164916992,22.6522148980035,21.1072307162815,0.146668373759009,0,0.000799121335146681,0,3.94194387831242e-09,4
20.3322050306532,21.6522132025825,20.8122168646918,0.0827038486371635,0,0.0128001790370899,0,4.66851282965364e-07,4
20.5472183227539,20.9022140502930,20.7172224256727,0.00937101641363957,0,0.00124947447473190,0,4.11587005437663e-08,4
20.1722335815430,21.2322319878472,20.4822285970052,0.0317251224687336,0,5.00722510171967e-05,0,1.54767303822788e-11,4
19.1722318861220,21.4722188313802,20.6722174750434,0.191292552351175,0,0.00179980265840121,0,1.99956148715314e-08,4
19.6622212727865,21.0422261555990,20.1622221204970,0.0807724858635315,0,0.0112490844912864,0,9.22748567254664e-07,4
20.4022132025825,21.8522262573242,21.1172252231174,0.0485523070182340,0,4.98180775646001e-05,0,1.53200052606945e-11,4
20.5222066243490,21.7122099134657,20.8772193060981,0.0908946761409473,0,0.0161989868322560,0,1.18070340438344e-06,4
20.1922225952148,22.0322163899740,21.3572311401367,0.160082035199052,0,0,0,0,4
20.9122212727865,21.4622116088867,21.2522210015191,0.0164213944547730,0,0.000800307918079419,0,4.16717663749997e-09,4
20.5361090766059,21.1713621351454,20.8946683671740,0.0361483228984088,0,0.00204379903152744,0,7.25818440784295e-08,4
20.4422208997938,20.7422086927626,20.6222152709961,0.00866682751435350,0,0.000200373845327342,0,5.71438862847022e-10,4
19.8201200697157,20.6639014350043,20.1296318901910,0.0170869736072970,0,0.0625633899076525,0,2.86498018845559e-05,4
21.0283406575521,21.6251458062066,21.2464502122668,0.0239740916201071,0,0.00117436072208468,0,2.03840799598564e-08,4
19.9722205268012,21.3722144232856,20.2022298177083,0.116726399457551,0,0.0220480275913062,0,4.27691614035239e-06,4
19.1372595893012,21.9611104329427,19.5421812269422,0.122325946672565,0,0,0,0,4
21.2857415941027,22.0514742533366,21.5984111362033,0.0386614458659744,0,0.00278848076252278,3.86387124128281e-05,1.26580228375891e-07,4
19.6064673529731,21.9356918334961,21.1056730482313,0.205530727690295,0,0.00612283208878169,0,3.74280908245741e-07,4
19.2900594075521,21.5845235188802,20.2978727552626,0.149392450706472,0,0.00941683973020143,0,8.25494547693853e-07,4
19.6922217475043,22.2822189331055,21.4272223578559,0.292757246850165,0,0.00319885806630224,0,1.42543198001187e-07,4
20.5122290717231,22.8122160169813,21.4622116088867,0.215593048554827,0,0.00605174573138083,0,4.89750534226764e-07,4
20.2622307671441,21.1622238159180,20.6222152709961,0.0129581528105785,0,0.00179980265840718,0,1.44897018361249e-08,4
20.0422286987305,21.2922286987305,20.7722144656711,0.0824465615948263,0,0.0200017632767225,0,7.38204709995819e-06,4
20.2822197808160,21.7422103881836,21.1122343275282,0.0352683405980002,0,0,0,0,4
18.5022205776639,20.5072254604764,19.4447178310818,0.159541016444656,0,0.0420529697518738,0.000324791638119278,2.57169012868290e-05,4
20.3172217475043,20.9222327338325,20.5922147962782,0.00626027569059008,0,0.000450014241649729,0,1.30950287480321e-09,4
18.4222327338325,21.0322189331055,19.3722152709961,0.267247739280867,0,0.00845063477754593,0,6.75941793485561e-07,4
21.4522298177083,22.3522271050347,21.9072193569608,0.0677353936076541,0,0.000449887092045193,0,1.55265411904361e-09,4
20.1922225952148,21.4122221204970,20.4822285970052,0.0833050357275535,0,0.000199780333787700,0,2.96827958339087e-10,4
21.3322067260742,21.9522306654188,21.6522290971544,0.0409157239642995,0,0.0112535352304866,0,3.22963539865070e-06,4
20.1022254096137,21.7422103881836,20.5022197299534,0.237400958984774,0,0,0,0,4
18.6272197299534,19.9522315131293,19.4422234429253,0.0576628870970250,0,0.0180503028034525,0.000200373845327342,3.37421681714207e-06,4
19.1022237141927,22.6122368706597,21.2922286987305,0.514876605396675,0,0.0449963379651159,0,1.30456849674490e-05,4
19.7822189331055,21.1722310384115,20.0422286987305,0.119328009728179,0,0.00124947447473705,0,2.39242029051750e-08,4
21.1422051323785,22.7922270033095,21.7472139994303,0.274625295681237,0,0.0241995225717968,0,7.47423633924358e-06,4
20.1622221204970,21.9922086927626,20.8997101253934,0.270453914080662,0,0.0391996582038492,0.000200373845327342,1.15572687791531e-05,4
21.1222161187066,22.0422278510200,21.5422270033095,0.0339593808376805,0,0,0,0,4
19.6822102864583,21.2322319878472,19.9322128295898,0.111645758887401,0,0.00180158319302589,0,3.98568495469446e-08,4
18.9822302924262,22.0022201538086,19.9622090657552,0.249693317577347,0,0.00719971924101717,0,3.81312725861664e-07,4
21.0522079467773,22.0572111341688,21.4522298177083,0.0429517005571539,0,0.0112490844912715,0,1.12339918166050e-06,4
20.3590604994032,20.8576880560981,20.6684494018554,0.0164867128186045,0,0.00314081173403601,0,4.88354470505519e-07,4
20.4793845282661,21.0270690917969,20.9080971611871,0.0118160340390021,0,0.493461930194411,7.97089241050057e-06,0.00149357039530509,4
20.5050871107313,21.5776528252496,21.1602952745226,0.0522612662067466,0,3.25298992444813e-05,0,1.83395900321682e-12,4
21.5796195136176,22.6707246568468,22.0564270019531,0.0556227814018047,0,0,0,0,4
21.1853027343750,22.0630179511176,21.5871556599935,0.0488016333025306,0,0.00271802850931394,0,7.53074980046301e-08,4
20.3522237141927,22.1122360229492,20.7822163899740,0.244424976994137,0,0.0287978597402852,0,6.89553881483300e-06,4
20.7322099473741,21.1438708835178,20.9278000725640,0.00675801591812262,0,0.00487241328458825,0,4.65444734714338e-07,4
20.8204566107856,22.4107572767470,21.6172705756293,0.188436992710664,0,0,0,0,4
21.0622151692708,22.2922261555990,21.4222335815430,0.102890931402859,0,0,0,0,4
20.5388429429796,23.7489276462131,21.2456300523546,0.441700266748783,0,0,0,0,4
22.0222091674805,23.5522079467773,22.7522193060981,0.205064717521277,0,0,0,0,4
21.4364984300402,22.3288472493490,21.7282019721137,0.0315494950498834,0,0.0826445894037899,1.13848256187492e-05,4.20091284800090e-05,4
21.5205001831055,23.5902616712782,22.3674519856771,0.165438105831904,0,2.47584668812538e-06,0,1.06235993467962e-14,4
23.1225797865126,25.0229093763563,23.9768600463867,0.323922582894649,0,0,0,0,4
23.9751815795898,28.1155904134115,27.6096566518148,1.78622576211255,0,0.304556869332892,0,0.000652928815211176,4
20.2020221286350,21.9922002156576,20.6020609537760,0.250551927893642,0,0.0162028016347821,0,3.15120039262331e-06,4
21.3947041829427,23.3416069878472,21.9225841098362,0.209592977577728,0,0.795160848855649,0,0.00982270941137387,4
21.0622151692708,22.2922261555990,21.4222335815430,0.102466812925428,0,0,0,0,4
20.5388429429796,23.7489276462131,21.2039438883464,0.351963327887670,0,0,0,0,4
22.0222091674805,23.5522079467773,22.7522193060981,0.201060109070007,0,0,0,0,4
57.5000000000000,65,65,2.72033244949659,0,28.1250000000000,0,6.21343091680404,6
54.5000000000000,85,62,36.2985021118903,0,264.500000000000,0,533.983352902905,6
69.5000000000000,74,71.5000000000000,1.46873095929705,0,10.1250000000000,0,0.788633125744029,6
55,55,55,0,0,0,0,0,6
373.000068712156,373.000068712156,373.000068712156,7.32170339402406e-25,0,0,0,0,6
373.000068712156,373.000068712156,373.000068712156,6.38071886985806e-25,0,0,0,0,6
373.000068712156,373.000068712156,373.000068712156,8.32318380332860e-25,0,0,0,0,6
373.000068712156,373.000068712156,373.000068712156,7.32207168896339e-25,0,0,0,0,6
33,33,33,0,0,0,0,0,6
66.5000000000000,71,68.5000000000000,1.50019508587031,0,3.12500000000000,0,0.0747631991711058,6
3,3,3,0,0,0,0,0,6
3.33333333333333,3.33333333333333,3.33333333333333,1.60885364259450e-29,0,0,0,0,6
65,65,65,0,0,0,0,0,6
30,30,30,0,0,0,0,0,6
1.37999998198615,1.37999998198615,1.37999998198615,8.38346198201901e-30,0,0,0,0,6
4.15999968846639,4.15999968846639,4.15999968846639,1.98425135669089e-29,0,0,0,0,6
23.6506271362305,23.6506271362305,23.6506271362305,6.22822350747451e-28,0,0,0,0,6
105,105,105,0,0,0,0,0,6
105,105,105,0,0,0,0,0,6
105,105,105,0,0,0,0,0,6
400,400,400,0,0,0,0,0,6
1300,1300,1300,0,0,0,0,0,6
300,300,300,0,0,0,0,0,6
60,60,60,0,0,0,0,0,6
32,42.5000000000000,36,6.08444198078345,12.5000000000000,925,628.916666666667,54305.5934625727,6
69.5000000000000,71.5000000000000,71.5000000000000,0.445242129891701,0,0.218785432196474,0,0.000334841420530397,6
74.5000000000000,74.5000000000000,74.5000000000000,0,0,0,0,0,6
69.5000000000000,69.5000000000000,69.5000000000000,0,0,0,0,0,6
60,60,60,0,0,0,0,0,6
1,1,1,0,0,0,0,0,6
1,1,1,0,0,0,0,0,6
1,1,1,0,0,0,0,0,6
1,1,1,0,0,0,0,0,6
1,1,1,0,0,0,0,0,6
1,1,1,0,0,0,0,0,6
1,1,1,0,0,0,0,0,6
1,1,1,0,0,0,0,0,6
0,0,0,0,0,0,0,0,6
0,0,0,0,0,0,0,0,6
0,0,0,0,0,0,0,0,6
0,0,0,0,0,0,0,0,6
0,0,0,0,0,0,0,0,6
0,0,0,0,0,0,0,0,6
1,1,1,0,0,0,0,0,6
1,1,1,0,0,0,0,0,6
1,1,1,0,0,0,0,0,6
1,1,1,0,0,0,0,0,6
1,1,1,0,0,0,0,0,6
1,1,1,0,0,0,0,0,6
1,1,1,0,0,0,0,0,6
1,1,1,0,0,0,0,0,6
8.32999971177843,8.32999971177843,8.32999971177843,3.84180160599808e-28,0,0,0,0,6
8.32999971177843,8.32999971177843,8.32999971177843,5.31578189711021e-27,0,0,0,0,6
8.32999971177843,8.32999971177843,8.32999971177843,3.17899170760706e-30,0,0,0,0,6
8.32999971177843,8.32999971177843,8.32999971177843,3.17971626412162e-30,0,0,0,0,6
8.32999971177843,8.32999971177843,8.32999971177843,2.03276999576951e-28,0,0,0,0,6
0,0,0,0,0,0,0,0,6
0,0,0,0,0,0,0,0,6
0,1,0,0.00699300699300699,0,0,0,0,6
0,0,0,0,0,0,0,0,6
1,1,1,0,0,0,0,0,6
1,1,1,0,0,0,0,0,6
1,1,1,0,0,0,0,0,6
1,1,1,0,0,0,0,0,6
1,1,1,0,0,0,0,0,6
1,1,1,0,0,0,0,0,6
1,1,1,0,0,0,0,0,6
1,1,1,0,0,0,0,0,6
1,1,1,0,0,0,0,0,6
1,1,1,0,0,0,0,0,6
0,0,0,0,0,0,0,0,6
0,0,0,0,0,0,0,0,6
74.2611103057862,100,100,7.98223648599774,0,1324.98088538182,0,20903.5249210636,6
33.0672216415406,34.7533340454102,33.4322204589844,0.328166537152030,0,2.35445016555776,0,0.0340634078154287,6
100,100,100,0,0,0,0,0,6
30.0077781677246,49.8611106872559,30.9188880920410,4.79384925365750,0,0.262410527509944,0,0.000518804151270075,6
97.9744415283203,100,100,0.764010268560525,0,2.05144356109670,0,0.0286287121385381,6
25.7066669464111,60.4533348083496,59.3549995422363,13.7166946318767,0,0,0,0,6
50.0744438171387,50.7977790832520,50.0744438171387,0.0337164886345758,0,0.261606953601601,0,0.000886989149212097,6
57.6833343505859,59.8566665649414,58.4088897705078,0.0383299485147051,0,0.929335491098687,0,0.00583557064199753,6
1,1,1,0,0,0,0,0,6
1,1,1,0,0,0,0,0,6
1,1,1,0,0,0,0,0,6
1,1,1,0,0,0,0,0,6
1,1,1,0,0,0,0,0,6
2,2,2,0,0,0,0,0,6
1,1,1,0,0,0,0,0,6
1,1,1,0,0,0,0,0,6
5.55555555555556,5.55555555555556,5.55555555555556,1.14301535385067e-28,0,0,0,0,6
5.55555555555556,5.55555555555556,5.55555555555556,2.84604622688827e-27,0,0,0,0,6
5.55555555555556,5.55555555555556,5.55555555555556,9.61196672207756e-29,0,0,0,0,6
5.55555555555556,5.55555555555556,5.55555555555556,7.94976106036679e-29,0,0,0,0,6
5.55555555555556,5.55555555555556,5.55555555555556,9.60843031048003e-29,0,0,0,0,6
6973.33860207806,6973.33860207806,6973.33860207806,1.87271635574894e-22,0,0,0,0,6
6973.33860207806,6973.33860207806,6973.33860207806,2.69332693098605e-21,0,0,0,0,6
6973.33860207806,6973.33860207806,6973.33860207806,4.40617283929722e-22,0,0,0,0,6
6973.33860207806,6973.33860207806,6973.33860207806,4.03006776849676e-22,0,0,0,0,6
6973.33860207806,6973.33860207806,6973.33860207806,4.03006776849676e-22,0,0,0,0,6
12.7777777777778,12.7777777777778,12.7777777777778,5.36582207779897e-28,0,0,0,0,6
12.7777777777778,12.7777777777778,12.7777777777778,3.09802881507685e-26,0,0,0,0,6
12.7777777777778,12.7777777777778,12.7777777777778,5.36973235623358e-28,0,0,0,0,6
12.7777777777778,12.7777777777778,12.7777777777778,5.36801561147480e-28,0,0,0,0,6
12.7777777777778,12.7777777777778,12.7777777777778,5.36801561147480e-28,0,0,0,0,6
18.3333333333333,18.3333333333333,18.3333333333333,1.53672064239923e-27,0,0,0,0,6
18.3333333333333,18.3333333333333,18.3333333333333,4.56632305736296e-27,0,0,0,0,6
18.3333333333333,18.3333333333333,18.3333333333333,4.57539325028187e-28,0,0,0,0,6
18.3333333333333,18.3333333333333,18.3333333333333,8.13143193217484e-28,0,0,0,0,6
65084.4936193952,65084.4936193952,65084.4936193952,3.06825847725906e-20,0,0,0,0,6
65084.4936193952,65084.4936193952,65084.4936193952,1.84603097074991e-19,0,0,0,0,6
65084.4936193952,65084.4936193952,65084.4936193952,2.81981649345856e-20,0,0,0,0,6
65084.4936193952,65084.4936193952,65084.4936193952,2.81904905723608e-20,0,0,0,0,6
65084.4936193952,65084.4936193952,65084.4936193952,2.81904905723608e-20,0,0,0,0,6
8.33333333333333,8.33333333333333,8.33333333333333,1.27001705983408e-29,0,0,0,0,6
8.33333333333333,8.33333333333333,8.33333333333333,3.44371593453481e-27,0,0,0,0,6
8.33333333333333,8.33333333333333,8.33333333333333,2.85975869417184e-29,0,0,0,0,6
8.33333333333333,8.33333333333333,8.33333333333333,0,0,0,0,0,6
9297.78480277074,9297.78480277074,9297.78480277074,2.69671155227847e-22,0,0,0,0,6
9297.78480277074,9297.78480277074,9297.78480277074,2.68586619156504e-22,0,0,0,0,6
9297.78480277074,9297.78480277074,9297.78480277074,2.13228780124780e-22,0,0,0,0,6
9297.78480277074,9297.78480277074,9297.78480277074,2.69781396072924e-22,0,0,0,0,6
9297.78480277074,9297.78480277074,9297.78480277074,2.69781396072924e-22,0,0,0,0,6
11.6666666666667,11.6666666666667,11.6666666666667,8.12810918293809e-28,0,0,0,0,6
11.6666666666667,11.6666666666667,11.6666666666667,5.05963773669027e-29,0,0,0,0,6
11.6666666666667,11.6666666666667,11.6666666666667,7.14905195356542e-28,0,0,0,0,6
11.6666666666667,11.6666666666667,11.6666666666667,8.13143193217484e-28,0,0,0,0,6
11.6666666666667,11.6666666666667,11.6666666666667,8.13143193217484e-28,0,0,0,0,6
15.5555555555556,15.5555555555556,15.5555555555556,2.14632883111959e-27,0,0,0,0,6
15.5555555555556,15.5555555555556,15.5555555555556,6.19542544388392e-28,0,0,0,0,6
15.5555555555556,15.5555555555556,15.5555555555556,1.98584776487928e-27,0,0,0,0,6
15.5555555555556,15.5555555555556,15.5555555555556,1.98521287406612e-27,0,0,0,0,6
60435.6012180098,60435.6012180098,60435.6012180098,5.45468173734943e-20,0,0,0,0,6
60435.6012180098,60435.6012180098,60435.6012180098,1.49029098905801e-19,0,0,0,0,6
60435.6012180098,60435.6012180098,60435.6012180098,4.48292187334338e-20,0,0,0,0,6
60435.6012180098,60435.6012180098,60435.6012180098,4.79611370796309e-20,0,0,0,0,6
60435.6012180098,60435.6012180098,60435.6012180098,4.79611370796309e-20,0,0,0,0,6
3,3,3,0,0,0,0,0,6
3,3,3,0,0,0,0,0,6
3,3,3,0,0,0,0,0,6
3,3,3,0,0,0,0,0,6
3,3,3,0,0,0,0,0,6
1,1,1,0,0,0,0,0,6
1,1,1,0,0,0,0,0,6
1,1,1,0,0,0,0,0,6
1,1,1,0,0,0,0,0,6
1,1,1,0,0,0,0,0,6
4,4,4,0,0,0,0,0,6
4,4,4,0,0,0,0,0,6
4,4,4,0,0,0,0,0,6
4,4,4,0,0,0,0,0,6
2,4,2,0.535378180550713,0,0,0,0,6
2,2,2,0,0,0,0,0,6
2,2,2,0,0,0,0,0,6
2,2,2,0,0,0,0,0,6
4,4,4,0,0,0,0,0,6
1,1,1,0,0,0,0,0,6
1,3,1,0.169413263275216,0,0,0,0,6
1,1,1,0,0,0,0,0,6
1,1,1,0,0,0,0,0,6
1,1,1,0,0,0,0,0,6
1,1,1,0,0,0,0,0,6
1,1,1,0,0,0,0,0,6
1,1,1,0,0,0,0,0,6
1,1,1,0,0,0,0,0,6
1,1,1,0,0,0,0,0,6
1,1,1,0,0,0,0,0,6
1,1,1,0,0,0,0,0,6
1,1,1,0,0,0,0,0,6
1,2,1,0.124512379587613,0,0,0,0,6
1,1,1,0,0,0,0,0,6
1,1,1,0,0,0,0,0,6
1,1,1,0,0,0,0,0,6
1,2,1,0.176259851922617,0,0,0,0,6
1,1,1,0,0,0,0,0,6
1,2,1,0.181444099378882,0,0,0,0,6
1,1,1,0,0,0,0,0,6
1,1,1,0,0,0,0,0,6
1,1,1,0,0,0,0,0,6
1,2,1,0.128970623358013,0,0,0,0,6
1,2,1,0.115357057559111,0,0,0,0,6
0.555555555555556,0.555555555555556,0.555555555555556,7.93760662396298e-31,0,0,0,0,6
0.555555555555556,0.555555555555556,0.555555555555556,3.73667093591017e-29,0,0,0,0,6
0.555555555555556,0.555555555555556,0.555555555555556,6.08195208395920e-31,0,0,0,0,6
0.555555555555556,0.555555555555556,0.555555555555556,7.93950330415986e-31,0,0,0,0,6
1.38888888888889,1.38888888888889,1.38888888888889,7.14384596156668e-30,0,0,0,0,6
1.38888888888889,1.38888888888889,1.38888888888889,1.77877889180517e-28,0,0,0,0,6
1.38888888888889,1.38888888888889,1.38888888888889,6.00867973671041e-30,0,0,0,0,6
1.38888888888889,1.38888888888889,1.38888888888889,6.00500902070584e-30,0,0,0,0,6
1,1,1,0,0,0,0,0,6
1,1,1,0,0,0,0,0,6
1,1,1,0,0,0,0,0,6
1,1,1,0,0,0,0,0,6
1,1,1,0,0,0,0,0,6
1,1,1,0,0,0,0,0,6
1,1,1,0,0,0,0,0,6
1,1,1,0,0,0,0,0,6
1,2,1,0.124512379587613,0,0,0,0,6
1,1,1,0,0,0,0,0,6
1,1,1,0,0,0,0,0,6
1,1,1,0,0,0,0,0,6
1,2,1,0.181444099378882,0,0,0,0,6
1,1,1,0,0,0,0,0,6
1,2,1,0.181444099378882,0,0,0,0,6
1,1,1,0,0,0,0,0,6
1,1,1,0,0,0,0,0,6
1,1,1,0,0,0,0,0,6
1,2,1,0.128970623358013,0,0,0,0,6
1,2,1,0.126984126984127,0,0,0,0,6
1,1,1,0,0,0,0,0,6
1,1,1,0,0,0,0,0,6
1,1,1,0,0,0,0,0,6
1,1,1,0,0,0,0,0,6
1,1,1,0,0,0,0,0,6
4.16666666666667,4.16666666666667,4.16666666666667,1.98960493794680e-29,0,0,0,0,6
4.16666666666667,4.16666666666667,4.16666666666667,6.19805622744557e-28,0,0,0,0,6
4.16666666666667,4.16666666666667,4.16666666666667,0,0,0,0,0,6
4.17000002331204,4.17000002331204,4.17000002331204,1.78859039856841e-28,0,0,0,0,6
4.16666666666667,4.16666666666667,4.16666666666667,1.27053623940232e-29,0,0,0,0,6
3,3,3,0,0,0,0,0,6
3,3,3,0,0,0,0,0,6
3,3,3,0,0,0,0,0,6
3,3,3,0,0,0,0,0,6
3,3,3,0,0,0,0,0,6
3,3,3,0,0,0,0,0,6
3,3,3,0,0,0,0,0,6
3,3,3,0,0,0,0,0,6
1,1,1,0,0,0,0,0,6
1,1,1,0,0,0,0,0,6
1,1,1,0,0,0,0,0,6
1,1,1,0,0,0,0,0,6
1,1,1,0,0,0,0,0,6
0,1,0,0.0423533158188040,0,0,0,0,6
120,120,120,0,0,0,0,0,6
120,120,120,0,0,0,0,0,6
120,120,120,0,0,0,0,0,6
120,120,120,0,0,0,0,0,6
120,120,120,0,0,0,0,0,6
2.22222222222222,2.22222222222222,2.22222222222222,9.74982775046594e-30,0,0,0,0,6
2.22222222222222,2.22222222222222,2.22222222222222,4.55367396302124e-28,0,0,0,0,6
2.22222222222222,2.22222222222222,2.22222222222222,1.60885364259450e-29,0,0,0,0,6
2.22222222222222,2.22222222222222,2.22222222222222,1.27188650564865e-29,0,0,0,0,6
2.22222222222222,2.22222222222222,2.22222222222222,1.98521287406612e-29,0,0,0,0,6
2,2,2,0,0,0,0,0,6
2,2,2,0,0,0,0,0,6
2,2,2,0,0,0,0,0,6
2,2,2,0,0,0,0,0,6
2,2,2,0,0,0,0,0,6
2,2,2,0,0,0,0,0,6
2,2,2,0,0,0,0,0,6
2,2,2,0,0,0,0,0,6
40,40,40,0,0,0,0,0,6
40,40,40,0,0,0,0,0,6
40,40,40,0,0,0,0,0,6
40,40,40,0,0,0,0,0,6
40,40,40,0,0,0,0,0,6
40,40,40,0,0,0,0,0,6
40,40,40,0,0,0,0,0,6
40,40,40,0,0,0,0,0,6
60,60,60,0,0,0,0,0,6
60,60,60,0,0,0,0,0,6
60,60,60,0,0,0,0,0,6
60,60,60,0,0,0,0,0,6
60,60,60,0,0,0,0,0,6
60,60,60,0,0,0,0,0,6
60,60,60,0,0,0,0,0,6
60,60,60,0,0,0,0,0,6
16.2622282240126,21.0422261555990,18.0772166781955,1.39134704422721,0,0.00845063477754593,0,4.56508984008207e-07,8
14.0022193060981,16.6622225443522,16.0222074720595,0.303687917281788,0,0.151259837840347,0,0.000227458984533209,8
43.0222214592828,65.0122239854601,56.2972344292535,25.8225015681163,0,5.64485047211796,0,0.204043982047986,8
56.0722266303168,77.5722249348958,75.9822252061632,66.6394180530617,0,29.7991832465308,0,5.61971635301080,8
15.7322311401367,21.5522087944878,18.1522115071615,2.38798258285468,0,0.231193866685680,0,9.26353622063708e-05,8
13.9722209506565,16.7222213745117,15.6922213236491,0.256457924636631,0,0.0112490844912864,0,2.19310055272274e-07,8
41.5522045559353,64.8122151692708,48.4922069973416,19.5866803570544,0,16.4165080943308,0,0.582077187929217,8
50.3522237141927,77.4822235107422,57.2422112358941,70.3070561112663,0,0.0199966771128516,0,8.63643834893401e-07,8
19.9066543579102,22.6666641235352,21.6366661919488,0.478565207093936,0,0.00500044081917584,0,4.25911223027278e-07,8
21.9122229682075,24.6022245619032,23.2322163052029,0.746626297261680,0,0.00245027534410474,0,8.30376840854273e-08,8
22.0722283257378,22.9322136773003,22.2422112358941,0.0804239970998811,0,0.000800307918079561,0,7.00791098671922e-09,8
16.4016405741000,22.8722890218000,17.1117125617000,2.93934063278427,0,0,0,0,8
72.6120605468750,74.8802947998047,73.3141326904296,0.500800812758468,0,0,0,0,8
20.8522245619032,22.2622299194336,21.5772162543403,0.160450307031485,0,0.000800307918075439,0,3.95365903539658e-09,8
20.7022306654188,22.1822102864583,21.5022193060981,0.173490709070231,0,0.00124947447473705,0,9.63695347542863e-09,8
0.00486191523485506,0.00490923322245460,0.00490923322245460,2.47467775241389e-10,0,0,0,0,8
20.3322050306532,21.1622238159180,20.8622360229492,0.0439892087151159,0,0,0,0,8
20.3322050306532,21.1222161187066,20.8322058783637,0.0414491730156131,0,0,0,0,8
12.8112835354275,16.7616780598958,15.5115530225966,0.643203823569863,0,2.83276546706474,0,0.108174802469444,8
18.5022184583876,20.9622107611762,19.5422108968099,0.470329544778107,0,0.0684469387820617,0,4.59549880207665e-05,8
21.7422103881836,22.1322250366211,21.9872199164497,0.00846195215724084,0,0.00404974670805935,0,1.03983251966371e-07,8
17.4022123548720,19.6722327338325,17.9822285970052,0.227346298208650,0,0,0,0,8
16.3322067260742,17.4722205268012,17.0022201538086,0.0607878847755592,0,0,0,0,8
11.0511059231000,15.9415944417000,15.0715086195000,0.295052493959763,0,0.328115316952937,0,0.000778933823788981,8
5.17051696777000,7.35073513455000,5.74057473077000,0.0719950272576116,0,0.00500107664995247,0,3.53678251292227e-07,8
10.6590186225000,30.1609675090000,16.5196016100000,13.0155331599253,0,45.1340321712722,0,16.2635759829753,8
20.5475372738308,23.7741470336914,21.7528597513835,0.138964157681205,0,24.6461277185272,1.40391258181708,6.70491529745390,8
11.9364844428169,23.6936548021105,21.5599123636882,3.59240239180808,0,63.5028869030066,1.10894441604614,123.376377902088,8
16.6016621060000,19.1219160292000,18.2418272230000,0.405290413836005,0,0.304260874479145,0,0.000610273069961399,8
12.7912796868000,16.7616780599000,14.6014616225000,0.439673923932876,0,4.29330411931832,0,0.127457507180818,8
9.59996117486000,10.3550370534050,10.0100029839000,0.00504847251862267,0,0.266502268803807,0,0.000508391043284465,8
9.77772818671000,10.2477751838000,10.0377549065000,0.0100347300446223,0,0.0364574481981522,0,2.46051866046238e-05,8
5.24552557203500,6.87068727281000,5.77557775709250,0.0543533672918929,0,0.994248807545360,0,0.00676901158704575,8
5.02050187853000,9.94099511041000,5.63556353251000,1.01938034714941,0,0,0,0,8
12.6112620036000,16.8516879612000,15.7615767585000,0.340570542149568,0,1.24844935193597,0,0.0111652553891568,8
12.6112620036000,13.2213232252000,12.9737981160500,0.00836425714614586,0,0.0420578868037732,0,2.12014037360398e-05,8
12.5612576803000,13.2913292779000,12.9112921821000,0.00603908201494479,0,0.0180535242730125,0,4.48143960239470e-06,8
7.28522830539000,18.8163842095000,10.2905294630000,8.38937409780129,0,0,0,0,8
19.3164571126302,21.4035097757975,20.9238518608941,0.0683951857528922,17.8451611168583,65.8429798328573,46.9478720754283,113.702140396039,8
9.67223273383246,10.6822119818793,10.0122303432888,0.00739795013128501,0,0.0200021871528882,0,4.60732598791952e-06,8
9.74220911661784,10.2522193060981,10.0222078959147,0.0102283541605058,0,0.0450052390033892,0,3.53164419771445e-05,8
7.21221076117622,18.7122090657552,10.3122170766195,8.42052561298978,0,0,0,0,8
16.5822050306532,21.1222161187066,18.3722135755751,1.43238156947427,0,4.83609539856448,0,0.175466906180074,8
13.3022075229221,27.4372143215604,18.4247186448839,5.08745914868074,0,345.234924018373,0.0815479820834693,726.503692845634,8
21.6922208997938,34.3322033352322,31.7022323608398,14.4184692686055,0,0,0,0,8
23.1722344292535,36.8122143215603,30.2122116088867,12.2720260799291,0,0,0,0,8
17.2217220730000,17.7317725288000,17.4717479282000,0.00663625897864914,0,0,0,0,8
19.5019531250000,23.5123528375000,22.2322252062000,0.206443259268192,0,0.845162666557773,0,0.00533878459401815,8
18.2040235731000,22.6044633653000,20.6142637464500,1.27985926185869,0,0.470545751049574,0,0.00169162908735370,8
9.31093215942000,28.8228861491000,15.3615379333000,13.6660157439801,0,16.2482443334975,0,2.23263930365436,8
6.79222742716471,27.4222310384115,8.98722012837727,52.4240435235374,0,0,0,0,8
5.99220911661784,9.78221893310547,6.81221644083659,0.379416244598349,0,0,0,0,8
21.1468124390000,22.5872378879000,21.9036483765000,0.0992902504414785,0,0.0298023223876953,0,6.37555099498658e-06,8
12.2712283664000,20.3770404392000,17.5117535061000,1.60629784102759,0,16.0210019891770,0,2.48986269849798,8
15.8472198910184,30.2872212727864,21.3522243499756,9.18777079396489,0,310.254067315504,12.5500861847185,4394.14213572288,8
23.6972279018826,57.8372234768338,42.8872278001574,84.0609234227777,0,203.817483142484,97.1618222161208,3179.01300581862,8
24.1622246636285,29.7822189331055,27.6422034369575,1.20842751958180,0,0,0,0,8
23.8822258843316,30.3722127278646,27.1922217475043,1.86761217320510,0,0,0,0,8
5.60056050618000,11.6311645508000,9.31093215942000,2.90618381564959,0,17.1146803860413,0,2.08059964049200,8
70.0738143920898,90.5238571166992,73.2061233520508,14.1743583238837,0,16.8001550878691,0,0.686851208623681,8
30.5922147962782,58.4622107611762,46.3222249348958,21.1337834752322,0,0,0,0,8
20.4422208997938,28.1372133890788,25.3122244940864,3.77128877295758,0,1.53125148349374,0,0.0297582263748799,8
20.6372282240126,25.2422078450521,22.0322333441840,0.813970178389255,0,10.2605827152729,0.540778911880870,4.58264102735484,8
49.0249040392000,66.1766221788000,62.7162679036000,39.2700016978121,0,10.0372013583347,0,0.922189596895987,8
49.0122265285916,77.4922095404731,57.3822191026476,67.4732131259951,0,0,0,0,8
32.7722083197700,49.5722240871853,48.8647121853299,21.6624867327836,0,22.4450761075132,0,4.34905884714067,8
25.0722100999620,68.4722222222222,43.6872164408366,29.0756713202592,0,1097.46169481070,918.060276506470,99429.5285071597,8
58.5558573405000,81.7081705729000,79.6179665459500,86.5581581105310,0,2.48695090418668,0,0.0539159719621413,8
13.4722201029460,48.0322180853950,22.6472091674805,91.6319305575899,0,0,0,0,8
26.1122343275282,70.4222276475694,43.2222196790908,114.486861501511,0,0,0,0,8
58.5558573405000,81.7081705729000,79.7279781765000,64.0772888692928,0,19.7231959001399,0,2.55953260260276,8
34.3434354994000,41.2941318088000,36.8986913893000,3.69106179215220,0,0.00320089252622603,0,2.50343202644109e-07,8
38.7738800049000,42.4642478095000,39.8439873589000,1.20327331808851,0,0.00320089253422729,0,1.08031228303218e-07,8
29.7468490600586,40.0083541870117,38.7876663208008,12.8735618516554,0,0.142608769237995,0,0.000398638568541748,8
49.0249040392000,65.7365756565000,62.8562927246000,30.1627525652793,0,10.6281514843399,0,0.738136057673495,8
58.6758677165000,81.9381968180000,80.2980380588000,66.9003675429587,0,2.10166987491291,0,0.0367121879007429,8
31.4634590148926,35.7740631103516,34.6296539306641,1.44638270941833,0,0.142608769237995,0,0.000294103836309434,8
21.3372251722548,41.9122208489312,22.2372203403049,14.0222641524201,0,861.955905346820,0.966025585413630,12459.0193967323,8
21.4222166273329,44.2272101508247,22.3722139994304,21.9873779251521,0,1042.87506324472,1.54881420359161,25539.0263470572,8
16.9672478570000,22.4177932739000,18.0973603990000,1.80468108740515,0,1.88217478048652,0,0.0225621164746859,8
13.1679185231500,27.7693769667000,18.6684672038000,7.49847760921830,0,35.7083913050523,0,2.76164329743330,8
5.10222540961372,32.2222179836697,9.02721405029297,88.8532675448325,0,0,0,0,8
2.52221001519097,12.2022310892741,5.69722705417210,3.71839949020710,0,0,0,0,8
60.3760443793000,86.4886559380000,85.8785925971000,94.3779879250414,0,3.69993198059066,0,0.143210110813408,8
86.5686628554000,87.8187815348000,87.1887207031000,0.0579569884746744,0,0.0968167406557223,0,0.000102113919814145,8
19.4969516330000,20.1570171780000,19.8469840156000,0.0347396070598898,0,0,0,0,8
20.3050316705000,21.0651058621000,20.7650756836000,0.0440782167917542,0,0.0112522634938420,0,2.17510604356153e-06,8
19.8119820489000,22.6622687446000,21.2671269310750,0.556755670353296,0,0.0200043066118112,0,6.65521338461854e-06,8
18.0272123548720,22.6322258843316,20.4422219594319,1.10169748027084,0,2.97680802545041,0,0.0583084124663657,8
18.0474048191000,22.6278601752000,20.4376432631000,1.08989653410272,0,3.10066528636991,0,0.0632399828104620,8
17.4382951525000,29.8595386081000,18.5484059652000,7.21858686978658,0,10.9534113175506,0,0.792771307097003,8
21.4421463013000,22.6522657606000,21.6821712918000,0.140577091736642,0,0.000800138353981276,0,1.00265379501789e-08,8
5.21052148607000,8.00079981486000,5.77057732476000,0.0894072378824891,0,0.000450077823364416,0,4.05529875052355e-09,8
20.8920923869000,22.1222135756000,21.5921613905000,0.0818303757590034,0,0.130075733730893,0,0.000412603003976902,8
20.6720691257000,21.8621910943000,21.4121415880000,0.0917962619603841,0,0,0,0,8
21.2821324666000,22.1922217475000,21.7021730211000,0.0490754363856835,0,0.0722140970920501,0,4.08358134278319e-05,8
21.9375949436000,24.1678195530000,22.2576289706500,0.278479705691135,0,0.00980228827956168,0,1.60942969262192e-06,8
21.3692855834961,21.6912460327148,21.5099716186523,0.00639632042386252,0,0.000407939777137652,0,4.14393964801725e-09,8
-17.7777777778000,20.5522240532500,19.9772093031500,12.6854589720957,0,0.0287978597437648,0,1.84507406161777e-05,8
25.0822067260742,46.9772232903375,36.6172239515517,13.2055917041327,0,17.2872237264079,0,1.93033499849798,8
42.6422161526150,56.6722149319119,54.8372226291233,24.6928838252519,0,0.520186200042625,0,0.00269710962062471,8
30.4322094387478,49.2972162034776,47.2922187381320,8.42604389164402,0,136.951539010093,0.0180511081441852,117.079401888002,8
50.3022045559353,68.5272259182401,67.3372226291233,43.4083055542916,0,2.87864900856666,0.0110359196831447,0.0796834055465163,8
27.6722335815430,58.6972130669488,46.8222257826063,45.2428283056372,21.5871486745784,418.053512725089,195.812354720956,5646.54257382938,8
26.6622246636285,68.9822302924262,53.4522332085503,128.843528749156,28.1820414606410,675.598646095655,402.744909347788,23264.6917193780,8
6.25666088528103,26.7766486273872,8.45667309231228,50.0116634401259,0,119.026855654327,0.328048365785726,159.058821666987,8
5.54721726311578,32.2222179836697,8.48223156399197,84.7209577809934,0,222.182060570484,0.810317739456810,649.046435782339,8
4.96111551920573,7.35610538058811,5.70110638936361,0.328687616002085,0,3.45846284180880,0.0144521386831882,0.0794719977219546,8
2.72222095065647,8.71723069085016,5.71221033732096,1.89020937699705,0,45.0302348690657,0.873349907609875,44.0139147935132,8
-6.51065190633138,10.8010821872287,6.61566204494900,47.6030036971274,0,5.30439479487263,0.00573443789773579,0.489792678208837,8
-6.41064114041000,10.8510865106000,0.760076310899000,47.9567776852772,0,13.6791810109481,0,1.31514178781313,8
-2.89028909471300,12.3412344190809,10.0710074106852,38.0165847827563,0,35.2001445236288,0.00203378388846055,8.11176473961331,8
-0.520051850212945,4.92049323187934,0.770077175564236,1.08177531238024,0,2.46469203302246,0.00210046385051666,0.0492273951599736,8
5.34553527832032,16.5616565280490,9.34843540191650,10.6022252249702,0,35.4392224594549,0.00203368144716940,15.1471221192136,8
8.58197953965929,9.42776468065050,8.93301963806153,0.0468805085756951,0,0.0428104793666750,0,1.84781817092099e-05,8
8.06323157416450,10.6992636786567,9.25257576836480,0.166378828822275,0,9.21773104814896e-06,0,1.47255746405562e-13,8
10.3737460242378,13.8537555270725,13.3774916330974,1.26231701057633,0,0.190052853181838,0,0.000256333291155744,8
7.71087858412001,14.3146345350477,12.7542135450575,1.73183400035845,0,3.01023906547619,0,0.0755553227492219,8
8.57312732272678,10.4071489969889,9.16897137959798,0.207057863472752,0,0.518078585293639,0,0.00517522391858106,8
