461.575897216797,461.575897216797,461.575897216797,0,889.325391163838,889.325391163838,889.325391163838,2.11965031966713e-25,1
410.155212402344,538.572875976563,422.606353759766,872.677706632802,0,524.895735088338,5.14586766560872,9244.01398977540,1
425.780181884766,500.486999511719,449.217620849609,547.784198225232,1.03314717610677,86.8434210630775,20.5633143596362,613.408613320503,1
419.432525634766,513.182250976563,451.170745849609,864.150519548548,0.556310017903646,153.540343048801,8.66254170735677,715.199153078949,1
400.314941406250,466.537902832031,426.559936523438,439.191436784963,9.28218166033427,178.409771373799,49.0493203212209,1909.86796869778,1
396.151214599609,539.755493164063,436.346252441407,1224.98112415894,0.0627026036383533,510.976223506038,9.44800643149472,3180.28995451215,1
426.024322509766,499.510437011719,448.729339599609,557.940606196243,0.556310017903646,134.657830001790,14.1143798828125,741.755484940384,1
417.479400634766,511.717422485352,450.438308715820,904.411389135887,0.238418579101563,88.9097303161417,8.26509793622774,368.685476668321,1
397.263183593750,469.894836425781,427.475463867188,454.098044420773,4.65624035149969,262.383657198388,47.2793355621431,3040.80053015757,1
411.131774902344,528.563110351563,428.465728759766,871.883017530072,0.238418579101563,775.889262562916,6.73532485961914,16725.0247368744,1
419.385009765625,566.238464355469,468.832153320313,1927.97362561739,2.69361407114262,14767.4368641781,38.5505886659449,5307904.88585814,1
457.237731933594,539.755493164063,480.168212890625,439.818290891830,8221.47258820743,15311.9277272588,10251.3269784946,2928397.04430268,1
395.439926147461,550.253417968750,446.627746582031,1558.98874835956,0,523.563136443099,11.8829612736585,7158.93726984743,1
460.022750854493,596.119201660157,528.256896972657,2020.46785481323,0.276554794982668,336.459340275574,15.7975552811613,8534.16300283301,1
428.500015258789,538.899993896485,474.400024414063,1471.75356614717,0.520002441790969,183.453364258012,14.4399072270237,1732.45187673233,1
397.375000000000,519.999938964844,442.312500000000,1403.39249086201,0.00780868576840987,87.3059781395520,8.64075088780326,390.085462023200,1
433.158966064453,712.576385498047,480.790969848633,4745.03208945222,0.0627026036379910,9025.66389745023,16.7682303052381,2025723.25985998,1
108.976418748428,124.544478569632,116.760448659030,12.9125591563273,0,30.2955608245733,0,133.195975213872,7
70.0562691954178,77.8402991060197,70.0562691954178,3.45443285011894,0,30.2955608245725,0,43.6524624650483,7
108.976418748428,120.652463614331,108.976418748428,5.22783153253307,0,30.2955608245733,0,63.7997528335353,7
62.2722392848158,70.0562691954178,66.1642542401168,6.04063926197286,0,30.2955608245733,0,231.693839237576,7
15.5680598212039,66.1642542401168,62.2722392848158,234.698231875733,0,868.472743637764,0,18363.7577069141,7
23.3520897318059,50.5961944189128,46.7041794636118,63.4359487021852,0,262.561527146300,0,1725.45374427379,7
424.750395108501,424.750395108501,424.750395108501,1.62189186417124e-25,112508.286276115,112508.286276115,112508.286276115,5.42307679644522e-21,7
125.952284744586,141.684922406494,135.612106121605,12.3144608338704,14052.8788826977,17583.0337864512,14963.9865679118,749958.019277711,7
690.000102111421,707.000141464634,702.000105436509,13.9923605425901,0,200.333658809240,2.00010008867416,1119.13276631157,7
679.000123808188,699.000119452096,692.000152155132,16.9445223823599,0,124.000147901857,2.91662456763157,405.661611270995,7
0,508.500074089750,499.500086442793,27848.7189759378,0,44779.5994730065,3.99996262518936,57573537.3325380,7
28.5000051132986,157.000023707426,141.000024222928,1752.47254889466,0,7651.00274545820,3.99999231884010,2183047.54470321,7
29.4278400679872,316.269983657970,284.822733242387,4566.12035258945,35560.8391475144,73824.4520025513,41901.1187463606,74779655.9029740,7
0.656461244010047,606.680949775058,198.044129155386,35748.9385196042,1.06616968942996,63679.6414623943,44677.8927925749,378655281.716064,7
2566.86166056115,3586.79584497824,3057.94099470652,38744.5163588597,72711912.6582503,81325887.2813757,78105910.4303853,4354355398825.52,7
604.597917093140,620.496761832165,614.567864456989,11.3955638945539,1.27695249797071,52.1491844313445,8.88276444937324,148.607817788620,7
17.2261681196995,592.179742363890,581.354361452527,14831.4059888808,0.212003696574636,109274.410390269,8.81095728301495,574150211.547129,7
-0.914417695019762,202.525692710540,194.620522615242,3623.52303664450,303849.663923160,1309208.56325822,496872.849207094,61256866852.2449,7
520.440244573843,580.065912501305,527.582103300433,129.185444040733,85623.8458178776,140042.546779344,129368.686207061,152557224.340638,7
20.0000030673373,20.0000030673373,20.0000030673373,3.23432971140615e-28,0,0,0,0,7
20.0000030673373,20.0000030673373,20.0000030673373,3.23432971140615e-28,0,0,0,0,7
20.0000030673373,20.0000030673373,20.0000030673373,3.23432971140615e-28,0,0,0,0,7
20.0000030673373,20.0000030673373,20.0000030673373,3.23432971140615e-28,0,0,0,0,7
1740.23095983344,2038.05433914379,1750.34579828878,3467.75053801629,1.80945945851902,41027.0805799575,41.2096688930407,40882561.8357340,7
1059.15019170653,1092.51063098489,1070.04289080493,49.2597804559097,0.306174760961477,528.884475503269,11.1058580249140,7202.59765258622,7
2443.69316720390,2914.44806815688,2497.37914771749,12780.2164807896,4.75488184278212,113110.120150870,68.9022166425370,205032982.595269,7
1317.86835839055,1647.51702273872,1340.27673066999,3929.99295883456,0.674546766241418,21702.7718201943,50.9607202356845,18509991.1260663,7
2142.77920042074,2323.32801833251,2289.09800206212,4407.94007219711,1.83471493850303,1858.42455036584,21.8031219669746,103854.286509263,7
1526.05202661976,1584.69259113305,1543.12860837005,199.334094788980,0.406347329333021,68602.6907922740,44.8810336420716,114540682.899659,7
440.217043836249,556.432661635363,545.888997398906,777.252940480529,0.380349245363778,2793.61767073195,2.63101974022516,345583.852150079,7
1929.01431582516,1964.86250345849,1944.52855105056,64.7487929302515,5.98622882801912,16569.6245533386,24.7692890530343,6659526.87464746,7
42.9727230072022,45.2383537292481,43.7453765869141,0.335356725565172,0.000140780612128174,0.140637516183540,0.00458402554310517,0.000794020833570929,2
42.7821674346924,43.8743572235108,43.2220096588135,0.0748200211980506,1.14035635001119e-05,0.0404012250983231,0.00273657361686021,8.82799491304680e-05,2
40.6101570129395,42.5250015258789,41.4265632629395,0.190734615283320,0.000363542042274619,0.167912123205796,0.00856415748906770,0.00113556006664565,2
43.2815132141113,44.5159015655518,43.9315223693848,0.133271286466696,0.000156221392293639,0.0385518805220812,0.00402022600731720,6.12378327533254e-05,2
53.1492729187012,86.9138412475586,83.6789779663086,66.4873016296117,0,124.039956446934,0.319679578145345,383.891607624802,2
75.4521255493164,76.3676528930664,76.0624771118164,0.0452284882890015,0.000931322574615479,0.147459407647451,0.0138922284046809,0.000784164057484422,2
77.1190948486328,78.1109161376953,77.8820343017578,0.0620493665337563,0.000931322574615479,0.127901633580526,0.0189368923505147,0.00100496474109677,2
83.7491226196289,92.8891143798828,92.7212677001953,5.70799928251003,0.000465661287307739,8.26849272320890,0.00838190317153931,1.74926862599878,2
45.9226684570313,64.5383453369141,60.4947738647461,20.1931134127700,0.0238263358672460,12.1260006757413,0.375241623274647,5.66195259893601,2
49.6387252807617,91.8596954345703,67.0947418212891,74.5470694597868,0.00403573115666707,118.167216812586,0.177882611751556,428.802638122052,2
35.7079429626465,35.7689781188965,35.7445640563965,0.000242961616050906,0,0.000298023223876953,0,2.11213160782347e-08,2
60,60,60,0,0,0,0,0,2
60,60,60,0,0,0,0,0,2
60,60,60,0,0,0,0,0,2
1.50000000000000,1.50000000000000,1.50000000000000,0,0,0,0,0,2
1.50000000000000,1.50000000000000,1.50000000000000,0,0,0,0,0,2
38.2718715667725,43.0312500000000,40.7281246185303,1.02095241939890,476.611785009293,1437.06991999296,505.378612694993,21071.6967894667,2
43.8803100585938,45.7926712036133,44.8541984558105,0.225486605272955,0.000313499510715095,0.0477365313417912,0.00237761331663557,7.94589310195106e-05,2
42.5812511444092,49.9875011444092,44.5062522888184,3.07486406718022,0.00107729753653900,2.58055904070589,0.147473949912817,0.385255118519773,2
42.1281242370605,50.0624980926514,47.7218761444092,2.42630363514536,6.51280121632219e-05,2.53871060133083,0.0233952705105668,0.284027022060750,2
42.3132343292236,44.0662345886231,43.1808795928955,0.210816097828578,0.000522544213406781,4.75128035228894,0.00446792525568902,0.549868558055404,2
77.5388031005859,93.3316040039063,93.1942749023438,10.4487821810006,0.000465661287307739,6.18144813926781,0.00644164780775706,1.00794106693458,2
40.6377525329590,44.5658988952637,42.3252620697022,0.959812963453155,0.000260432564875905,2.01692810703632,0.0355862601657769,0.100394381594387,2
48.5964889526367,49.9697723388672,49.1305465698242,0.0982424535340347,0.000931322574615479,0.119023025035858,0.0116415321826935,0.000750049446536092,2
49.1387252807617,50.1000289916992,49.5659713745117,0.0583354338276677,0.000931322574615479,0.108343859513601,0.00962366660435994,0.000398067567515657,2
45.0681838989258,70.6418457031250,50.6833953857422,41.3497682170978,0.00217308600743612,108.568669452773,0.0257976353168488,286.270527368565,2
46.4725227355957,66.8734703063965,60.8767814636230,24.6596927563411,0.00745058059692383,13.3671166066003,0.137525300184886,4.92408232191447,2
42.0250015258789,45.2156257629395,43.9125003814698,0.556483035490569,0.000247465781285990,0.145504483384374,0.00657238245063773,0.000596725628602978,2
48.5050010681152,49.7550010681152,49.1300010681153,0.0968413338012762,0.00209998169157267,0.138440216828389,0.00880811030220254,0.000571433071213679,2
49.0774993896485,49.9300003051758,49.5049991607666,0.0524918286956118,0.00180008239840305,0.115733239746401,0.00862496566818323,0.000496283998559070,2
45.1149997711182,70.3074989318848,50.9599990844727,43.7615537058559,0.00209998169157196,164.806948649857,0.0677080408737880,813.213811702874,2
35.7099990844727,35.7674999237061,35.7299995422363,0.000225517436663568,0,0.00124996185332122,0,5.07782462012505e-08,2
46.6245746612549,65.5759429931641,60.3269271850586,19.3013007945188,0.00580136353770892,13.1796181765132,0.457178083418229,8.71331975672219,2
41.0875034332276,43.8297538757324,41.7874984741211,0.451796343605016,4.05374755023551,8.54798750908359,5.85539095377639,0.924003391960417,2
40,40,40,0,0,0,0,0,2
40,40,40,0,0,0,0,0,2
40,40,40,0,0,0,0,0,2
40,40,40,0,0,0,0,0,2
40,40,40,0,0,0,0,0,2
40.2377471923829,46.7284126281738,42.5502662658691,2.35173182711854,0.00150667372716735,4.53519309775994,0.0723261184228163,0.604809416920932,2
31.0281248092652,51.2187500000000,35.2484378814698,24.5454461879005,3.90434336920395e-05,36.7493384393070,0.0476610211565659,36.3658387387171,2
43.1783905029297,45.0752792358399,43.7971458435058,0.216884683209380,0.000338551205155794,0.165147318867348,0.00746139527473231,0.000956328259784233,2
32.3999996185302,48.4375019073487,37.0437498092651,14.2401944777153,0.00405874161862077,34.4110287167379,2.16426128558085,29.8230906138204,2
40.8250007629395,43.0718784332276,42.0875015258789,0.464678870644311,3.90911154687148e-05,0.308878383641659,0.00422868411018325,0.00299804265602312,2
38.0750007629395,42.1843776702881,41.3375015258789,0.776167675445501,116.832888829948,197.122915846393,140.834779703926,249.259852513334,2
38.9346160888672,42.8377647399902,41.0783767700195,0.589276582109486,0.504910173428142,4.28730783957258,2.61660815726398,0.879144769884616,2
31.2343750000000,50.2687492370606,36.7953128814698,20.7903769783081,6.51041676365724e-05,37.0012908498503,0.0655844330831362,18.0676254242232,2
37.0499992370606,53.0750026702881,45.2656269073487,15.6369323356603,0.00204416275664549,25.5440729618079,0.708088649116698,32.7622688051323,2
40.4843750000000,52.7937507629395,46.4437503814698,11.6979039693028,0.000130176553891322,24.9684525505715,0.0143490250957287,28.7015989294814,2
43.6218757629395,44.7562484741211,44.3281250000000,0.0957468639123459,1.95455577343574e-05,0.0385253707584913,0.00233071963399520,7.79600864993879e-05,2
44.4908809661866,49.4221611022949,46.1033897399903,1.85728911504650,0.00216149966096791,2.44725315023855,0.0222399298363526,0.187637206829293,2
43.1908912658692,45.0815277099609,43.7877712249756,0.215718761034973,0.000169283550348783,0.0745789675813257,0.00609401704180635,0.000355901174495520,2
41.5312519073487,43.2343730926514,42.6406250000000,0.139070941583857,1.94978856596252e-05,0.0513537597677612,0.00146815698220201,0.000133694291952121,2
77.5998382568359,93.3468627929688,93.2095336914063,8.89158261843500,0.000465661287307739,2.32848410961456,0.00434617201487223,0.328547096837955,2
77.5388031005859,93.3468627929688,93.2095336914063,8.94650232861905,0.000465661287307739,2.16522331667747,0.00403573115666707,0.298577205974102,2
77.3099212646484,93.3621215820313,93.1942749023438,10.1033930801184,0.000465661287307739,4.07545559575087,0.00457900265852610,0.677580830285546,2
78.3170013427734,93.3773803710938,93.1942749023438,7.78738966591055,0.000465661287307739,4.05465369114250,0.00434617201487223,0.619555418441691,2
78.3170013427734,93.3316040039063,93.2095336914063,8.35319510811710,0.000465661287307739,4.74433067721552,0.00403573115666707,0.789502977490560,2
42.9727230072022,45.1938209533692,43.7438163757324,0.331928360107643,3.47646127918730e-05,0.177209885240887,0.00489464978818506,0.00127144591185844,2
42.7821674346924,43.8782634735108,43.2306060791016,0.0768560240875353,5.10724397222347e-05,0.0404012250983231,0.00275939067554404,9.58347654937384e-05,2
40.6085968017578,42.5328140258789,41.4421882629395,0.197423035290039,0.000361366275078220,0.201586942673509,0.00653505683779740,0.00281249858083331,2
46.6932392120362,65.0189971923829,60.1667098999024,18.1987025359931,0.000776102145512899,13.3453349505764,0.364669084475010,7.58881505409271,2
42.9664707183838,45.2344474792481,43.7610034942627,0.341456368844687,5.61547300700534e-05,0.141267809477250,0.00347218203678528,0.00121690987616039,2
20.2320268419000,21.9821993510000,20.6020609538000,0.268462650982995,0,0.466293680766470,0.000450141410107661,0.00604185470674483,4
21.3522254096137,23.0122290717231,22.4622090657552,0.233197294093191,0.000200458704551152,0.106303971765918,0.00563293717966540,0.000481914012836745,4
19.9422200520833,20.9222327338325,20.5672221713596,0.0337605945498010,4.97757782012826e-05,0.587749219302657,0.000649730999734355,0.00856533531570046,4
20.0322172376845,20.9272215101454,20.6422042846680,0.0320515267942448,0,0.448028246218873,0.000566990780840786,0.00493386910752127,4
20.3422164916992,21.1022271050347,20.4972288343642,0.0251603348827668,0,0.0993011364272256,0.00126716837452279,0.000460548724017701,4
20.0222100151910,21.1072158813477,20.7272254096137,0.0457347746683719,0,0.228369339908367,0.000399560667573411,0.00137162237869274,4
19.5722283257378,20.8672247992622,20.3572146097819,0.0629637464673567,0,0.302497804619244,0.000433690997534143,0.00278284232194335,4
20.6172243754069,21.6272184583876,21.0322189331055,0.0745401477214701,0,0.00629115473899089,0.000466323615035680,2.44689295981047e-06,4
21.0222074720595,21.7222213745117,21.3922034369575,0.0374335457116045,0,0.0162701137050603,0.000699570162008553,1.32827455330563e-05,4
20.2272097269694,21.3222249348958,20.9422217475043,0.0858212882496639,0,0.0265634762721569,0.000291826689008564,2.18219284098708e-05,4
20.5322180853950,21.8622334798177,21.4672300550672,0.159261408947107,4.97757782013180e-05,0.0247675909989178,0.000800307918079561,2.54536970819954e-05,4
20.2722083197700,21.0872268676758,20.6122334798177,0.0436378719429174,0,0.0104924956062430,0.000624836208355319,4.41779911394935e-06,4
20.4722213745117,21.1722310384115,20.8222113715278,0.0302561826455443,0.000100186924160781,0.0191288281600014,0.000933296970088165,1.58819879444251e-05,4
20.4922103881836,21.4222187466092,20.7772127787273,0.0555641904342950,0.000100186924160781,0.103896478323470,0.00344987610322075,0.000562828990827732,4
20.2172152201335,21.3372124565972,20.8122168646918,0.0652843720545497,0.000291770206019150,0.231284055149008,0.00209989692223243,0.00134437995111684,4
19.7622299194336,21.3572141859267,20.3972244262696,0.109052405302970,9.98902627079358e-05,0.290457558319160,0.00456638272712765,0.00270493129562922,4
20.0322172376845,21.2972174750434,20.5222235785591,0.0747843720410512,4.97757782012826e-05,0.0839034606265706,0.00229236325832282,0.000410811073234481,4
19.8022079467773,20.8022223578559,20.2522193060981,0.0383186445403257,0,0.130620614686370,0.00136662053475757,0.000431841840945442,4
19.9572202894422,20.7122251722548,20.2972178988987,0.0303785943119765,9.98902627089295e-05,0.107631644072612,0.00173340705099107,0.000432559321843764,4
20.2422247992622,21.4722188313802,20.6922213236491,0.104742099442878,5.01146761377703e-05,0.178564215148874,0.00124926260064362,0.00107173962359506,4
20.1122368706597,21.6222148471409,20.8272171020508,0.141960778735776,5.01146761377703e-05,0.0768639377761715,0.00262474399869595,0.000317718269871968,4
20.3222274780273,21.5722253587511,20.9072176615398,0.0693956873430341,5.00722510171967e-05,0.0696964414743391,0.000892022299500295,0.000208015256991238,4
20.4522323608398,21.3722144232856,20.9072176615398,0.0673926836523124,0,0.0736907306148980,0.00126603811589025,0.000133827445782167,4
19.8922051323785,21.3372103373210,20.7072215610080,0.0756830340916366,0,0.0987026857380771,0.000758884924248246,0.000324415555933064,4
19.4522306654188,20.7422086927626,20.0772158304850,0.0568978767565963,4.97757782013180e-05,0.0771344652101336,0.000891753813667400,0.000229642426969574,4
19.8322041829427,20.5472183227539,20.1422034369575,0.0184526472456389,0,0.0386902092020825,0.000758340992520938,4.77663979300958e-05,4
19.5122146606446,20.7872072855632,20.3522237141927,0.0709413103962273,0,0.0691340425039258,0.00153410725378121,0.000203670336590229,4
21.3322067260742,22.0472166273329,21.5772162543403,0.0343766332496120,0,0.00790102712627212,0.000400154032398130,2.87313649332049e-06,4
20.2322302924262,25.9822294447157,22.0772319369846,1.20714277356415,0.000933438267391210,1.92230285087619,0.0306705821752528,0.104057832353227,4
21.0972213745117,22.8822241889106,21.8172073364258,0.271424496030154,0.000233303083856754,0.106469226093888,0.00926482196054725,0.000518627711950230,4
21.2422095404731,23.0922147962782,22.1922217475043,0.187828977874531,0.000233246558948373,0.128570985179992,0.00563285231145859,0.000446365684578075,4
23.6506271362305,23.6506271362305,23.6506271362305,1.16435869610621e-28,0,0,0,0,4
21.9572215610080,23.1122334798177,22.4122089809842,0.117122576840450,5.00722510171967e-05,0.0245579637951996,0.000958431982750560,3.04749403666454e-05,4
21.2222205268012,23.0722257826063,22.1822102864583,0.270588373929417,0.000800307918075439,0.0758892742219040,0.00553341428993724,0.000310258496902216,4
20.1422034369575,21.6072294447157,20.9922260708279,0.149489001989424,0,0.102829853340564,0.00133305532812992,0.000255441939845357,4
20.0422117445204,21.4022127787273,20.6472078959148,0.0880164546667630,0,0.0818884044975562,0.00256709646076581,0.000141299843356014,4
19.6922217475043,20.9522162543403,20.3622351752387,0.0874683149781483,5.00722510171967e-05,0.113672986196654,0.00355836591365217,0.000283191179503477,4
20.2072207132976,22.2622278001573,20.7222217983670,0.148781949244910,0,0.146892291262013,0.000433083417644384,0.000633680894052442,4
19.8522271050347,21.6072146097819,20.6772232055664,0.135696581121175,4.97757782002901e-05,0.0224901274444980,0.000758319699114167,1.18806976202617e-05,4
21.1622089809842,21.8022070990668,21.3722313774957,0.0263668835832760,0,0.00549132014889462,0.000757945443918676,1.88527197139571e-06,4
21.2872229682075,22.9622099134657,22.5222100151910,0.297047377861762,5.01146761377703e-05,0.0656966398512288,0.00483240318291358,0.000150250802547046,4
21.5522087944878,22.5722249348958,22.2422112358941,0.0665807195880306,5.01146761378059e-05,0.0839291704593430,0.00286676688808426,0.000211128476434390,4
20.7022306654188,21.6422017415365,21.1322106255425,0.0654008362425506,0,0.00469993683958420,0.000199780333787700,1.32678073290115e-06,4
20.3722296820747,21.3822258843316,20.7172309027778,0.0655278861325046,0,0.0590305017087424,0.00245057206844114,0.000136100679598067,4
20.3322050306532,24.9772262573242,22.0172182718913,0.713744985290784,9.98902627089294e-05,1.07489052843516,0.0132343644389301,0.0325226184103491,4
20.7022306654188,24.0222231547038,22.2072219848633,0.418403636362271,5.00722510171967e-05,0.412421225373242,0.00953159729244238,0.00562253731391723,4
20.9022140502930,22.6222144232856,22.1222135755751,0.169757577963828,0.000100186924160781,0.0555968571854575,0.00169159549856293,0.000223583448564076,4
21.2422095404731,22.9222318861220,22.2022332085503,0.137875182735707,0,0.0360252641976319,0.00280048427509106,7.31630093838959e-05,4
21.0322189331055,22.8422143724230,22.4122238159180,0.162059914577969,0,0.0676299843406918,0.00303258638279986,0.000178367848937265,4
19.5022201538086,21.2172147962782,20.4172134399414,0.131697846482642,0,0.163490146366146,0.00189914189757057,0.000803215180643282,4
19.4772254096137,21.4522298177083,19.9522145589193,0.234952603967252,4.97757782012826e-05,0.0425965163567781,0.000958431982750495,5.10641507904797e-05,4
20.7722091674805,21.7022323608398,21.0322189331055,0.0825811792929844,5.01146761378059e-05,0.121557854892721,0.000691542618929728,0.000361310802194754,4
21.6572189331055,22.0472166273329,21.8222257826063,0.0120973633782464,0,0.0234908301480004,9.98902207898323e-05,1.34966783075356e-05,4
19.3672243754069,20.9422217475043,20.0622177124023,0.0953221669113665,5.00722510171967e-05,0.100873654890964,0.00346922687898680,0.000497177182490698,4
22.4538887871636,25.3138732910156,22.9988861083985,0.492678995794304,4.97757782013180e-05,1.01947644084081,0.00173360496152603,0.0335745719676550,4
21.2072202894422,22.8872129652236,21.8847179412842,0.145697304590140,0,0.0265672908142058,0.00109551603727736,2.22174866398377e-05,4
20.8222283257378,22.3522101508247,21.6222127278646,0.0965929487050255,0,0.0459337604316333,0.000233303083858412,3.89478526939576e-05,4
19.1622246636285,19.9422200520834,19.2322285970052,0.0295990653646684,0.000399560667573411,0.0181659653855584,0.00149986382310400,1.60489646261840e-05,4
20.6072298685710,21.2072202894422,21.0222095913357,0.0451493874609274,0,0.00642675759942502,0.000100186924160746,3.19595524764879e-06,4
20.3922017415365,21.2772284613716,20.6972196367052,0.0243152986154520,0,0.0963981906558135,0.000100186924160781,9.39476593100225e-05,4
20.4922103881836,21.3822258843316,20.7222196790907,0.0956076866734646,0,0.0164237184592617,0.000400154032398201,1.53451351509539e-05,4
20.3872129652236,21.0922156439888,20.6422170003256,0.0175497284198867,0,0.0864287384415833,0.000233303083856695,0.000193581874709794,4
19.7572093539768,21.1372142367892,20.4772249857585,0.0662772181331758,0,0.221494729890533,0.000566453928952502,0.00122696007216368,4
19.8422156439888,22.2722074720595,21.3672235276964,0.251385942298295,0,0.683032193687228,0.00363373561682381,0.0122361334759265,4
21.2655470106337,22.8855556911893,21.9155544704862,0.200575316495209,0,0.209221032243268,0.00153331595745788,0.00114224492038971,4
20.1872168646918,21.3272158304850,20.6522136264377,0.0951988173561906,0,0.107090862102531,0.00123364555408754,0.000300104171527608,4
20.8222283257378,21.7922295464410,21.2072202894422,0.0500239021952407,0,0.0316674522195508,0.000633089683389079,3.54071103354088e-05,4
20.3972074720595,21.0822041829427,20.6772232055664,0.0364254660593425,0,0.0300664691601390,0.000166709735077556,2.68891196310934e-05,4
20.8222113715278,23.3472209506565,21.9047228495280,0.339419887505514,0,0.0586971177207124,0.00206600691595776,9.32035982511994e-05,4
20.3622351752387,21.3672256469727,20.7122251722547,0.0561583845299150,0,0.0252909083451127,0.000666725501242780,1.26439189616375e-05,4
21.1772219340007,21.6622225443523,21.3472196790907,0.0111246547535779,0,0.00369200491827535,9.98902627089650e-05,4.71546925182425e-07,4
20.4222318861220,20.8272171020508,20.5472183227539,0.0146501450258885,0,0.0412258455778901,0.000233246558948373,4.17900207231995e-05,4
20.5972205268012,21.2372207641602,20.9672164916992,0.0492131527439985,5.01146761377703e-05,0.0209638359106143,0.00182517079963120,1.11000721694634e-05,4
18.9122242397733,20.5322180853950,19.6922217475043,0.0922690471870530,0,0.0874256687915970,0.00566595128790006,0.000722626795253224,4
21.3822258843316,22.8922017415365,22.5672213236491,0.190883677016872,0,0.00136597064502540,5.01146761378059e-05,3.28289785992418e-08,4
21.0672208997938,22.7922270033095,21.4272223578559,0.186239641127901,0,0.0438348665914715,0.000433464803579758,3.69599088428087e-05,4
19.9622090657552,20.6622081332737,20.0522210862902,0.0228287113829546,0.000400238846708693,0.0194670943805682,0.00230082178960447,1.05059167239242e-05,4
21.0772154066297,22.3122151692708,21.4422225952148,0.153343053971286,0,0.0177585256643267,0.000491494056817453,1.66518933100568e-05,4
20.5322180853950,20.7722091674805,20.5872260199653,0.00478892930528281,0,0.00446710009969762,5.01146761378059e-05,1.02132114968477e-06,4
20.2222209506565,21.0872120327420,20.5072254604764,0.0279325430771308,0,0.140423432534537,0.000200373845327270,0.000533281849278875,4
19.5522223578559,21.8622334798177,21.0022184583876,0.323483471607671,0.000233246558950030,0.778456924182758,0.00709985758210749,0.0154727334621047,4
19.9822319878472,20.9572219848633,20.5122121175131,0.0565915361542849,0,0.00549231615413916,0.000333362752119531,1.05840986729258e-06,4
20.4272227817112,20.6472078959148,20.5422125922309,0.00386821518525155,0,0.00246604780422056,5.01146761378059e-05,1.57201202443052e-07,4
20.3672239515517,22.4872186448839,21.1322233412001,0.133683048236513,0.000399560667573411,0.212625025212163,0.00823461591364352,0.00204614613014870,4
20.3872129652236,21.6322241889106,20.7872221204970,0.0836943514169141,0,0.0276325879438365,0.000566496334607926,2.42921343678673e-05,4
20.5622164408366,20.8822250366211,20.7272254096137,0.00852334900931711,0,0.00153314642465463,5.01146761378059e-05,1.28863148076814e-07,4
20.1822111341688,21.0572115580241,20.5022176106771,0.0266729997812571,5.00722510171967e-05,0.176499465808867,0.000400154032398130,0.000905362927946019,4
19.3422147962782,21.3772180345323,20.6722174750434,0.195386357398346,0,0.506208051820239,0.00250120962243593,0.00683445798005320,4
19.6722327338325,21.0172186957466,20.1522127787272,0.0796119560009752,0,0.0557972732073773,0.000758192546515452,4.11236364284397e-05,4
20.4372172885471,21.7172156439888,21.1022271050347,0.0455389082438754,0,0.0662201659491302,0.000899901330697717,0.000196456583677951,4
20.5422295464410,21.6522280375163,20.8822080824110,0.0905756275381310,0,0.0577990601051125,0.00153351388895516,0.000102882296358299,4
20.2122116088867,22.0122273763021,21.3672235276964,0.152511089410035,0,0.543510164730676,0.00366713125621658,0.00745077326268082,4
20.9272215101454,21.4522298177083,21.2272262573242,0.0168843513057795,0,0.00582406118840804,0.000166568389869931,8.83135728056611e-07,4
20.5427169799805,21.1680518256293,20.9354612562392,0.0334849277851522,2.41026426034232e-06,0.00612769163051597,0.000277288595105310,1.12902522346889e-06,4
20.4472266303168,20.7422086927626,20.6222152709961,0.00896668973977806,0,0.000966650229274970,5.00722510171967e-05,2.39175066172113e-08,4
19.9019538031684,20.3769747416179,20.1450877719455,0.0103546881189341,0.000228052014767308,0.0639130184958632,0.00939056336082175,0.000135426135990218,4
21.0812144809299,21.5778096516928,21.2563535902235,0.0236883484789805,1.12758359656742e-05,0.00382963140516725,0.000266753953155762,8.76425304895836e-07,4
20.0322172376845,21.1922221713596,20.1922204759386,0.111156515202120,5.00722510171967e-05,0.255365461353499,0.00509250131311333,0.000509911725116628,4
19.1926193237305,21.0097418891059,19.5543267991808,0.0968871197499574,8.90871409182846e-05,0.548189036577058,0.00179483387550803,0.00810259598594368,4
21.2901518079970,22.0437833997938,21.5951135423448,0.0388791684754467,2.41026426034232e-06,0.00630438408274246,0.000176009102819156,8.21217372657498e-07,4
19.6518325805664,21.8146896362305,21.1552662319607,0.205067770902144,0.000150032102422116,0.109662360854500,0.00418028411418081,0.000657074330121337,4
19.3776003519694,21.3125059339735,20.2967749701606,0.146088122795408,4.23382449226985e-05,0.387253911959482,0.000706232328222287,0.00385256045747040,4
19.8522101508247,22.1172247992622,21.4422204759385,0.275201297713434,4.98180775636072e-05,0.842211762430415,0.00709977260610191,0.0183037914389587,4
20.5472183227539,22.4772114223904,21.4672152201335,0.199247555333627,0.000199780333787700,0.144946689688379,0.00846790482884965,0.00173749753183419,4
20.2922142876519,20.8872138129341,20.6172243754069,0.0120748278277914,0,0.0607020624193816,9.98902627079003e-05,2.55115559841153e-05,4
20.1772223578559,21.1172252231174,20.7872221204970,0.0753387623456349,5.00722510171967e-05,0.0702883906477052,0.00103321537248748,0.000132677327350447,4
20.4622268676758,21.2872229682075,21.1122343275282,0.0290630748458896,0,0.0996895612206971,0.000891753813667400,0.000518631714832095,4
18.5372225443522,20.5072254604764,19.4447252485487,0.158591101765218,4.97757782012826e-05,0.0997731858651780,0.00166275756842588,0.000159705459691286,4
20.4022132025825,20.8272149827745,20.5922169155545,0.00595682945689397,0,0.0121690910888047,0.000199780333787700,3.99670888057353e-06,4
18.4422217475043,20.5972205268012,19.3172221713596,0.256599780013285,5.01146761377703e-05,0.157970545192804,0.00439989209508616,0.00223141238509554,4
21.4572207132975,22.3222096761068,21.9072172376845,0.0672838441028918,0,0.0106997594450857,0.000433012866308378,4.41060874903118e-06,4
20.2072207132975,21.1872164408366,20.5622164408366,0.0765421442321623,9.98902627079003e-05,0.225366758383095,0.000700375421880182,0.00136679437714090,4
21.3422139485677,21.9072172376845,21.6922208997938,0.0377836814810341,5.01146761377703e-05,0.0115342824161115,0.000933296970091457,5.81395691513277e-06,4
20.1322237650554,21.6172091166179,20.5522070990668,0.236616582251022,0.000166667329419408,0.0726279766749573,0.00129908057041725,0.000284148829791676,4
18.7372207641602,19.9522315131293,19.4347148471408,0.0585637965073534,0,0.0378046438613219,0.000866237369412427,2.34633071378888e-05,4
19.3222257826063,22.5472174750434,21.2572076585558,0.470461503756031,9.98902627089650e-05,2.51481810081276,0.00843394419039617,0.156612227101728,4
19.8222117953830,20.8872138129340,20.0222100151910,0.112159542965300,0.000100186924160781,0.331429894032673,0.00133345100248968,0.00305413915717013,4
21.2272262573242,22.7772140502930,21.7672178480361,0.260437810111053,4.97757782012826e-05,0.0195017616777099,0.00163379968829331,2.49631361806632e-05,4
20.1922225952148,21.9872199164497,20.9022129906549,0.273449028063563,0,0.0786924710937552,0.000962251495950699,9.93629941255878e-05,4
21.1422178480360,21.9822311401367,21.5322176615398,0.0332495512906978,0,0.0140268356012243,0.000291756019397600,6.02650732908612e-06,4
19.7022332085503,20.8872138129340,19.9372164408366,0.0981845712628850,0.000100229352275576,0.389672763453228,0.00175839385119203,0.00534570769162447,4
19.0722126430935,21.7422231038411,19.9372164408366,0.240903538375073,5.00722510171967e-05,0.215019633444180,0.00353329447879016,0.00253721549615945,4
21.0622151692708,22.0422108968099,21.4872211880154,0.0420571688872875,0,0.0248266617015805,0.000233402054847224,1.75642347636959e-05,4
20.4064390394422,20.8488972981771,20.6992721557617,0.0145862393560837,7.91236676307449e-05,0.00696575140651274,0.000785752562491320,2.08215075166574e-06,4
20.6085713704427,21.0171996222602,20.9093263414171,0.0109830729216483,5.43205286798209e-06,0.125158957264008,0.000103367568181953,0.000380658087648473,4
20.5314572652181,21.5019734700521,21.1602274576823,0.0526670395585114,1.09367568783471e-05,0.0657101514018152,0.000484709001775191,0.000122323303248745,4
21.6030947367351,22.6481882731120,22.0463063981798,0.0568503300161409,4.19696922191824e-05,0.0431523246135763,0.00105452653107523,5.97468411648827e-05,4
21.2051391601563,21.9937811957465,21.5934753417969,0.0482771483705001,5.62115333800276e-06,0.0218640730297448,0.000460706478443644,1.42774645876910e-05,4
20.3772184583876,22.1072302924262,20.7972166273329,0.276866693209640,0,0.225047524348949,0.000400154032398201,0.00196157465034163,4
20.7559945848253,21.0516590542264,20.9216308593750,0.00563959753322527,0.000353721116569080,0.00611238567456551,0.00158554533229221,2.35772911677891e-06,4
20.8568043178983,22.3865890502930,21.6106647915310,0.188806330009588,4.82984054871021e-06,0.0669691678907226,0.00404037760640399,0.000250720841981002,4
21.1572180853950,22.2772132025825,21.4247279696995,0.0728305924998166,0,0.205627271569969,0.0266820350761374,0.00305073683987931,4
20.6387583414714,23.3109537760417,21.2851058112250,0.410686759864872,1.91892393282809e-05,0.743843020586900,0.00218553654226650,0.0260798924362960,4
22.2922113206652,23.5122299194336,22.7447117699517,0.143479847651000,0,0.442250428100674,0.0947976089739897,0.0127047422809829,4
21.4596176147461,22.1111064487034,21.7278353373210,0.0301079876410173,0,0.0849497539641896,0.000254683904070890,0.000181168691398571,4
21.5262985229493,23.3483653598362,22.3747020297580,0.155226192958419,2.41026426034232e-06,0.520061794445362,0.000898685004673855,0.00332366007416116,4
23.2186041937934,24.9888059828017,23.9635615878635,0.302143174638441,0.000214069152783258,0.206822230963675,0.00743825165666900,0.00242055753874918,4
24.5101547241211,28.0533981323242,27.6340230305990,1.70637478161769,4.89531817897043e-06,4.18757489191090,0.000999853081237646,0.437838714176672,4
20.2320268419054,21.9821993509929,20.6020609537760,0.282847322846719,0,0.225477971797974,0.000450141409219486,0.00206960210287358,4
21.5683492024740,22.9401779174805,22.0504527621799,0.0908311191147838,0.00143941788749013,0.598968187814858,0.174502845138976,0.0318586841939075,4
22.2222222222222,22.2222222222222,22.2222222222222,4.66034750161336e-28,0,0,0,0,4
21.1572180853950,22.2772132025825,21.4247279696995,0.0731890537212297,0,0.205627271569969,0.0266820350761374,0.00294624030289382,4
20.6804741753472,23.4997516208225,21.2116029527452,0.336967352816325,3.36383629415308e-05,0.688148637027039,0.00198665524586322,0.00977140980019928,4
22.2922134399414,23.4222327338325,22.6672119564481,0.156075673073463,0,0.408236676240937,0.0586224190803168,0.00986641871039768,4
60.9540748596192,65,65,1.75911674612729,0,28.1250000000000,0,37.5926840034655,6
58.1115837097168,81.6659545898438,62,28.9743055654201,0,264.500000000000,0,4039.46730074042,6
69.5000000000000,74,71.5000000000000,1.26230826970167,0,10.1250000000000,0,5.02001533622033,6
55,55,55,0,0,0,0,0,6
373.000068712156,373.000068712156,373.000068712156,1.19230330481276e-25,0,0,0,0,6
373.000068712156,373.000068712156,373.000068712156,1.19230330481276e-25,0,0,0,0,6
373.000068712156,373.000068712156,373.000068712156,1.19230330481276e-25,0,0,0,0,6
373.000068712156,373.000068712156,373.000068712156,1.19230330481276e-25,0,0,0,0,6
33,33,33,0,0,0,0,0,6
66.5000000000000,71,68.5000000000000,1.26230826970167,0,10.1250000000000,0,5.02001533622033,6
3,3,3,0,0,0,0,0,6
65,65,65,0,0,0,0,0,6
30,30,30,0,0,0,0,0,6
23.6506271362305,23.6506271362305,23.6506271362305,1.16435869610621e-28,0,0,0,0,6
105,105,105,0,0,0,0,0,6
105,105,105,0,0,0,0,0,6
105,105,105,0,0,0,0,0,6
400,400,400,0,0,0,0,0,6
1300,1300,1300,0,0,0,0,0,6
300,300,300,0,0,0,0,0,6
60,60,60,0,0,0,0,0,6
36,36,36,0,628.916666666667,628.916666666667,628.916666666667,1.19159402265642e-25,6
69.5000000000000,71.5000000000000,71.5000000000000,0.427783711869824,0,1.12500000000000,0,0.0709793719943001,6
74.5000000000000,74.5000000000000,74.5000000000000,0,0,0,0,0,6
69.5000000000000,69.5000000000000,69.5000000000000,0,0,0,0,0,6
60,60,60,0,0,0,0,0,6
1,1,1,0,0,0,0,0,6
1,1,1,0,0,0,0,0,6
1,1,1,0,0,0,0,0,6
1,1,1,0,0,0,0,0,6
1,1,1,0,0,0,0,0,6
1,1,1,0,0,0,0,0,6
1,1,1,0,0,0,0,0,6
1,1,1,0,0,0,0,0,6
0,0,0,0,0,0,0,0,6
0,0,0,0,0,0,0,0,6
0,0,0,0,0,0,0,0,6
0,0,0,0,0,0,0,0,6
0,0,0,0,0,0,0,0,6
0,0,0,0,0,0,0,0,6
1,1,1,0,0,0,0,0,6
1,1,1,0,0,0,0,0,6
1,1,1,0,0,0,0,0,6
1,1,1,0,0,0,0,0,6
1,1,1,0,0,0,0,0,6
1,1,1,0,0,0,0,0,6
1,1,1,0,0,0,0,0,6
1,1,1,0,0,0,0,0,6
8.32999971177843,8.32999971177843,8.32999971177843,2.91089674026553e-29,0,0,0,0,6
8.32999971177843,8.32999971177843,8.32999971177843,7.95720565266412e-29,0,0,0,0,6
8.32999971177843,8.32999971177843,8.32999971177843,2.91089674026553e-29,0,0,0,0,6
8.32999971177843,8.32999971177843,8.32999971177843,2.91089674026553e-29,0,0,0,0,6
8.32999971177843,8.32999971177843,8.32999971177843,2.91089674026553e-29,0,0,0,0,6
0,0,0,0,0,0,0,0,6
0,0,0,0,0,0,0,0,6
0,0.500000000000000,0,0.00609756097560976,0,0.500000000000000,0,0.00609756097560976,6
0,0,0,0,0,0,0,0,6
1,1,1,0,0,0,0,0,6
1,1,1,0,0,0,0,0,6
1,1,1,0,0,0,0,0,6
1,1,1,0,0,0,0,0,6
1,1,1,0,0,0,0,0,6
1,1,1,0,0,0,0,0,6
1,1,1,0,0,0,0,0,6
1,1,1,0,0,0,0,0,6
1,1,1,0,0,0,0,0,6
1,1,1,0,0,0,0,0,6
0,0,0,0,0,0,0,0,6
0,0,0,0,0,0,0,0,6
74.2611103057862,100,100,31.1331243556389,0,1324.98088538182,0,81530.3834231160,6
33.4322204589844,34.7533340454102,33.4322204589844,0.329814492111887,0,1.12106347849037,0,0.0306532517757298,6
100,100,100,0,0,0,0,0,6
30.3422222137451,44.0711116790772,30.9166660308838,4.32721469736397,0,68.3255524095305,0.169461849838044,115.654976578489,6
97.9744415283203,100,100,0.775545736512169,0,2.05144356109670,0,0.102644406935735,6
58.4044456481934,59.8383331298829,59.3577766418457,0.212836160889514,0,271.236524302538,0.174135555779980,3447.10365086516,6
50.0744438171387,50.7694435119629,50.0744438171387,0.0337626893625387,0,0.261606953601601,0,0.00276430373244067,6
58.4066658020020,59.2916660308838,58.4088897705078,0.0363929646150478,0,0.929335491098687,0,0.0287808057386797,6
1,1,1,0,0,0,0,0,6
1,1,1,0,0,0,0,0,6
1,1,1,0,0,0,0,0,6
1,1,1,0,0,0,0,0,6
1,1,1,0,0,0,0,0,6
2,2,2,0,0,0,0,0,6
1,1,1,0,0,0,0,0,6
1,1,1,0,0,0,0,0,6
5.55555555555556,5.55555555555556,5.55555555555556,1.29373188456246e-29,0,0,0,0,6
5.55555555555556,5.55555555555556,5.55555555555556,6.44533657865794e-29,0,0,0,0,6
5.55555555555556,5.55555555555556,5.55555555555556,1.29373188456246e-29,0,0,0,0,6
5.55555555555556,5.55555555555556,5.55555555555556,1.29373188456246e-29,0,0,0,0,6
5.55555555555556,5.55555555555556,5.55555555555556,1.29373188456246e-29,0,0,0,0,6
6973.33860207806,6973.33860207806,6973.33860207806,8.47860127866853e-25,0,0,0,0,6
6973.33860207806,6973.33860207806,6973.33860207806,3.67958707963154e-22,0,0,0,0,6
6973.33860207806,6973.33860207806,6973.33860207806,8.47860127866853e-25,0,0,0,0,6
6973.33860207806,6973.33860207806,6973.33860207806,8.47860127866853e-25,0,0,0,0,6
6973.33860207806,6973.33860207806,6973.33860207806,8.47860127866853e-25,0,0,0,0,6
12.7777777777778,12.7777777777778,12.7777777777778,2.06997101529994e-28,0,0,0,0,6
12.7777777777778,12.7777777777778,12.7777777777778,5.36973235623358e-28,0,0,0,0,6
12.7777777777778,12.7777777777778,12.7777777777778,2.06997101529994e-28,0,0,0,0,6
12.7777777777778,12.7777777777778,12.7777777777778,2.06997101529994e-28,0,0,0,0,6
12.7777777777778,12.7777777777778,12.7777777777778,2.06997101529994e-28,0,0,0,0,6
18.3333333333333,18.3333333333333,18.3333333333333,5.17492753824984e-29,0,0,0,0,6
18.3333333333333,18.3333333333333,18.3333333333333,3.18288226106565e-28,0,0,0,0,6
18.3333333333333,18.3333333333333,18.3333333333333,5.17492753824984e-29,0,0,0,0,6
18.3333333333333,18.3333333333333,18.3333333333333,5.17492753824984e-29,0,0,0,0,6
65084.4936193952,65084.4936193952,65084.4936193952,1.35657620458697e-21,0,0,0,0,6
65084.4936193952,65084.4936193952,65084.4936193952,2.81995061715022e-20,0,0,0,0,6
65084.4936193952,65084.4936193952,65084.4936193952,1.35657620458697e-21,0,0,0,0,6
65084.4936193952,65084.4936193952,65084.4936193952,1.35657620458697e-21,0,0,0,0,6
65084.4936193952,65084.4936193952,65084.4936193952,1.35657620458697e-21,0,0,0,0,6
8.33333333333333,8.33333333333333,8.33333333333333,0,0,0,0,0,6
8.33333333333333,8.33333333333333,8.33333333333333,2.57813463146317e-28,0,0,0,0,6
8.33333333333333,8.33333333333333,8.33333333333333,0,0,0,0,0,6
8.33333333333333,8.33333333333333,8.33333333333333,0,0,0,0,0,6
9297.78480277074,9297.78480277074,9297.78480277074,3.05229646032067e-23,0,0,0,0,6
9297.78480277074,9297.78480277074,9297.78480277074,1.20149782192050e-22,0,0,0,0,6
9297.78480277074,9297.78480277074,9297.78480277074,3.05229646032067e-23,0,0,0,0,6
9297.78480277074,9297.78480277074,9297.78480277074,3.05229646032067e-23,0,0,0,0,6
9297.78480277074,9297.78480277074,9297.78480277074,3.05229646032067e-23,0,0,0,0,6
11.6666666666667,11.6666666666667,11.6666666666667,1.16435869610621e-28,0,0,0,0,6
11.6666666666667,11.6666666666667,11.6666666666667,5.37907102120095e-28,0,0,0,0,6
11.6666666666667,11.6666666666667,11.6666666666667,1.16435869610621e-28,0,0,0,0,6
11.6666666666667,11.6666666666667,11.6666666666667,1.16435869610621e-28,0,0,0,0,6
11.6666666666667,11.6666666666667,11.6666666666667,1.16435869610621e-28,0,0,0,0,6
15.5555555555556,15.5555555555556,15.5555555555556,1.58482155858901e-28,0,0,0,0,6
15.5555555555556,15.5555555555556,15.5555555555556,1.98584776487928e-27,0,0,0,0,6
15.5555555555556,15.5555555555556,15.5555555555556,1.58482155858901e-28,0,0,0,0,6
15.5555555555556,15.5555555555556,15.5555555555556,1.58482155858901e-28,0,0,0,0,6
60435.6012180098,60435.6012180098,60435.6012180098,4.88367433651308e-22,0,0,0,0,6
60435.6012180098,60435.6012180098,60435.6012180098,2.35493573096418e-20,0,0,0,0,6
60435.6012180098,60435.6012180098,60435.6012180098,4.88367433651308e-22,0,0,0,0,6
60435.6012180098,60435.6012180098,60435.6012180098,4.88367433651308e-22,0,0,0,0,6
60435.6012180098,60435.6012180098,60435.6012180098,4.88367433651308e-22,0,0,0,0,6
3,3,3,0,0,0,0,0,6
3,3,3,0,0,0,0,0,6
3,3,3,0,0,0,0,0,6
3,3,3,0,0,0,0,0,6
3,3,3,0,0,0,0,0,6
1,1,1,0,0,0,0,0,6
1,1,1,0,0,0,0,0,6
1,1,1,0,0,0,0,0,6
1,1,1,0,0,0,0,0,6
1,1,1,0,0,0,0,0,6
4,4,4,0,0,0,0,0,6
4,4,4,0,0,0,0,0,6
4,4,4,0,0,0,0,0,6
4,4,4,0,0,0,0,0,6
2,4,2,0.521951219512195,0,2,0,0.0975609756097559,6
2,2,2,0,0,0,0,0,6
2,2,2,0,0,0,0,0,6
2,2,2,0,0,0,0,0,6
4,4,4,0,0,0,0,0,6
1,1,1,0,0,0,0,0,6
1,3,1,0.140243902439025,0,2,0,0.190243902439025,6
1,1,1,0,0,0,0,0,6
1,1,1,0,0,0,0,0,6
1,1,1,0,0,0,0,0,6
1,1,1,0,0,0,0,0,6
1,1,1,0,0,0,0,0,6
1,1,1,0,0,0,0,0,6
1,1,1,0,0,0,0,0,6
1,1,1,0,0,0,0,0,6
1,1,1,0,0,0,0,0,6
1,1,1,0,0,0,0,0,6
1,1,1,0,0,0,0,0,6
1,2,1,0.102403846153846,0,0.500000000000000,0,0.0177884615384616,6
1,1,1,0,0,0,0,0,6
1,1,1,0,0,0,0,0,6
1,1,1,0,0,0,0,0,6
1,2,1,0.178846153846154,0,0,0,0,6
1,1,1,0,0,0,0,0,6
1,2,1,0.163719512195122,0,0.500000000000000,0,0.0173780487804878,6
1,1,1,0,0,0,0,0,6
1,1,1,0,0,0,0,0,6
1,1,1,0,0,0,0,0,6
1,2,1,0.117948717948718,0,0.500000000000000,0,0.0121794871794872,6
1,2,1,0.115224358974359,0,0.500000000000000,0,0.00625000000000000,6
0.555555555555556,0.555555555555556,0.555555555555556,1.26341004351803e-32,0,0,0,0,6
0.555555555555556,0.555555555555556,0.555555555555556,6.09223557782097e-31,0,0,0,0,6
0.555555555555556,0.555555555555556,0.555555555555556,1.26341004351803e-32,0,0,0,0,6
0.555555555555556,0.555555555555556,0.555555555555556,1.26341004351803e-32,0,0,0,0,6
1.38888888888889,1.38888888888889,1.38888888888889,8.08582427851537e-31,0,0,0,0,6
1.38888888888889,1.38888888888889,1.38888888888889,4.02833536166121e-30,0,0,0,0,6
1.38888888888889,1.38888888888889,1.38888888888889,8.08582427851537e-31,0,0,0,0,6
1.38888888888889,1.38888888888889,1.38888888888889,8.08582427851537e-31,0,0,0,0,6
1,1,1,0,0,0,0,0,6
1,1,1,0,0,0,0,0,6
1,1,1,0,0,0,0,0,6
1,1,1,0,0,0,0,0,6
1,1,1,0,0,0,0,0,6
1,1,1,0,0,0,0,0,6
1,1,1,0,0,0,0,0,6
1,1,1,0,0,0,0,0,6
1,2,1,0.102403846153846,0,0.500000000000000,0,0.0177884615384616,6
1,1,1,0,0,0,0,0,6
1,1,1,0,0,0,0,0,6
1,1,1,0,0,0,0,0,6
1,2,1,0.163719512195122,0,0.500000000000000,0,0.0173780487804878,6
1,1,1,0,0,0,0,0,6
1,2,1,0.163719512195122,0,0.500000000000000,0,0.0173780487804878,6
1,1,1,0,0,0,0,0,6
1,1,1,0,0,0,0,0,6
1,1,1,0,0,0,0,0,6
1,2,1,0.117948717948718,0,0.500000000000000,0,0.0121794871794872,6
1,2,1,0.115548780487805,0,0.500000000000000,0,0.0118902439024390,6
1,1,1,0,0,0,0,0,6
1,1,1,0,0,0,0,0,6
1,1,1,0,0,0,0,0,6
1,1,1,0,0,0,0,0,6
1,1,1,0,0,0,0,0,6
4.16666666666667,4.16666666666667,4.16666666666667,3.23432971140615e-30,0,0,0,0,6
4.16666666666667,4.16666666666667,4.16666666666667,1.98930141316603e-29,0,0,0,0,6
4.16666666666667,4.16666666666667,4.16666666666667,3.23432971140615e-30,0,0,0,0,6
4.17000002331204,4.17000002331204,4.17000002331204,8.08582427851537e-31,0,0,0,0,6
4.16666666666667,4.16666666666667,4.16666666666667,3.23432971140615e-30,0,0,0,0,6
3,3,3,0,0,0,0,0,6
3,3,3,0,0,0,0,0,6
3,3,3,0,0,0,0,0,6
3,3,3,0,0,0,0,0,6
3,3,3,0,0,0,0,0,6
3,3,3,0,0,0,0,0,6
3,3,3,0,0,0,0,0,6
3,3,3,0,0,0,0,0,6
1,1,1,0,0,0,0,0,6
1,1,1,0,0,0,0,0,6
1,1,1,0,0,0,0,0,6
1,1,1,0,0,0,0,0,6
1,1,1,0,0,0,0,0,6
0,1,0,0.0350609756097561,0,0.500000000000000,0,0.0118902439024390,6
120,120,120,0,0,0,0,0,6
120,120,120,0,0,0,0,0,6
120,120,120,0,0,0,0,0,6
120,120,120,0,0,0,0,0,6
120,120,120,0,0,0,0,0,6
2.22222222222222,2.22222222222222,2.22222222222222,1.81931046266596e-30,0,0,0,0,6
2.22222222222222,2.22222222222222,2.22222222222222,9.74757692451355e-30,0,0,0,0,6
2.22222222222222,2.22222222222222,2.22222222222222,1.81931046266596e-30,0,0,0,0,6
2.22222222222222,2.22222222222222,2.22222222222222,1.81931046266596e-30,0,0,0,0,6
2.22222222222222,2.22222222222222,2.22222222222222,1.81931046266596e-30,0,0,0,0,6
2,2,2,0,0,0,0,0,6
2,2,2,0,0,0,0,0,6
2,2,2,0,0,0,0,0,6
2,2,2,0,0,0,0,0,6
2,2,2,0,0,0,0,0,6
2,2,2,0,0,0,0,0,6
2,2,2,0,0,0,0,0,6
2,2,2,0,0,0,0,0,6
40,40,40,0,0,0,0,0,6
40,40,40,0,0,0,0,0,6
40,40,40,0,0,0,0,0,6
40,40,40,0,0,0,0,0,6
40,40,40,0,0,0,0,0,6
40,40,40,0,0,0,0,0,6
40,40,40,0,0,0,0,0,6
40,40,40,0,0,0,0,0,6
60,60,60,0,0,0,0,0,6
60,60,60,0,0,0,0,0,6
60,60,60,0,0,0,0,0,6
60,60,60,0,0,0,0,0,6
60,60,60,0,0,0,0,0,6
60,60,60,0,0,0,0,0,6
60,60,60,0,0,0,0,0,6
60,60,60,0,0,0,0,0,6
16.4822302924262,21.0422261555990,18.0572128295899,1.44635207082208,0,1.25769267543982,0.00795766453223430,0.0826625627610768,8
14.8922189076741,16.6322241889106,16.0072082943387,0.165686641155249,0.000633824526663698,0.842992572946533,0.0518275091117068,0.0505540237971848,8
44.7022289699978,60.7472101847331,56.5172153049045,23.1682965064102,0.0112345272223847,86.6747619005046,0.733150418448962,185.192876159386,8
57.1272150675456,76.9122187296550,75.9472232394749,67.2958422957255,0.0102924399074130,68.2338140983452,0.0700377162120574,113.131907957238,8
15.7972176869711,21.0422261555990,18.1172264946832,2.36869783384376,0,2.00684951547379,0.00173354834679046,0.0797706610547518,8
14.4672160678440,16.6372288597955,15.6822268168132,0.213435245858487,0,1.00463198719550,0.00576709885255043,0.0251909504364147,8
43.5522206624349,61.6422314114041,48.4947257571750,18.5273410464462,0.00162507271758856,44.0198034103458,0.236323798581829,18.5794789858313,8
56.3522254096137,76.8372090657552,57.2622214423286,70.1478884234212,5.01146761377703e-05,18.6804008872981,0.0907768851693213,3.78977769490404,8
19.9616622924804,22.6566696166992,21.6416719224718,0.481439313073966,0.000166709735077579,0.960034571495524,0.00336716414797717,0.0223654868511207,8
21.9222344292535,24.4272232055664,23.2022306654188,0.751683778907103,5.01146761378059e-05,0.0326335797042184,0.000491494056817453,2.50977368565423e-05,8
22.0872116088867,22.9172282748753,22.2522205776639,0.0806507161556432,5.01146761377703e-05,0.000691789910165604,0.000233303083856754,2.45457410789394e-08,8
16.5366543663500,22.7622773912500,17.1117125617000,2.78449185095080,0.000200076979405826,6.45712470168930,0.00513443304236455,1.07264331441538,8
72.6480712890625,74.7542724609375,73.3321304321289,0.499435007881375,0,0.0279784398347343,0.0100469731260068,4.69836186123201e-05,8
20.8822250366211,22.2572241889106,21.5522215101454,0.165423980324813,0,0.00966754718462073,0.000699810267110047,4.59535350508012e-06,8
20.7322311401367,22.1822102864583,21.4672300550672,0.178234588837981,0,0.0106988693244941,0.000700502616397929,6.79663068857309e-06,8
0.00486191523485506,0.00490923322245460,0.00490627655331766,2.46655513299447e-10,0,1.39936999555852e-10,0,1.60337775122472e-21,8
20.3472201029460,21.1322233412001,20.8697191874186,0.0447843677580310,0,0.00562577146328817,0.000649808710407449,1.20901244761704e-06,8
20.3422164916992,21.1072158813477,20.8422247568766,0.0421431328618096,4.97757782012826e-05,0.00442594555427077,0.000650253781183522,9.27041153180688e-07,8
14.2164230346680,16.1166138119168,15.5515564812554,0.197052694032041,0.0219043596533578,2.02869627843893,0.650955883870464,0.279189630637145,8
18.5572115580241,20.9322102864583,19.5372072855632,0.468034718303358,0.000166370741326024,0.232291885693520,0.00246644342618138,0.00381587106161288,8
21.7722235785591,22.1272193060981,21.9822311401367,0.00835150480630149,0,0.00964865949181691,9.98902207898323e-05,2.26021784884951e-06,8
17.4122238159180,19.6172099643284,17.9872194925944,0.225933995621629,0,0.00966751894312583,0.000758037284169291,3.01659854079783e-06,8
16.3372113969591,17.4322276645237,17.0022190941705,0.0599647187111823,0,0.0148248969820430,0.000933296970091481,3.31651699570354e-06,8
13.7113730112500,15.9165922800500,15.0765090518500,0.105686149073376,0.00605127943363551,5.28202330640424,0.0651128904082957,0.676471726003251,8
5.25052494473000,6.57565752665500,5.75557602776500,0.0516329939331420,0.00125021617534553,0.659130881133802,0.00446758043224165,0.0115266572732483,8
12.0691596137000,27.6457171970000,16.3945918613000,13.1182586208997,0.00250064430150718,59.5165927936803,0.430384038697451,131.729847274536,8
20.5797025892470,23.8224262661404,21.7330084906684,0.301727847379400,0.317177049828935,8.18663966266904,0.798684448067970,1.84746887322049,8
13.3699713812934,24.1124810112847,21.4827940199110,2.79652416567119,0.00402982098451971,35.6159857981344,0.632100968342726,49.5950422149530,8
16.6716681586000,18.9468955994000,18.2518280877000,0.411432481101283,0.000800138353981276,0.105687809076803,0.0342989358795630,0.000868441802644736,8
14.0914101071000,16.4316452874000,14.5964611901000,0.302865249449218,0.000400069176990674,2.85447208122178,0.110313838516351,0.280727751056435,8
9.86998664008000,10.0800090366000,10.0000021192550,0.00149297266450572,0.000200034587295215,0.119915325640458,0.00246717803109443,0.000389792688062335,8
9.81273227267500,10.1077609592000,10.0177531772000,0.00261770698243475,0.000933494744978064,0.0341649577743648,0.0108355318406536,6.24882896093405e-05,8
5.25052600437000,5.94059414334000,5.78057818942500,0.0363812870185348,0,0.461942483401998,0.00113352933254000,0.00849815090062025,8
5.06050745646500,9.57595825195000,5.65056482951000,0.908643238757831,0.000200034588095284,4.45005649354116,0.00280056901296104,0.487522951890988,8
15.1815202501000,16.8316841125000,15.7465754615000,0.209402027430019,0,2.04363494610049,0.00223371956836423,0.185090888456306,8
12.7212736342000,13.1113115946000,12.9712973701000,0.00503451887726775,0.000200034587495215,0.0450424920146688,0.00470096824574086,7.77693439346328e-05,8
12.6612663269000,13.0013020833000,12.9112921821000,0.00338433342448487,0.000200034587495215,0.0410413904685089,0.00343406839571614,6.44175228921735e-05,8
7.40024036831000,18.4713490804000,10.3555361430000,8.07358878428117,0.000800138349980930,10.2700806117585,0.00730145322056773,2.71156103759999,8
20.2991867065430,21.2576527065701,20.9608989291721,0.0326037377615155,25.9948367760913,61.1428236439646,47.3734085750220,100.801027455551,8
9.92223315768772,10.3472211625841,10.0272136264377,0.00436935133360087,0,0.224437698024205,0.00275829821595483,0.00120655370183652,8
9.81221728854709,10.0972059037950,10.0172191196018,0.00480497634271616,0.000633725534715865,0.0544461284054151,0.0112492965279544,0.000104090842540834,8
7.26721869574653,18.4872203403049,10.3572305043538,8.15033833038699,0.000399560667574406,9.52022303884690,0.00966764609273275,2.36484276200637,8
16.6722318861220,20.8822250366211,18.4122212727865,1.42618707354005,0.000400154032396212,1.78772952608900,0.00402626487082217,0.149262345730074,8
14.3672243754069,25.6222152709961,18.3422173394097,5.17341507327181,0.000200458704551152,123.841087686040,0.156876623462664,375.845343280553,8
21.7972183227539,33.8572141859267,31.8397193484836,14.0744655262832,0.00189211044656520,21.6257473867605,0.536887859882982,22.1021312868495,8
23.2972166273329,35.0122282240125,30.3597164154053,10.4293136556617,0.00342415477772881,11.3770380125197,1.19206462583075,11.6244224370364,8
17.2367244296500,17.5617557102000,17.4717479282000,0.00531744444798813,0.000200034587495286,0.0496427647428722,0.000933508876363648,6.53384782556436e-05,8
21.5271547105500,22.9823006524000,22.2322252062000,0.122443265615971,0.00323413272242756,1.25620653656534,0.0360737801028778,0.0428774694828144,8
18.2540278964500,22.6044633653000,20.6442684597000,1.16595799444171,0.000200034587495215,1.10988816070843,0.00125032215075359,0.0530468702547085,8
9.78097915649000,26.3076337178500,15.2215237088000,12.4067869830184,0,62.8597059884180,0.264478472921978,160.890205488721,8
6.97222073872884,27.1972105238173,9.46721606784394,50.7268338784185,0.0134986470891343,116.167266469708,0.580884671220063,329.282167443918,8
6.19222217135960,8.10222625732422,6.83722601996528,0.301957806196473,0,2.76762108163288,0.0176911375799847,0.190580398042276,8
21.1712265015000,22.5628238254000,21.9036483765000,0.100629458539159,0,0.0460147857666016,0.00119209289550781,0.000146865476850978,8
12.7112717098500,19.6869723002000,17.5117535061000,1.73891472738330,0,7.48832104530215,0.000933565392583066,3.74687227998675,8
15.3322050306532,39.8222266303168,21.2672180599637,12.7595926066111,0.0142791122290483,176.492076254045,7.05452986299246,1407.86602615048,8
23.7272262573242,66.5322197808160,42.8372234768338,82.5640918707933,1.06109214315247,117.769725224697,56.4947810831846,1037.42588405799,8
24.3622059292264,29.7222179836697,27.6622221204970,1.20329870369660,5.01146761377703e-05,0.269097408987350,0.0106988693244934,0.00207427003526810,8
24.0522236294217,30.3472201029460,27.1872308519152,1.90609943156800,4.97757782013180e-05,0.153224402743695,0.00299899305144545,0.000628738651761101,8
5.92059241401000,11.5611574385000,9.30593172709000,2.98379787844708,0.000200034588095284,8.16572785443080,0.0124942084865053,1.87198297804668,8
70.1098175048828,89.4077453613281,73.2511291503907,14.5938111686093,0,19.5914573349827,0.00421300311184517,5.92935878339681,8
35.3122160169814,57.8672239515517,46.2772115071615,20.1605808763066,0.000699909155760025,43.1396608190718,0.140198842215324,22.4188440780974,8
20.5772166781956,28.1222152709961,25.2672174241808,3.64472969749343,0.000233811915827113,4.10473652590717,0.0392228717828346,0.486696285043345,8
20.2122116088867,25.2722083197700,22.0322163899740,0.999295802520694,0.000570013921171274,4.46078224716296,0.725922269906394,1.44554142315855,8
49.2299249437000,65.3165351020000,62.9162936740500,35.4832177346233,0.0276385361494062,10.3163574381815,0.388678932405455,2.57117052011255,8
52.4672147962782,77.1422322591146,57.4922095404731,67.8929951518242,0.00116725000955106,70.5461701467992,0.0736668317110765,36.0059769181031,8
37.0872094896105,49.5622168646918,48.8972218831380,20.4700052134580,0.000699570162008482,23.7481896093685,0.0105314250650259,17.2817971759314,8
21.9322119818793,68.5122299194336,50.9622107611762,225.653805443718,31.4947442866951,616.783262855247,488.957786216322,28465.1350110854,8
59.8459879557500,81.4081488715000,79.7579786512500,74.9111020689394,0.0224341376236960,94.4437457591368,0.139692487993987,216.493984773318,8
14.6522288852268,47.6922204759386,22.6422203911675,89.8260965439116,0,161.308078845640,0.0505623894926521,477.477343657101,8
26.2922286987304,70.0272284613715,43.8022062513563,114.486495177237,4.98180775635717e-05,251.167481990603,0.139199319133171,1131.15174258604,8
59.8259862264000,81.3681411743000,79.6879747179000,74.5554604957044,0.0114356073546276,74.8021676168748,0.148661906373379,135.635734568285,8
34.3434354994000,41.1641184489000,37.0987108019000,4.18072835071107,0.000891767886708261,0.00943554406209443,0.00296743406415165,4.16587555897972e-06,8
38.7738800049000,42.3742379083000,39.9740007189000,1.31360355790272,0,0.00503423205990513,0.00125032215075359,2.20499693639753e-06,8
29.8231430053711,39.8176193237305,38.8258132934570,14.8236908785042,0.00339544688661640,24.6249592165229,0.0591754603471333,14.6916067935437,8
0,0,0,0,0,0,0,0,8
49.0549087524000,65.3165351020000,62.5912602742500,34.7976821059307,0.0103016258680552,9.42644823832505,0.281030135951780,2.27169064306394,8
60.1910273234000,81.6281721327000,80.2630318535500,76.6491637244421,0.00913522372014361,92.0205383350127,0.130892492145468,205.611604668430,8
31.6732673645020,35.4879608154297,34.6296539306641,1.61228644063479,0.0100650746996220,2.71130618057647,0.0746998315056064,0.172944995412915,8
0,17.2700004577637,0,54.8341761124222,0,62.5866609129908,0,95.3634311347382,8
20.7822163899740,52.4822277492947,22.3572307162815,24.4032705971881,0.00189024814853360,386.827082940144,0.595451256830448,3951.86169982672,8
20.8772193060981,65.5822075737847,22.5022210015191,52.7977582523518,0.00228573423621371,441.706529354556,0.854791800787670,6664.15181149028,8
3.33333333333333,3.33333333333333,3.33333333333333,2.02145606962884e-31,0,0,0,0,8
16.9972504510000,22.3577880859000,18.0773586697000,1.79631377599144,0,1.81979922174972,0.00603456042581952,0.137195145348225,8
13.7279743618000,26.9542948405000,18.4484439426000,7.83848147486940,0.000400153960308868,15.7829563640747,0.204731301541304,3.28426171764684,8
5.99222607082791,32.1522140502930,8.65221341451009,85.3259522442149,0.00109123390753558,219.306227935998,2.66245679638387,1172.19486108021,8
2.75222036573622,8.15721829732259,5.65721829732259,1.60825247842790,0,19.3817580694695,0.396162259729348,23.6798215783995,8
61.2561289469000,86.3986460368000,85.8385891384500,111.429003683493,0.00319987521721654,145.627584754529,0.0503433661994642,515.911506089864,8
86.7936833699500,87.4587504069000,87.1437157525000,0.0412205927365751,0,0.164729373454829,0.0174359102589491,0.00115867607741497,8
19.5219527350500,20.1320139567000,19.8769866096000,0.0354435509218242,0,0.0175034503519784,0.00125032215075359,1.28506234889058e-05,8
20.3050316705000,20.9400939941000,20.7650756836000,0.0433141717152084,0,0.00729298067938663,0.00250043235018803,3.78862794084150e-06,8
19.8369852702000,22.5622579786500,21.2671279907000,0.569462230450764,0,0.271146458564633,0.0128028918753203,0.00410016400140681,8
18.0522070990668,22.5822067260742,20.4672156439887,1.18345972814474,0,1.30137591703467,0.00605174573138083,0.0623106463458739,8
18.1774160597000,22.6028590732000,20.4626443651000,1.15824516564009,0,1.12129168585354,0.00583420085789337,0.0514490166672909,8
1.85811109013028,1.85811109013028,1.85811109013028,5.05364017407211e-32,1.50487496323989,1.50487496323989,1.50487496323989,1.26341004351803e-30,8
1.37999998198615,1.37999998198615,1.37999998198615,4.54827615666490e-31,0,0,0,0,8
4.15999968846639,4.15999968846639,4.15999968846639,3.23432971140615e-30,0,0,0,0,8
17.5383037991000,29.5295037163500,18.5484059652000,6.92634398290549,0.00125032215075359,9.98319298044331,0.0166703968098838,2.43156602823642,8
21.4421463013000,22.6322640313000,21.6646692488000,0.140446493343922,0,0.00760131434482095,0.000200034587495286,1.41641667601291e-06,8
5.22052341037000,7.01570192973000,5.78057818942500,0.0814902592238387,0,0.846926457816536,0.00113358585241604,0.0174438931004789,8
21.0421074761000,21.9922002157000,21.6821712918000,0.0584668013046965,0.000800138353981276,0.132426458035690,0.0379079532947732,0.000842665534478725,8
20.9120941162000,21.7221747504000,21.3721381293000,0.0456291495678841,0.00235882949255636,0.207941634484377,0.0847083303135158,0.00253049862396211,8
21.3371340433500,22.1422153049000,21.7171753777000,0.0474429736340738,0.000450141407107136,0.0449005359090019,0.00229215836616928,6.88327201294324e-05,8
22.0376057095000,23.9778031243500,22.2476281060000,0.268976093704391,0.000200034587495286,0.160898386860671,0.00810178232303495,0.000761108465303877,8
21.1022271050347,21.1022271050347,21.1022271050347,4.65743478442485e-28,0,0,0,0,8
21.1022271050347,21.1022271050347,21.1022271050347,4.65743478442485e-28,0,0,0,0,8
0.00222312079535590,0.00222312079535590,0.00222312079535590,7.71124294139421e-37,0,0,0,0,8
20.7611126369900,20.7611126369900,20.7611126369900,1.29373188456246e-29,0,0,0,0,8
21.3758765326606,21.6890483432346,21.5033785502116,0.00643326196490232,2.41026426035012e-06,0.000909992429671889,5.63201816933029e-05,4.24742016504691e-08,8
19.5122273763000,20.5072254604500,19.9772093031500,0.0534204064679003,5.01146756772733e-05,361.635917610233,0.00179971790553023,3189.62638119439,8
30.7122103373210,44.9122195773654,36.8172200520834,9.44958541419216,0.0404660353210034,35.6139783760611,2.77124420677902,83.4882010402701,8
42.8522237141927,56.3522084554037,54.8672061496310,26.4504117862713,0.0210341732815255,19.8450004152204,0.204968712524173,9.60027310111438,8
38.1822119818793,49.1622204250760,47.3122151692708,6.07444540220245,0.00629567084161048,91.4445580676754,0.0639342876581457,204.105008941039,8
51.6172239515517,68.0422295464410,67.4722205268012,42.3990701516109,0.0135579393399598,54.1244124346095,0.120553233332802,71.0094759351913,8
28.7572224934896,53.7522210015191,50.5622143215604,54.2276551727879,32.4052614910781,240.265123753734,147.315950556012,2454.03799130486,8
27.9122204250760,68.6222161187066,61.4322068956163,137.698160913986,34.3493848406156,487.411749594352,321.212685326400,13460.1788687390,8
6.53665966457791,26.6116566128201,8.66666528913710,50.7498258060857,0.0406598640763007,78.9097312831853,1.49426093725760,180.127805571025,8
5.98722034030491,32.0622168646919,8.44221485985650,80.3762084433483,0.00674596851128506,198.341826183595,4.49083929137216,1045.27342993454,8
5.03110779656305,6.99610498216417,5.76110415988498,0.304171002281543,0,0.890056627158899,0.0287897814562810,0.0341312421786393,8
3.49723074171278,8.15721829732259,5.71721606784397,1.29790756885200,0,12.9192254382683,1.57834412178530,11.2440024492547,8
-6.19061999850803,10.7110722859701,6.48064931233724,46.7011479576163,0.00179029684734091,35.3708185795250,0.00982874782615932,55.1702312904985,8
-6.25062518650000,10.7310729556500,-0.410040749445500,50.4713046218706,0.000633471122052638,36.6773393562567,0.0100670617483023,50.9397279867156,8
-2.81028111775716,12.0912085639106,10.2460257212321,38.1144898836855,0.000891873859482810,37.3165721076611,0.00563110718140693,47.9392705202817,8
-0.440043873257108,4.72047170003255,0.780078040228950,1.14523508620097,0.00122528956702576,2.17912347931643,0.00613122756341775,0.173002568048302,8
5.74057473076714,16.2916310628255,9.32093302408855,10.4198530990288,0.000400069176167581,22.5968180248396,0.0121004602179809,22.4287776366144,8
8.59519004821777,9.39333809746637,8.94327057732476,0.0511263358111542,1.92694137189836e-05,0.0325713127622235,0.00130235538125392,3.32731409185746e-05,8
8.11175982157389,10.0469377305773,9.26979806688097,0.155939274848434,1.72968675504956e-06,0.394711565149526,0.000837616041988393,0.00276452628872339,8
10.4586813184950,13.6876085069444,13.3830155266656,1.22848123659788,0.000278208960327813,0.539273173119923,0.00231412729998323,0.00705153105352719,8
9.26943037245009,14.0645790100098,12.8140947553847,1.44966038762044,0.00177464719783124,1.81264876043952,0.0273152887305562,0.139224315244596,8
8.83536550733779,9.85795232984754,9.30079989963108,0.0733467074979531,0.000996119242438046,0.513300714610574,0.194485664275813,0.0215093650713869,8
2,2,2,0,2,2,2,0,8